vehicle.car 57.9543 1149.7442 0.0089 0.5987 0.1161 151.1376 4.9145 2.1034 1.5079 -6.5201 5.1358 0.3054 4
vehicle.car 101.2794 1155.9410 -0.0114 1.0456 0.1235 60.9759 4.9954 2.1385 1.4855 13.4908 18.8394 -0.0963 29
vehicle.truck 37.8861 1153.4863 1.0343 0.1786 0.8987 -118.8788 8.8288 3.1457 3.5018 -6.5201 5.1358 0.3054 25
vehicle.car 22.3122 1125.5123 0.0818 1.5894 0.0902 -118.9735 4.9954 2.1385 1.4837 -6.5201 5.1358 0.3054 21
vehicle.car 31.0760 1120.6570 -0.0800 0.8492 1.8009 2.4169 4.9047 2.1309 1.4801 -6.5201 5.1358 0.3054 17
vehicle.car 127.3429 1213.7310 0.8273 0.4114 0.2275 -85.8513 6.1926 2.4695 2.8623 -6.5201 5.1358 0.3054 11
vehicle.car 30.4840 1161.0580 0.1846 -0.6663 0.4404 -28.9566 4.7997 2.0992 1.7192 -6.5200 5.1358 0.3054 19
vehicle.car 32.1030 1143.0952 0.8185 1.1199 0.3775 -119.0504 6.1926 2.4695 2.8623 -6.5201 5.1358 0.3054 7
vehicle.car 14.9614 1169.6249 0.1202 -0.7338 1.0400 -29.7350 4.6350 2.1608 1.6715 -6.5201 5.1358 0.3054 13
vehicle.truck 83.7565 1236.6690 0.5159 0.4504 0.6358 -114.5058 6.5575 2.5166 2.5270 -6.5201 5.1358 0.3054 23
vehicle.car 66.5310 1144.9969 0.0793 0.4295 0.9151 151.0417 4.6350 2.1608 1.6713 -6.5201 5.1358 0.3054 16
vehicle.bus.rigid 77.3165 1224.5915 1.0944 0.9725 0.5474 -118.7035 12.0306 2.8726 3.5489 -6.5201 5.1358 0.3054 20
vehicle.car 47.0799 1170.0863 0.2044 0.7211 0.5264 -118.9407 4.7000 2.2032 1.7322 -6.5201 5.1358 0.3054 24
vehicle.car 118.7123 1194.5504 0.0974 1.3926 0.2671 -119.0035 4.6495 2.1154 1.5585 -6.5201 5.1358 0.3054 12
vehicle.truck 84.9346 1227.9592 1.0198 0.2621 0.9932 60.9993 8.8288 3.1457 3.4955 -6.5201 5.1358 0.3054 30
vehicle.car 27.0115 1133.9671 0.1428 1.5559 0.9838 -118.8749 4.6350 2.1608 1.6762 -6.5201 5.1358 0.3054 26
vehicle.car 54.9713 1174.0055 0.1917 1.2349 0.4349 61.1692 4.7997 2.0992 1.7220 -6.5201 5.1358 0.3054 22
vehicle.bus.rigid 45.9766 1209.7309 1.0650 0.2826 0.2544 -29.0708 12.0306 2.8726 3.5495 -6.5201 5.1358 0.3054 9
vehicle.car 26.3381 1112.9394 -0.0606 -1.0243 -1.3134 -177.5593 4.9145 2.1583 1.5012 -6.5201 5.1357 0.3054 18
vehicle.car 43.3938 1163.4387 0.0604 0.3332 0.1749 -119.0706 4.9145 2.1034 1.5006 -6.5201 5.1358 0.3054 14
vehicle.car 78.9248 1217.1263 0.1196 0.4489 0.3464 60.9308 4.3470 2.0651 1.5943 -6.5201 5.1358 0.3054 10
vehicle.truck 123.7072 1203.5701 0.5847 1.5503 0.7343 -117.9518 6.5575 2.5166 2.5069 -6.5201 5.1358 0.3054 6
vehicle.car 57.3001 1178.2146 0.0465 1.2228 0.3871 61.1456 4.8306 2.0307 1.4361 -6.5201 5.1358 0.3054 2
vehicle.car 22.8707 1165.2622 0.0177 -0.5880 0.3521 -28.8021 4.8306 2.0307 1.4369 -6.5200 5.1358 0.3053 15
