vehicle.car 0.3339 1094.2095 -0.0437 2.1416 0.2876 -119.2723 4.3470 2.1044 1.6213 27.8237 4.6040 -0.2360 28
vehicle.car 57.9543 1149.7440 0.0089 0.5987 0.1161 151.1376 4.9145 2.1034 1.5079 27.8237 4.6040 -0.2361 4
vehicle.car 45.8556 1149.8897 0.0753 -0.7617 0.3884 21.0497 4.9954 2.1385 1.4855 25.7952 -12.7689 -0.2341 29
vehicle.truck 54.1860 1182.8910 1.0426 0.3954 0.1981 -119.0305 8.8288 3.1457 3.5018 11.3402 23.1259 0.1336 25
vehicle.car 22.3122 1125.5121 0.0818 1.5894 0.0902 -118.9734 4.9954 2.1385 1.4837 27.8237 4.6040 -0.2361 21
vehicle.car 31.0760 1120.6567 -0.0800 0.8492 1.8009 2.4169 4.9047 2.1309 1.4801 27.8237 4.6040 -0.2361 17
vehicle.car 127.3428 1213.7308 0.8273 0.4114 0.2275 -85.8512 6.1926 2.4695 2.8623 27.8237 4.6040 -0.2361 11
vehicle.truck 15.2722 1121.2863 0.4060 -3.0034 0.7297 60.9002 6.5575 2.5166 2.5104 27.8237 4.6040 -0.2360 27
vehicle.car 30.4840 1161.0577 0.1846 -0.6663 0.4404 -28.9566 4.7997 2.0992 1.7192 27.8237 4.6039 -0.2360 19
vehicle.car 40.5809 1158.3441 0.8174 -0.0721 0.3671 -118.9762 6.1926 2.4695 2.8623 16.9693 16.6770 -0.0582 7
vehicle.car 66.5310 1144.9967 0.0793 0.4295 0.9151 151.0418 4.6350 2.1608 1.6713 27.8237 4.6040 -0.2361 16
vehicle.car 18.6233 1212.9302 0.0324 0.5596 -0.5600 58.7877 4.9145 2.1034 1.4979 37.6811 -7.5271 -0.3503 32
vehicle.car 81.2289 1231.6210 0.1853 0.7358 -0.1365 -117.4130 4.7000 2.2032 1.7322 10.9125 22.9085 0.5551 24
vehicle.car 118.7122 1194.5502 0.0974 1.3926 0.2671 -119.0035 4.6495 2.1154 1.5585 27.8236 4.6040 -0.2360 12
vehicle.truck 84.9346 1227.9590 1.0198 0.2621 0.9932 60.9994 8.8288 3.1457 3.4955 27.8237 4.6040 -0.2361 30
vehicle.car 27.0122 1133.9678 0.1473 1.5563 0.8674 -118.8731 4.6350 2.1608 1.6762 27.8188 4.6108 -0.2548 26
vehicle.car 54.9713 1174.0053 0.1917 1.2349 0.4349 61.1692 4.7997 2.0992 1.7220 27.8237 4.6040 -0.2361 22
vehicle.bus.rigid 45.9766 1209.7307 1.0650 0.2826 0.2544 -29.0708 12.0306 2.8726 3.5495 27.8237 4.6040 -0.2361 9
vehicle.car 26.3381 1112.9392 -0.0606 -1.0243 -1.3134 -177.5593 4.9145 2.1583 1.5012 27.8237 4.6040 -0.2361 18
vehicle.car 67.7565 1207.3242 0.0386 0.6182 0.0427 -119.0696 4.9145 2.1034 1.5006 12.7781 21.5287 -0.1388 14
vehicle.car 78.9248 1217.1261 0.1196 0.4488 0.3464 60.9309 4.3470 2.0651 1.5943 27.8237 4.6040 -0.2360 10
vehicle.truck 123.7072 1203.5700 0.5847 1.5503 0.7343 -117.9518 6.5575 2.5166 2.5069 27.8237 4.6040 -0.2361 6
vehicle.car 57.3001 1178.2144 0.0465 1.2228 0.3871 61.1456 4.8306 2.0307 1.4361 27.8237 4.6040 -0.2361 2
vehicle.car 34.9889 1215.8491 0.0490 0.3273 -0.1852 -27.3212 4.9954 2.1385 1.4884 27.8237 4.6040 -0.2360 8
vehicle.car 6.2846 1182.9661 0.1817 -0.5692 0.7665 111.4735 4.7997 2.0992 1.7226 34.3351 4.0243 -0.3689 5
