vehicle.car 0.3339 1094.2093 -0.0437 2.1416 0.2876 -119.2723 4.3470 2.1044 1.6213 -14.4938 13.7594 1.0926 28
vehicle.car 57.9543 1149.7439 0.0089 0.5987 0.1161 151.1376 4.9145 2.1034 1.5079 -14.4938 13.7594 1.0926 4
vehicle.car 13.3418 1098.9695 0.0988 1.4428 0.0865 61.1142 4.9954 2.1385 1.4855 17.5517 33.8658 0.0648 29
vehicle.car 26.9414 1133.8413 0.0813 1.5312 0.1220 -118.9918 4.9954 2.1385 1.4837 -31.1883 3.3061 1.6390 21
vehicle.car 31.0760 1120.6566 -0.0800 0.8492 1.8009 2.4169 4.9047 2.1309 1.4801 -14.4939 13.7594 1.0926 17
vehicle.truck 15.2722 1121.2861 0.4060 -3.0034 0.7297 60.9002 6.5575 2.5166 2.5104 -14.4938 13.7594 1.0926 27
vehicle.car 30.4841 1161.0576 0.1846 -0.6663 0.4404 -28.9566 4.7997 2.0992 1.7192 -14.4939 13.7594 1.0926 19
vehicle.car 62.5879 1198.0088 0.7808 0.0688 -0.0732 -119.0391 6.1926 2.4695 2.8623 -35.4552 0.6688 1.7131 7
vehicle.car 4.0967 1193.6164 0.1088 -1.1765 0.9668 -114.6159 4.6350 2.1608 1.6715 -25.7895 4.7792 1.4527 13
vehicle.car 66.5310 1144.9966 0.0793 0.4295 0.9151 151.0418 4.6350 2.1608 1.6713 -14.4938 13.7594 1.0926 16
vehicle.bus.rigid -3.6213 1078.8319 1.0995 1.5497 0.3056 -118.8444 12.0306 2.8726 3.5515 -40.9799 -2.9117 1.9985 31
vehicle.car 6.6858 1190.8805 0.0479 -0.9305 0.4156 74.4819 4.9145 2.1034 1.4979 -14.3046 13.9101 1.0867 32
vehicle.car 40.8206 1158.7834 0.1506 0.0432 0.8064 -118.9455 4.6350 2.1608 1.6762 -28.0200 5.2440 1.5953 26
vehicle.car 44.1037 1154.2939 0.1849 0.2564 0.3315 60.9210 4.7997 2.0992 1.7220 15.3405 32.3168 0.2518 22
vehicle.bus.rigid 45.9767 1209.7306 1.0650 0.2826 0.2544 -29.0708 12.0306 2.8726 3.5495 -14.4938 13.7594 1.0926 9
vehicle.car 26.3381 1112.9391 -0.0606 -1.0243 -1.3134 -177.5593 4.9145 2.1583 1.5012 -14.4938 13.7594 1.0926 18
vehicle.car 16.2106 1168.9122 0.0085 -0.6532 0.4478 -29.0423 4.8306 2.0307 1.4369 -7.0631 2.0913 0.9028 15
vehicle.car 10.7939 1176.3741 0.1686 -0.6863 0.2665 143.4534 4.7997 2.0992 1.7226 -18.4835 24.6923 1.2567 5
