vehicle.car 0.3339 1094.2091 -0.0437 2.1416 0.2876 -119.2723 4.3470 2.1044 1.6213 20.8838 9.3347 -0.1624 28
vehicle.car 57.9543 1149.7436 0.0089 0.5987 0.1161 151.1376 4.9145 2.1034 1.5079 20.8839 9.3347 -0.1624 4
vehicle.car 43.4671 1148.8884 0.0777 -0.6001 0.1638 35.8649 4.9954 2.1385 1.4855 28.8660 -9.1860 -0.3400 29
vehicle.truck 55.8710 1185.9344 1.0309 0.4538 0.4077 -118.9732 8.8288 3.1457 3.5018 0.2271 24.0407 0.3474 25
vehicle.car 22.3122 1125.5117 0.0818 1.5894 0.0902 -118.9734 4.9954 2.1385 1.4837 20.8839 9.3347 -0.1624 21
vehicle.car 31.0760 1120.6563 -0.0800 0.8492 1.8009 2.4169 4.9047 2.1309 1.4801 20.8839 9.3347 -0.1624 17
vehicle.car 127.3428 1213.7304 0.8273 0.4114 0.2275 -85.8512 6.1926 2.4695 2.8623 20.8839 9.3347 -0.1624 11
vehicle.truck 15.2722 1121.2858 0.4060 -3.0034 0.7297 60.9002 6.5575 2.5166 2.5104 20.8839 9.3347 -0.1623 27
vehicle.car 30.4840 1161.0573 0.1846 -0.6663 0.4404 -28.9566 4.7997 2.0992 1.7192 20.8839 9.3347 -0.1624 19
vehicle.car 41.6588 1160.3050 0.8069 0.2090 0.0239 -118.9801 6.1926 2.4695 2.8623 7.8647 18.6979 0.0998 7
vehicle.car 66.5310 1144.9963 0.0793 0.4295 0.9151 151.0418 4.6350 2.1608 1.6713 20.8839 9.3347 -0.1624 16
vehicle.car 82.8082 1234.6925 0.1368 0.3539 0.4788 -115.6518 4.7000 2.2032 1.7322 -0.0071 22.9620 0.4717 24
vehicle.car 118.7122 1194.5498 0.0974 1.3927 0.2671 -119.0035 4.6495 2.1154 1.5585 20.8839 9.3347 -0.1624 12
vehicle.truck 84.9346 1227.9586 1.0198 0.2621 0.9932 60.9994 8.8288 3.1457 3.4955 20.8839 9.3347 -0.1623 30
vehicle.car 27.0056 1133.9543 0.1369 1.5469 2.0545 -118.8389 4.6350 2.1608 1.6762 20.5475 9.6410 -0.2652 26
vehicle.car 54.9713 1174.0048 0.1917 1.2349 0.4349 61.1692 4.7997 2.0992 1.7220 20.8839 9.3347 -0.1624 22
vehicle.bus.rigid 45.9766 1209.7303 1.0650 0.2826 0.2544 -29.0708 12.0306 2.8726 3.5495 20.8839 9.3347 -0.1624 9
vehicle.car 26.3381 1112.9388 -0.0606 -1.0243 -1.3134 -177.5593 4.9145 2.1583 1.5012 20.8839 9.3347 -0.1624 18
vehicle.car 69.2553 1210.0150 0.0426 0.4522 0.4014 -119.0252 4.9145 2.1034 1.5006 3.2150 22.0749 0.2234 14
vehicle.car 78.9248 1217.1257 0.1196 0.4489 0.3464 60.9309 4.3470 2.0651 1.5943 20.8838 9.3347 -0.1624 10
vehicle.truck 123.7072 1203.5695 0.5847 1.5503 0.7343 -117.9518 6.5575 2.5166 2.5069 20.8839 9.3347 -0.1623 6
vehicle.car 57.3001 1178.2139 0.0465 1.2228 0.3871 61.1456 4.8306 2.0307 1.4361 20.8839 9.3347 -0.1623 2
vehicle.car 34.9889 1215.8487 0.0490 0.3274 -0.1852 -27.3212 4.9954 2.1385 1.4884 20.8839 9.3347 -0.1623 8
vehicle.car 6.5244 1182.1829 0.1851 -0.5954 0.7744 115.5526 4.7997 2.0992 1.7226 26.0871 10.2597 -0.3024 5
