vehicle.car 57.9543 1149.7442 0.0089 0.5987 0.1161 151.1376 4.9145 2.1034 1.5079 48.1595 0.9805 -0.2250 4
vehicle.car 55.3011 1147.3135 0.0450 -0.1443 0.2650 -29.0812 4.9954 2.1385 1.4855 37.4540 -5.2030 -0.2143 29
vehicle.truck 45.9627 1168.0891 1.0444 0.4954 0.9250 -119.0124 8.8288 3.1457 3.5018 36.6081 19.6595 -0.0916 25
vehicle.car 22.3122 1125.5122 0.0818 1.5894 0.0902 -118.9734 4.9954 2.1385 1.4837 48.1595 0.9805 -0.2250 21
vehicle.car 31.0760 1120.6569 -0.0800 0.8492 1.8009 2.4169 4.9047 2.1309 1.4801 48.1595 0.9805 -0.2250 17
vehicle.car 127.3428 1213.7310 0.8273 0.4114 0.2275 -85.8512 6.1926 2.4695 2.8623 48.1595 0.9805 -0.2250 11
vehicle.truck 15.2722 1121.2864 0.4060 -3.0034 0.7297 60.9002 6.5575 2.5166 2.5104 48.1595 0.9805 -0.2250 27
vehicle.car 30.4840 1161.0579 0.1846 -0.6663 0.4404 -28.9566 4.7997 2.0992 1.7192 48.1595 0.9805 -0.2250 19
vehicle.car 34.8421 1147.9785 0.8145 0.2097 -0.1372 -118.9155 6.1926 2.4695 2.8623 40.4261 13.4734 0.0250 7
vehicle.car 66.5310 1144.9968 0.0793 0.4295 0.9151 151.0418 4.6350 2.1608 1.6713 48.1595 0.9805 -0.2250 16
vehicle.bus.rigid 87.6060 1245.1064 1.0543 0.5911 0.7613 -114.5995 12.0306 2.8726 3.5489 35.7979 17.9928 0.0853 20
vehicle.car 25.1684 1218.6655 0.0658 0.2892 -0.1750 20.6724 4.9145 2.1034 1.4979 44.8689 -7.2518 -0.2225 32
vehicle.car 72.4551 1215.7896 0.1502 0.6263 0.4370 -119.0059 4.7000 2.2032 1.7322 34.9690 22.3171 0.1906 24
vehicle.car 118.7122 1194.5503 0.0975 1.3926 0.2671 -119.0035 4.6495 2.1154 1.5585 48.1595 0.9805 -0.2250 12
vehicle.truck 84.9346 1227.9591 1.0198 0.2621 0.9932 60.9993 8.8288 3.1457 3.4955 48.1595 0.9805 -0.2250 30
vehicle.car 27.0115 1133.9671 0.1428 1.5559 0.9838 -118.8749 4.6350 2.1608 1.6762 48.1594 0.9805 -0.2253 26
vehicle.car 54.9713 1174.0054 0.1917 1.2349 0.4349 61.1692 4.7997 2.0992 1.7220 48.1595 0.9805 -0.2250 22
vehicle.bus.rigid 45.9766 1209.7309 1.0650 0.2826 0.2544 -29.0708 12.0306 2.8726 3.5495 48.1595 0.9805 -0.2250 9
vehicle.car 26.3381 1112.9394 -0.0607 -1.0244 -1.3134 -177.5593 4.9145 2.1583 1.5012 48.1595 0.9805 -0.2250 18
vehicle.car 59.3271 1192.1692 0.0523 0.8007 0.3611 -118.9817 4.9145 2.1034 1.5006 35.3205 21.7672 0.0831 14
vehicle.car 78.9248 1217.1262 0.1197 0.4488 0.3464 60.9308 4.3470 2.0651 1.5943 48.1595 0.9805 -0.2250 10
vehicle.truck 123.7072 1203.5701 0.5847 1.5503 0.7343 -117.9518 6.5575 2.5166 2.5069 48.1595 0.9805 -0.2250 6
vehicle.car 57.3001 1178.2145 0.0465 1.2228 0.3870 61.1456 4.8306 2.0307 1.4361 48.1595 0.9805 -0.2249 2
vehicle.car 34.9889 1215.8493 0.0490 0.3274 -0.1852 -27.3212 4.9954 2.1385 1.4884 48.1595 0.9805 -0.2250 8
vehicle.car 6.4427 1190.0268 0.1604 -0.9677 0.6976 78.7702 4.7997 2.0992 1.7226 57.4175 -8.7232 -0.4760 5
