vehicle.car 0.3338 1094.2090 -0.0437 2.1416 0.2876 -119.2722 4.3470 2.1044 1.6213 -14.2969 13.6035 1.1005 28
vehicle.car 57.9542 1149.7436 0.0089 0.5987 0.1161 151.1376 4.9145 2.1034 1.5079 -14.2969 13.6035 1.1005 4
vehicle.car 22.5760 1115.6270 0.0901 1.4234 0.1006 61.0771 4.9954 2.1385 1.4855 18.1981 33.9363 0.0179 29
vehicle.truck 69.5854 1210.6308 1.0025 0.4764 0.7892 -119.0108 8.8288 3.1457 3.5018 -32.5089 2.2318 1.7678 25
vehicle.car 22.9956 1126.7366 0.0818 1.5749 0.1572 -118.9922 4.9954 2.1385 1.4837 -24.0412 7.5192 1.4229 21
vehicle.car 31.0759 1120.6563 -0.0800 0.8492 1.8009 2.4169 4.9047 2.1309 1.4801 -14.2969 13.6034 1.1005 17
vehicle.truck 15.2721 1121.2858 0.4060 -3.0034 0.7297 60.9002 6.5575 2.5166 2.5104 -14.2969 13.6035 1.1005 27
vehicle.car 30.4840 1161.0573 0.1846 -0.6664 0.4404 -28.9566 4.7997 2.0992 1.7192 -14.2968 13.6035 1.1005 19
vehicle.car 56.3668 1186.8171 0.7746 0.1970 0.1775 -118.9779 6.1926 2.4695 2.8623 -36.6032 -0.3619 1.8669 7
vehicle.car 2.4066 1186.6401 0.1224 -0.7725 0.6811 -97.5699 4.6350 2.1608 1.6715 -21.7898 1.3713 1.5004 13
vehicle.car 66.5309 1144.9963 0.0793 0.4295 0.9151 151.0418 4.6350 2.1608 1.6713 -14.2969 13.6035 1.1005 16
vehicle.bus.rigid -11.4061 1065.2309 1.0801 0.2792 0.6200 -121.3910 12.0306 2.8726 3.5515 -41.9448 -1.2253 2.0102 31
vehicle.car 7.7586 1193.3787 0.0429 -0.8067 0.2411 67.0724 4.9145 2.1034 1.4979 -5.6484 19.7358 0.8088 32
vehicle.car 36.2179 1150.4474 0.1365 -0.1947 0.7594 -118.9168 4.6350 2.1608 1.6762 -32.3554 2.2616 1.7352 26
vehicle.car 51.4089 1167.5232 0.1876 1.1437 0.7207 61.4667 4.7997 2.0992 1.7220 1.8137 23.8227 0.5845 22
vehicle.bus.rigid 45.9766 1209.7303 1.0650 0.2826 0.2544 -29.0708 12.0306 2.8726 3.5495 -14.2969 13.6035 1.1005 9
vehicle.car 26.3380 1112.9388 -0.0606 -1.0244 -1.3134 -177.5593 4.9145 2.1583 1.5012 -14.2969 13.6034 1.1005 18
vehicle.car 21.5740 1165.9763 0.0153 -0.6063 0.3842 -28.7800 4.8306 2.0307 1.4369 -8.6445 4.6322 1.0505 15
vehicle.car 31.4519 1217.6442 0.0565 0.4000 0.4043 -19.3220 4.9954 2.1385 1.4884 -7.3564 4.1351 0.9831 8
vehicle.car 7.3738 1180.2974 0.1885 -0.5779 0.8280 125.5508 4.7997 2.0992 1.7226 -14.1070 18.9905 1.0060 5
