vehicle.car 0.3338 1094.2094 -0.0437 2.1416 0.2876 -119.2723 4.3470 2.1044 1.6213 29.2824 3.7429 -0.2386 28
vehicle.car 57.9542 1149.7440 0.0089 0.5987 0.1161 151.1376 4.9145 2.1034 1.5079 29.2824 3.7430 -0.2386 4
vehicle.car 46.3222 1149.9929 0.0724 -0.7457 0.4793 18.1818 4.9954 2.1385 1.4855 25.8607 -12.9318 -0.3174 29
vehicle.truck 53.8466 1182.2895 1.0479 0.5554 0.3665 -119.0331 8.8288 3.1457 3.5018 13.5399 22.7548 0.1458 25
vehicle.car 22.3121 1125.5121 0.0818 1.5894 0.0902 -118.9734 4.9954 2.1385 1.4837 29.2824 3.7429 -0.2386 21
vehicle.car 31.0759 1120.6567 -0.0800 0.8492 1.8009 2.4169 4.9047 2.1309 1.4801 29.2824 3.7429 -0.2386 17
vehicle.car 127.3428 1213.7308 0.8273 0.4114 0.2275 -85.8512 6.1926 2.4695 2.8623 29.2824 3.7429 -0.2386 11
vehicle.truck 15.2721 1121.2862 0.4060 -3.0034 0.7297 60.9002 6.5575 2.5166 2.5104 29.2824 3.7429 -0.2386 27
vehicle.car 30.4840 1161.0577 0.1846 -0.6664 0.4404 -28.9566 4.7997 2.0992 1.7192 29.2825 3.7429 -0.2387 19
vehicle.car 40.3625 1157.9460 0.8167 -0.1390 0.4606 -118.9794 6.1926 2.4695 2.8623 18.8199 16.2676 -0.1660 7
vehicle.car 66.5309 1144.9967 0.0793 0.4295 0.9151 151.0418 4.6350 2.1608 1.6713 29.2824 3.7429 -0.2386 16
vehicle.car 18.8515 1213.2981 0.0415 0.5759 -0.1162 58.6884 4.9145 2.1034 1.4979 38.5986 -8.5085 -0.0794 32
vehicle.car 80.9031 1231.0083 0.1950 0.7282 0.0609 -117.7202 4.7000 2.2032 1.7322 13.0993 22.6776 0.2209 24
vehicle.car 118.7122 1194.5502 0.0974 1.3927 0.2671 -119.0034 4.6495 2.1154 1.5585 29.2824 3.7429 -0.2386 12
vehicle.truck 84.9345 1227.9590 1.0198 0.2621 0.9932 60.9994 8.8288 3.1457 3.4955 29.2824 3.7429 -0.2386 30
vehicle.car 27.0117 1133.9673 0.1455 1.5584 0.9262 -118.8725 4.6350 2.1608 1.6762 29.2707 3.7517 -0.3304 26
vehicle.car 54.9712 1174.0052 0.1917 1.2349 0.4349 61.1692 4.7997 2.0992 1.7220 29.2824 3.7429 -0.2386 22
vehicle.bus.rigid 45.9765 1209.7307 1.0650 0.2826 0.2544 -29.0708 12.0306 2.8726 3.5495 29.2824 3.7429 -0.2386 9
vehicle.car 26.3380 1112.9392 -0.0606 -1.0244 -1.3134 -177.5593 4.9145 2.1583 1.5012 29.2824 3.7430 -0.2387 18
vehicle.car 67.4489 1206.7720 0.0386 0.5987 0.1224 -119.0586 4.9145 2.1034 1.5006 14.6977 21.2894 0.0328 14
vehicle.car 78.9247 1217.1261 0.1196 0.4489 0.3464 60.9309 4.3470 2.0651 1.5943 29.2824 3.7429 -0.2386 10
vehicle.truck 123.7071 1203.5699 0.5847 1.5503 0.7343 -117.9518 6.5575 2.5166 2.5069 29.2824 3.7429 -0.2386 6
vehicle.car 57.3000 1178.2143 0.0465 1.2228 0.3871 61.1456 4.8306 2.0307 1.4361 29.2824 3.7429 -0.2386 2
vehicle.car 34.9888 1215.8491 0.0490 0.3273 -0.1852 -27.3212 4.9954 2.1385 1.4884 29.2824 3.7429 -0.2386 8
