vehicle.car -18.8992 1055.3273 0.0692 0.5069 0.2018 -131.2577 4.6495 2.1154 1.5596 -38.5519 5.5677 1.9267 3
vehicle.car 57.9542 1149.7435 0.0089 0.5987 0.1161 151.1376 4.9145 2.1034 1.5079 -14.4800 13.6894 1.1200 4
vehicle.car 2.7178 1079.7389 0.0852 1.8707 0.0015 60.9399 4.9954 2.1385 1.4855 17.3322 33.6134 0.0948 29
vehicle.car 33.1881 1145.0132 0.0999 0.9291 0.2440 -119.0905 4.9954 2.1385 1.4837 -34.1606 1.4984 1.9767 21
vehicle.car 31.0759 1120.6563 -0.0800 0.8492 1.8009 2.4169 4.9047 2.1309 1.4801 -14.4800 13.6895 1.1200 17
vehicle.truck 15.2721 1121.2858 0.4060 -3.0034 0.7297 60.9002 6.5575 2.5166 2.5104 -14.4800 13.6894 1.1200 27
vehicle.car 30.4840 1161.0573 0.1846 -0.6663 0.4404 -28.9566 4.7997 2.0992 1.7192 -14.4800 13.6895 1.1200 19
vehicle.bus.rigid 5.2419 1094.8145 1.0951 1.7981 0.3762 -118.9300 12.0306 2.8726 3.5515 -41.0371 -2.9680 2.0016 31
vehicle.car 47.0783 1170.0896 0.1546 0.7151 1.0336 -118.9855 4.6350 2.1608 1.6762 -37.0589 -0.4652 1.8453 26
vehicle.car 33.8106 1135.8920 0.1752 1.0181 0.7761 60.8463 4.7997 2.0992 1.7220 16.3824 32.8851 0.0699 22
vehicle.car 26.3380 1112.9387 -0.0606 -1.0243 -1.3134 -177.5593 4.9145 2.1583 1.5012 -14.4800 13.6894 1.1200 18
