vehicle.car 92.4211 1187.9582 0.0861 1.3281 0.0053 151.8019 4.9954 2.1385 1.4855 -0.8474 36.9979 0.0713 29
vehicle.car 127.3429 1213.7307 0.8273 0.4114 0.2275 -85.8512 6.1926 2.4695 2.8623 -0.8474 36.9979 0.0713 11
vehicle.car 14.9614 1169.6244 0.1202 -0.7338 1.0400 -29.7350 4.6350 2.1608 1.6715 -0.8474 36.9979 0.0713 13
vehicle.truck 83.7565 1236.6686 0.5159 0.4504 0.6358 -114.5057 6.5575 2.5166 2.5270 -0.8474 36.9979 0.0713 23
vehicle.bus.rigid 5.6156 1277.7034 1.1523 -0.2353 0.3847 64.2639 12.0306 2.8726 3.5515 -16.3365 56.8887 -0.4381 31
vehicle.bus.rigid 77.3165 1224.5911 1.0944 0.9725 0.5475 -118.7035 12.0306 2.8726 3.5489 -0.8474 36.9979 0.0713 20
vehicle.car 26.2830 1218.7659 0.0687 0.6116 -0.2641 12.0465 4.9145 2.1034 1.4979 -0.8474 36.9979 0.0713 32
vehicle.car 118.7123 1194.5500 0.0974 1.3927 0.2671 -119.0035 4.6495 2.1154 1.5585 -0.8474 36.9978 0.0713 12
vehicle.bus.rigid 45.9766 1209.7305 1.0650 0.2826 0.2544 -29.0708 12.0306 2.8726 3.5495 -0.8474 36.9979 0.0713 9
vehicle.car 78.9248 1217.1259 0.1197 0.4489 0.3464 60.9309 4.3470 2.0651 1.5943 -0.8474 36.9979 0.0713 10
vehicle.truck 123.7072 1203.5698 0.5847 1.5503 0.7343 -117.9518 6.5575 2.5166 2.5069 -0.8474 36.9979 0.0713 6
vehicle.car 34.9889 1215.8489 0.0490 0.3274 -0.1852 -27.3212 4.9954 2.1385 1.4884 -0.8474 36.9978 0.0714 8
vehicle.car 21.7363 1217.0639 0.1670 -0.1353 0.5257 48.2572 4.7997 2.0992 1.7226 -0.8474 36.9979 0.0713 5
