vehicle.car 57.9543 1149.7440 0.0089 0.5987 0.1161 151.1377 4.9145 2.1034 1.5079 -1.2385 20.7927 -0.2709 4
vehicle.car 103.4408 1181.2191 0.0451 0.7606 -0.1267 136.4321 4.9954 2.1385 1.4855 -15.5680 14.8666 -0.0597 29
vehicle.truck 37.8861 1153.4861 1.0343 0.1786 0.8987 -118.8787 8.8288 3.1457 3.5018 -1.2385 20.7927 -0.2709 25
vehicle.car 22.3122 1125.5121 0.0818 1.5894 0.0902 -118.9734 4.9954 2.1385 1.4837 -1.2385 20.7926 -0.2709 21
vehicle.car 31.0760 1120.6567 -0.0800 0.8492 1.8009 2.4169 4.9047 2.1309 1.4801 -1.2385 20.7927 -0.2709 17
vehicle.car 127.3428 1213.7309 0.8273 0.4114 0.2275 -85.8512 6.1926 2.4695 2.8623 -1.2385 20.7927 -0.2709 11
vehicle.truck 15.2722 1121.2863 0.4060 -3.0034 0.7297 60.9002 6.5575 2.5166 2.5104 -1.2385 20.7926 -0.2709 27
vehicle.car 30.4840 1161.0578 0.1846 -0.6664 0.4403 -28.9566 4.7997 2.0992 1.7192 -1.2386 20.7927 -0.2710 19
vehicle.car 32.1030 1143.0950 0.8185 1.1199 0.3775 -119.0504 6.1926 2.4695 2.8623 -1.2385 20.7927 -0.2709 7
vehicle.car 14.9613 1169.6247 0.1202 -0.7338 1.0400 -29.7350 4.6350 2.1608 1.6715 -1.2385 20.7927 -0.2709 13
vehicle.car 66.5310 1144.9967 0.0793 0.4295 0.9151 151.0418 4.6350 2.1608 1.6713 -1.2385 20.7927 -0.2709 16
vehicle.bus.rigid 77.3164 1224.5914 1.0944 0.9725 0.5474 -118.7035 12.0306 2.8726 3.5489 -1.2385 20.7927 -0.2709 20
vehicle.car 47.0799 1170.0861 0.2044 0.7211 0.5264 -118.9406 4.7000 2.2032 1.7322 -1.2385 20.7927 -0.2709 24
vehicle.car 118.7122 1194.5502 0.0974 1.3927 0.2671 -119.0035 4.6495 2.1154 1.5585 -1.2385 20.7927 -0.2709 12
vehicle.truck 84.9346 1227.9591 1.0198 0.2621 0.9932 60.9994 8.8288 3.1457 3.4955 -1.2385 20.7927 -0.2709 30
vehicle.car 27.0115 1133.9669 0.1428 1.5559 0.9838 -118.8749 4.6350 2.1608 1.6762 -1.2385 20.7927 -0.2709 26
vehicle.car 54.9713 1174.0053 0.1917 1.2349 0.4349 61.1692 4.7997 2.0992 1.7220 -1.2385 20.7927 -0.2709 22
vehicle.bus.rigid 45.9766 1209.7308 1.0650 0.2826 0.2544 -29.0708 12.0306 2.8726 3.5495 -1.2385 20.7927 -0.2709 9
vehicle.car 26.3381 1112.9392 -0.0606 -1.0243 -1.3134 -177.5593 4.9145 2.1583 1.5012 -1.2385 20.7927 -0.2709 18
vehicle.car 43.3938 1163.4385 0.0604 0.3332 0.1749 -119.0706 4.9145 2.1034 1.5006 -1.2385 20.7927 -0.2709 14
vehicle.car 78.9248 1217.1262 0.1196 0.4489 0.3464 60.9309 4.3470 2.0651 1.5943 -1.2385 20.7927 -0.2709 10
vehicle.truck 123.7072 1203.5700 0.5847 1.5503 0.7343 -117.9518 6.5575 2.5166 2.5069 -1.2385 20.7927 -0.2709 6
vehicle.car 57.3000 1178.2144 0.0465 1.2228 0.3871 61.1456 4.8306 2.0307 1.4361 -1.2385 20.7927 -0.2709 2
vehicle.car 22.8707 1165.2620 0.0177 -0.5880 0.3521 -28.8020 4.8306 2.0307 1.4369 -1.2385 20.7927 -0.2709 15
vehicle.car 21.7363 1217.0641 0.1670 -0.1353 0.5257 48.2572 4.7997 2.0992 1.7226 -1.2385 20.7927 -0.2709 5
