vehicle.car 57.9542 1149.7435 0.0089 0.5987 0.1161 151.1376 4.9145 2.1034 1.5079 -0.7408 33.8684 0.1299 4
vehicle.car 92.4210 1187.9579 0.0861 1.3281 0.0053 151.8019 4.9954 2.1385 1.4855 -0.7408 33.8684 0.1299 29
vehicle.truck 37.8861 1153.4856 1.0343 0.1786 0.8987 -118.8788 8.8288 3.1457 3.5018 -0.7408 33.8684 0.1299 25
vehicle.car 22.3121 1125.5116 0.0818 1.5894 0.0902 -118.9735 4.9954 2.1385 1.4837 -0.7408 33.8684 0.1299 21
vehicle.car 31.0759 1120.6562 -0.0801 0.8492 1.8009 2.4169 4.9047 2.1309 1.4801 -0.7408 33.8684 0.1299 17
vehicle.car 127.3428 1213.7303 0.8273 0.4114 0.2275 -85.8512 6.1926 2.4695 2.8623 -0.7408 33.8684 0.1299 11
vehicle.truck 15.2721 1121.2858 0.4060 -3.0034 0.7297 60.9002 6.5575 2.5166 2.5104 -0.7408 33.8684 0.1299 27
vehicle.car 30.4840 1161.0573 0.1846 -0.6664 0.4404 -28.9566 4.7997 2.0992 1.7192 -0.7408 33.8685 0.1299 19
vehicle.car 32.1030 1143.0945 0.8185 1.1199 0.3775 -119.0504 6.1926 2.4695 2.8623 -0.7408 33.8684 0.1299 7
vehicle.car 14.9613 1169.6242 0.1202 -0.7338 1.0400 -29.7350 4.6350 2.1608 1.6715 -0.7408 33.8684 0.1299 13
vehicle.truck 83.7564 1236.6683 0.5159 0.4504 0.6358 -114.5057 6.5575 2.5166 2.5270 -0.7408 33.8684 0.1299 23
vehicle.car 66.5309 1144.9962 0.0793 0.4295 0.9151 151.0417 4.6350 2.1608 1.6713 -0.7408 33.8684 0.1299 16
vehicle.bus.rigid -1.6431 1264.9538 1.1613 -0.4234 0.4003 52.1607 12.0306 2.8726 3.5515 -11.6759 56.5679 -0.2516 31
vehicle.bus.rigid 77.3164 1224.5908 1.0944 0.9725 0.5474 -118.7035 12.0306 2.8726 3.5489 -0.7408 33.8684 0.1299 20
vehicle.car 47.0798 1170.0856 0.2044 0.7211 0.5264 -118.9406 4.7000 2.2032 1.7322 -0.7408 33.8684 0.1299 24
vehicle.car 118.7122 1194.5497 0.0974 1.3926 0.2671 -119.0035 4.6495 2.1154 1.5585 -0.7408 33.8684 0.1299 12
vehicle.truck 84.9345 1227.9585 1.0198 0.2621 0.9932 60.9993 8.8288 3.1457 3.4955 -0.7408 33.8684 0.1299 30
vehicle.car 27.0114 1133.9664 0.1428 1.5559 0.9838 -118.8749 4.6350 2.1608 1.6762 -0.7408 33.8684 0.1299 26
vehicle.car 54.9712 1174.0048 0.1917 1.2349 0.4349 61.1692 4.7997 2.0992 1.7220 -0.7408 33.8684 0.1299 22
vehicle.bus.rigid 45.9766 1209.7302 1.0650 0.2826 0.2544 -29.0708 12.0306 2.8726 3.5495 -0.7408 33.8684 0.1299 9
vehicle.car 43.3937 1163.4380 0.0604 0.3332 0.1749 -119.0706 4.9145 2.1034 1.5006 -0.7408 33.8684 0.1299 14
vehicle.car 78.9247 1217.1256 0.1196 0.4488 0.3464 60.9308 4.3470 2.0651 1.5943 -0.7408 33.8684 0.1299 10
vehicle.truck 123.7071 1203.5695 0.5847 1.5503 0.7343 -117.9518 6.5575 2.5166 2.5069 -0.7408 33.8684 0.1299 6
vehicle.car 57.3000 1178.2139 0.0465 1.2228 0.3870 61.1456 4.8306 2.0307 1.4361 -0.7408 33.8684 0.1299 2
vehicle.car 22.8707 1165.2615 0.0177 -0.5880 0.3521 -28.8020 4.8306 2.0307 1.4369 -0.7409 33.8685 0.1298 15
vehicle.car 34.9888 1215.8486 0.0490 0.3273 -0.1851 -27.3212 4.9954 2.1385 1.4884 -0.7408 33.8684 0.1299 8
