vehicle.car 57.9544 1149.7443 0.0089 0.5987 0.1161 151.1376 4.9145 2.1034 1.5079 -3.2995 0.7507 0.1747 4
vehicle.car 104.7100 1162.3041 -0.0063 0.5951 -0.1072 62.2680 4.9954 2.1385 1.4855 12.1403 18.6958 -0.0564 29
vehicle.truck 37.8862 1153.4864 1.0343 0.1786 0.8987 -118.8788 8.8288 3.1457 3.5018 -3.2995 0.7506 0.1747 25
vehicle.car 22.3122 1125.5124 0.0818 1.5894 0.0902 -118.9734 4.9954 2.1385 1.4837 -3.2995 0.7506 0.1747 21
vehicle.car 127.3429 1213.7311 0.8273 0.4114 0.2275 -85.8512 6.1926 2.4695 2.8623 -3.2995 0.7506 0.1747 11
vehicle.car 30.4841 1161.0581 0.1846 -0.6664 0.4404 -28.9566 4.7997 2.0992 1.7192 -3.2994 0.7507 0.1746 19
vehicle.car 32.1031 1143.0953 0.8185 1.1199 0.3775 -119.0504 6.1926 2.4695 2.8623 -3.2995 0.7506 0.1747 7
vehicle.truck 83.7566 1236.6692 0.5159 0.4504 0.6358 -114.5057 6.5575 2.5166 2.5270 -3.2995 0.7506 0.1747 23
vehicle.car 66.5310 1144.9970 0.0793 0.4295 0.9151 151.0418 4.6350 2.1608 1.6713 -3.2995 0.7506 0.1747 16
vehicle.bus.rigid 77.3165 1224.5916 1.0944 0.9725 0.5474 -118.7035 12.0306 2.8726 3.5489 -3.2995 0.7506 0.1747 20
vehicle.car 26.2831 1218.7664 0.0687 0.6116 -0.2641 12.0464 4.9145 2.1034 1.4979 -3.2995 0.7507 0.1748 32
vehicle.car 47.0799 1170.0864 0.2044 0.7211 0.5264 -118.9407 4.7000 2.2032 1.7322 -3.2995 0.7506 0.1747 24
vehicle.car 118.7123 1194.5505 0.0974 1.3927 0.2671 -119.0035 4.6495 2.1154 1.5585 -3.2995 0.7507 0.1747 12
vehicle.truck 84.9347 1227.9593 1.0198 0.2621 0.9932 60.9993 8.8288 3.1457 3.4955 -3.2995 0.7506 0.1747 30
vehicle.car 27.0116 1133.9672 0.1428 1.5559 0.9838 -118.8749 4.6350 2.1608 1.6762 -3.2995 0.7506 0.1747 26
vehicle.car 54.9714 1174.0056 0.1917 1.2349 0.4349 61.1692 4.7997 2.0992 1.7220 -3.2995 0.7506 0.1747 22
vehicle.bus.rigid 45.9767 1209.7310 1.0650 0.2826 0.2544 -29.0708 12.0306 2.8726 3.5495 -3.2995 0.7506 0.1747 9
vehicle.car 26.3382 1112.9395 -0.0606 -1.0244 -1.3134 -177.5593 4.9145 2.1583 1.5012 -3.2995 0.7506 0.1746 18
vehicle.car 43.3939 1163.4388 0.0604 0.3332 0.1749 -119.0706 4.9145 2.1034 1.5006 -3.2995 0.7507 0.1747 14
vehicle.car 78.9249 1217.1264 0.1196 0.4488 0.3464 60.9308 4.3470 2.0651 1.5943 -3.2995 0.7506 0.1747 10
vehicle.truck 123.7073 1203.5703 0.5847 1.5503 0.7343 -117.9518 6.5575 2.5166 2.5069 -3.2995 0.7506 0.1747 6
vehicle.car 57.3001 1178.2147 0.0465 1.2228 0.3871 61.1456 4.8306 2.0307 1.4361 -3.2995 0.7506 0.1747 2
vehicle.car 21.7364 1217.0644 0.1670 -0.1353 0.5257 48.2572 4.7997 2.0992 1.7226 -3.2995 0.7507 0.1747 5
