vehicle.car 0.3339 1094.2094 -0.0437 2.1416 0.2876 -119.2723 4.3470 2.1044 1.6213 14.9041 13.2330 -0.1466 28
vehicle.car 57.9543 1149.7439 0.0089 0.5987 0.1161 151.1376 4.9145 2.1034 1.5079 14.9041 13.2330 -0.1466 4
vehicle.car 41.5427 1147.4272 0.0761 -0.4043 0.1737 45.3236 4.9954 2.1385 1.4855 31.9145 -2.9354 -0.3798 29
vehicle.truck 57.2377 1188.4084 1.0106 0.4093 0.8422 -118.9907 8.8288 3.1457 3.5018 -8.4793 23.7621 0.3450 25
vehicle.car 22.3122 1125.5120 0.0818 1.5894 0.0902 -118.9734 4.9954 2.1385 1.4837 14.9041 13.2331 -0.1466 21
vehicle.car 31.0760 1120.6567 -0.0800 0.8492 1.8009 2.4169 4.9047 2.1309 1.4801 14.9041 13.2331 -0.1466 17
vehicle.car 127.3428 1213.7308 0.8273 0.4114 0.2275 -85.8512 6.1926 2.4695 2.8623 14.9041 13.2331 -0.1466 11
vehicle.truck 15.2722 1121.2862 0.4060 -3.0034 0.7297 60.9002 6.5575 2.5166 2.5104 14.9041 13.2330 -0.1466 27
vehicle.car 30.4840 1161.0577 0.1846 -0.6664 0.4404 -28.9566 4.7997 2.0992 1.7192 14.9040 13.2331 -0.1465 19
vehicle.car 42.6456 1162.0896 0.7999 0.2438 -0.0451 -118.9925 6.1926 2.4695 2.8623 -4.1407 21.7841 0.3699 7
vehicle.car 8.1793 1173.9270 0.1367 -0.6922 1.0997 -45.9914 4.6350 2.1608 1.6715 7.5494 3.0938 0.0901 13
vehicle.car 66.5310 1144.9966 0.0793 0.4295 0.9151 151.0418 4.6350 2.1608 1.6713 14.9041 13.2331 -0.1466 16
vehicle.car 83.9983 1237.1978 0.1351 0.4444 0.4239 -114.6145 4.7000 2.2032 1.7322 -8.5123 21.7952 0.3666 24
vehicle.truck 84.9346 1227.9589 1.0198 0.2621 0.9932 60.9993 8.8288 3.1457 3.4955 14.9041 13.2331 -0.1466 30
vehicle.car 27.3289 1134.5320 0.1420 1.5440 1.1459 -118.9378 4.6350 2.1608 1.6762 6.5910 16.9942 0.0107 26
vehicle.car 54.9713 1174.0052 0.1917 1.2349 0.4349 61.1692 4.7997 2.0992 1.7220 14.9041 13.2331 -0.1466 22
vehicle.bus.rigid 45.9766 1209.7306 1.0650 0.2826 0.2544 -29.0708 12.0306 2.8726 3.5495 14.9041 13.2331 -0.1466 9
vehicle.car 26.3381 1112.9391 -0.0606 -1.0244 -1.3134 -177.5593 4.9145 2.1583 1.5012 14.9041 13.2330 -0.1466 18
vehicle.car 70.4200 1212.1131 0.0416 0.4452 -0.0447 -118.9943 4.9145 2.1034 1.5006 -4.5404 22.0139 0.2267 14
vehicle.car 78.9248 1217.1260 0.1196 0.4488 0.3464 60.9309 4.3470 2.0651 1.5943 14.9041 13.2331 -0.1466 10
vehicle.truck 123.7072 1203.5699 0.5847 1.5503 0.7343 -117.9518 6.5575 2.5166 2.5069 14.9041 13.2331 -0.1466 6
vehicle.car 57.3001 1178.2143 0.0465 1.2228 0.3869 61.1456 4.8306 2.0307 1.4361 14.9041 13.2331 -0.1465 2
vehicle.car 6.7133 1181.6803 0.1858 -0.6158 0.7085 118.1359 4.7997 2.0992 1.7226 18.8876 15.0248 -0.2626 5
