vehicle.car 0.3339 1094.2091 -0.0437 2.1416 0.2876 -119.2723 4.3470 2.1044 1.6213 -14.5379 14.0478 1.2409 28
vehicle.car -10.1203 1067.2775 0.1055 0.5852 0.4334 -120.7635 4.6495 2.1154 1.5596 -40.3348 -0.4891 2.0476 3
vehicle.car -7.0604 1062.4432 0.0314 0.8276 -0.3486 60.8957 4.9954 2.1385 1.4855 17.7984 33.7935 0.3706 29
vehicle.car 39.1045 1155.6912 0.0876 0.3365 0.1215 -118.9418 4.9954 2.1385 1.4837 -33.6844 2.2037 1.9160 21
vehicle.car 31.0760 1120.6563 -0.0800 0.8492 1.8009 2.4169 4.9047 2.1309 1.4801 -14.5379 14.0479 1.2410 17
vehicle.truck 15.2723 1121.2858 0.4060 -2.9999 0.7285 60.9003 6.5575 2.5166 2.5104 -14.5382 14.0471 1.2387 27
vehicle.bus.rigid 13.2876 1109.3114 1.0883 1.7448 0.3745 -118.8694 12.0306 2.8726 3.5515 -41.3048 -2.5050 2.2171 31
vehicle.car 24.4341 1118.9721 0.1901 1.5174 0.5522 61.0843 4.7997 2.0992 1.7220 17.0066 33.5512 0.0573 22
vehicle.car 26.3381 1112.9388 -0.0606 -1.0243 -1.3134 -177.5593 4.9145 2.1583 1.5012 -14.5379 14.0479 1.2410 18
vehicle.car 26.1876 1167.4179 0.1742 -0.5054 0.6649 151.1694 4.7997 2.0992 1.7226 -25.9312 32.3621 1.6114 5
