vehicle.car 92.4210 1187.9581 0.0861 1.3281 0.0053 151.8019 4.9954 2.1385 1.4855 0.0213 32.5210 0.1664 29
vehicle.truck 37.8861 1153.4858 1.0343 0.1786 0.8987 -118.8788 8.8288 3.1457 3.5018 0.0213 32.5210 0.1665 25
vehicle.car 127.3428 1213.7305 0.8273 0.4114 0.2275 -85.8512 6.1926 2.4695 2.8623 0.0213 32.5210 0.1665 11
vehicle.truck 15.2721 1121.2859 0.4060 -3.0034 0.7297 60.9002 6.5575 2.5166 2.5104 0.0213 32.5210 0.1664 27
vehicle.car 30.4840 1161.0574 0.1846 -0.6663 0.4404 -28.9566 4.7997 2.0992 1.7192 0.0213 32.5209 0.1665 19
vehicle.car 32.1030 1143.0946 0.8185 1.1199 0.3775 -119.0504 6.1926 2.4695 2.8623 0.0213 32.5210 0.1665 7
vehicle.car 14.9613 1169.6243 0.1202 -0.7338 1.0400 -29.7350 4.6350 2.1608 1.6715 0.0213 32.5210 0.1665 13
vehicle.truck 83.7564 1236.6685 0.5159 0.4504 0.6358 -114.5057 6.5575 2.5166 2.5270 0.0213 32.5210 0.1665 23
vehicle.bus.rigid 6.4351 1279.6364 1.1526 -0.2530 0.3836 65.8877 12.0306 2.8726 3.5515 -15.7398 52.1864 -0.5134 31
vehicle.bus.rigid 77.3164 1224.5910 1.0944 0.9725 0.5474 -118.7035 12.0306 2.8726 3.5489 0.0213 32.5210 0.1665 20
vehicle.car 26.2829 1218.7658 0.0687 0.6116 -0.2641 12.0464 4.9145 2.1034 1.4979 0.0213 32.5210 0.1665 32
vehicle.car 27.0115 1133.9666 0.1428 1.5559 0.9838 -118.8749 4.6350 2.1608 1.6762 0.0213 32.5210 0.1665 26
vehicle.bus.rigid 45.9766 1209.7304 1.0650 0.2826 0.2544 -29.0708 12.0306 2.8726 3.5495 0.0213 32.5210 0.1665 9
vehicle.car 43.3937 1163.4382 0.0604 0.3332 0.1749 -119.0706 4.9145 2.1034 1.5006 0.0213 32.5210 0.1664 14
vehicle.car 78.9248 1217.1258 0.1196 0.4488 0.3464 60.9308 4.3470 2.0651 1.5943 0.0213 32.5210 0.1665 10
vehicle.truck 123.7072 1203.5696 0.5847 1.5503 0.7343 -117.9518 6.5575 2.5166 2.5069 0.0213 32.5210 0.1665 6
vehicle.car 22.8707 1165.2616 0.0177 -0.5880 0.3521 -28.8021 4.8306 2.0307 1.4369 0.0213 32.5209 0.1665 15
vehicle.car 34.9888 1215.8488 0.0490 0.3273 -0.1851 -27.3212 4.9954 2.1385 1.4884 0.0213 32.5210 0.1664 8
vehicle.car 21.7363 1217.0638 0.1670 -0.1353 0.5257 48.2572 4.7997 2.0992 1.7226 0.0213 32.5210 0.1664 5
