vehicle.car 57.9543 1149.7441 0.0089 0.5987 0.1161 151.1376 4.9145 2.1034 1.5079 41.9682 -0.2810 -0.1822 4
vehicle.car 51.2482 1149.4889 0.0537 -0.3874 0.3136 -13.8017 4.9954 2.1385 1.4855 30.9770 -8.4919 -0.1553 29
vehicle.truck 49.9455 1175.2784 1.0541 0.7451 0.7941 -118.9577 8.8288 3.1457 3.5018 29.9480 19.8395 0.1274 25
vehicle.car 22.3122 1125.5121 0.0818 1.5894 0.0902 -118.9734 4.9954 2.1385 1.4837 41.9682 -0.2810 -0.1822 21
vehicle.car 31.0760 1120.6568 -0.0800 0.8492 1.8009 2.4169 4.9047 2.1309 1.4801 41.9682 -0.2810 -0.1822 17
vehicle.car 127.3428 1213.7309 0.8273 0.4114 0.2275 -85.8512 6.1926 2.4695 2.8623 41.9682 -0.2810 -0.1822 11
vehicle.truck 15.2722 1121.2863 0.4060 -3.0034 0.7297 60.9002 6.5575 2.5166 2.5104 41.9682 -0.2810 -0.1822 27
vehicle.car 30.4840 1161.0578 0.1846 -0.6663 0.4404 -28.9566 4.7997 2.0992 1.7192 41.9682 -0.2810 -0.1821 19
vehicle.car 37.6530 1153.0652 0.8028 0.2434 0.4907 -118.9130 6.1926 2.4695 2.8623 33.1485 14.3584 0.0393 7
vehicle.car 66.5310 1144.9968 0.0793 0.4295 0.9151 151.0418 4.6350 2.1608 1.6713 41.9682 -0.2810 -0.1822 16
vehicle.car 21.7687 1217.0364 0.0564 -0.1346 0.3201 46.9583 4.9145 2.1034 1.4979 43.9336 -13.1777 -0.0603 32
vehicle.car 76.8702 1223.7236 0.2071 0.9198 0.7175 -119.1302 4.7000 2.2032 1.7322 29.1929 21.2710 0.0581 24
vehicle.car 118.7122 1194.5502 0.0974 1.3926 0.2671 -119.0035 4.6495 2.1154 1.5585 41.9682 -0.2810 -0.1822 12
vehicle.truck 84.9346 1227.9590 1.0198 0.2621 0.9932 60.9993 8.8288 3.1457 3.4955 41.9682 -0.2810 -0.1822 30
vehicle.car 27.0115 1133.9670 0.1426 1.5558 0.9870 -118.8747 4.6350 2.1608 1.6762 41.9688 -0.2814 -0.1749 26
vehicle.car 54.9713 1174.0053 0.1917 1.2349 0.4349 61.1692 4.7997 2.0992 1.7220 41.9683 -0.2810 -0.1822 22
vehicle.bus.rigid 45.9766 1209.7308 1.0650 0.2826 0.2544 -29.0708 12.0306 2.8726 3.5495 41.9682 -0.2810 -0.1822 9
vehicle.car 26.3381 1112.9393 -0.0606 -1.0243 -1.3134 -177.5593 4.9145 2.1583 1.5012 41.9683 -0.2810 -0.1822 18
vehicle.car 63.6205 1199.8757 0.0512 0.3785 0.7077 -118.9951 4.9145 2.1034 1.5006 29.5679 20.5262 0.0426 14
vehicle.car 78.9248 1217.1261 0.1196 0.4488 0.3464 60.9309 4.3470 2.0651 1.5943 41.9683 -0.2810 -0.1822 10
vehicle.truck 123.7072 1203.5700 0.5847 1.5503 0.7343 -117.9518 6.5575 2.5166 2.5069 41.9682 -0.2810 -0.1822 6
vehicle.car 57.3001 1178.2144 0.0465 1.2228 0.3870 61.1456 4.8306 2.0307 1.4361 41.9683 -0.2810 -0.1822 2
vehicle.car 5.8781 1185.8887 0.1707 -0.7488 0.6483 97.1439 4.7997 2.0992 1.7226 50.5813 -5.1849 -0.3791 5
