vehicle.car 57.9543 1149.7436 0.0089 0.5987 0.1161 151.1375 4.9145 2.1034 1.5079 -0.9259 20.6256 -0.2639 4
vehicle.car 101.3285 1182.8806 0.0636 1.2232 -0.4819 142.0720 4.9954 2.1385 1.4855 -15.7702 12.8360 -0.0775 29
vehicle.truck 37.8861 1153.4857 1.0343 0.1786 0.8987 -118.8788 8.8288 3.1457 3.5018 -0.9259 20.6256 -0.2639 25
vehicle.car 22.3121 1125.5117 0.0818 1.5894 0.0902 -118.9735 4.9954 2.1385 1.4837 -0.9259 20.6256 -0.2639 21
vehicle.car 127.3429 1213.7305 0.8273 0.4114 0.2275 -85.8513 6.1926 2.4695 2.8623 -0.9259 20.6256 -0.2639 11
vehicle.truck 15.2721 1121.2859 0.4060 -3.0034 0.7297 60.9001 6.5575 2.5166 2.5104 -0.9259 20.6256 -0.2638 27
vehicle.car 30.4840 1161.0574 0.1846 -0.6664 0.4404 -28.9567 4.7997 2.0992 1.7192 -0.9259 20.6256 -0.2640 19
vehicle.car 32.1029 1143.0946 0.8185 1.1199 0.3775 -119.0504 6.1926 2.4695 2.8623 -0.9259 20.6256 -0.2639 7
vehicle.car 14.9613 1169.6243 0.1202 -0.7338 1.0400 -29.7351 4.6350 2.1608 1.6715 -0.9259 20.6256 -0.2639 13
vehicle.car 66.5309 1144.9963 0.0793 0.4295 0.9151 151.0417 4.6350 2.1608 1.6713 -0.9259 20.6256 -0.2639 16
vehicle.bus.rigid 77.3165 1224.5910 1.0944 0.9725 0.5474 -118.7035 12.0306 2.8726 3.5489 -0.9259 20.6256 -0.2639 20
vehicle.car 118.7123 1194.5498 0.0974 1.3927 0.2671 -119.0035 4.6495 2.1154 1.5585 -0.9259 20.6256 -0.2639 12
vehicle.truck 84.9346 1227.9586 1.0198 0.2621 0.9932 60.9993 8.8288 3.1457 3.4955 -0.9259 20.6256 -0.2639 30
vehicle.car 27.0114 1133.9665 0.1428 1.5559 0.9838 -118.8749 4.6350 2.1608 1.6762 -0.9259 20.6256 -0.2639 26
vehicle.car 54.9713 1174.0049 0.1917 1.2349 0.4349 61.1691 4.7997 2.0992 1.7220 -0.9259 20.6256 -0.2639 22
vehicle.bus.rigid 45.9766 1209.7304 1.0650 0.2826 0.2544 -29.0709 12.0306 2.8726 3.5495 -0.9259 20.6256 -0.2639 9
vehicle.car 43.3937 1163.4381 0.0604 0.3332 0.1749 -119.0706 4.9145 2.1034 1.5006 -0.9259 20.6256 -0.2639 14
vehicle.car 78.9248 1217.1257 0.1196 0.4488 0.3464 60.9308 4.3470 2.0651 1.5943 -0.9259 20.6255 -0.2639 10
vehicle.truck 123.7072 1203.5696 0.5847 1.5503 0.7343 -117.9518 6.5575 2.5166 2.5069 -0.9259 20.6256 -0.2639 6
vehicle.car 57.3000 1178.2140 0.0465 1.2228 0.3871 61.1455 4.8306 2.0307 1.4361 -0.9259 20.6256 -0.2639 2
vehicle.car 22.8707 1165.2616 0.0177 -0.5880 0.3521 -28.8021 4.8306 2.0307 1.4369 -0.9259 20.6256 -0.2639 15
vehicle.car 21.7363 1217.0638 0.1670 -0.1353 0.5257 48.2571 4.7997 2.0992 1.7226 -0.9259 20.6256 -0.2639 5
