vehicle.car 0.3339 1094.2089 -0.0437 2.1416 0.2876 -119.2723 4.3470 2.1044 1.6213 0.0174 15.4769 -0.0196 28
vehicle.car 57.9543 1149.7434 0.0089 0.5987 0.1161 151.1376 4.9145 2.1034 1.5079 0.0174 15.4769 -0.0196 4
vehicle.car 36.3668 1140.4059 0.0721 0.7044 0.0346 60.0303 4.9954 2.1385 1.4855 33.7442 18.3140 -0.3315 29
vehicle.truck 61.0191 1195.2234 1.0165 0.6113 0.6506 -119.0646 8.8288 3.1457 3.5018 -25.0057 12.8112 0.2824 25
vehicle.car 22.3122 1125.5115 0.0818 1.5894 0.0902 -118.9734 4.9954 2.1385 1.4837 0.0174 15.4769 -0.0196 21
vehicle.car 31.0760 1120.6562 -0.0800 0.8492 1.8009 2.4169 4.9047 2.1309 1.4801 0.0173 15.4769 -0.0196 17
vehicle.truck 15.2722 1121.2857 0.4060 -3.0034 0.7297 60.9001 6.5575 2.5166 2.5104 0.0174 15.4769 -0.0196 27
vehicle.car 30.4840 1161.0572 0.1846 -0.6663 0.4403 -28.9566 4.7997 2.0992 1.7192 0.0174 15.4769 -0.0196 19
vehicle.car 46.4888 1169.0442 0.8183 0.7313 0.2162 -119.0236 6.1926 2.4695 2.8623 -27.6794 12.5131 0.3034 7
vehicle.car 5.4826 1176.8332 0.1454 -0.7601 1.0312 -58.3613 4.6350 2.1608 1.6715 -3.9558 2.6246 0.2331 13
vehicle.car 66.5310 1144.9961 0.0793 0.4295 0.9151 151.0418 4.6350 2.1608 1.6713 0.0174 15.4769 -0.0196 16
vehicle.car 13.6260 1204.2837 0.0457 -0.4300 0.1591 60.9399 4.9145 2.1034 1.4979 19.9683 17.6226 -0.2372 32
vehicle.car 118.7123 1194.5496 0.0974 1.3927 0.2671 -119.0035 4.6495 2.1154 1.5585 0.0174 15.4769 -0.0196 12
vehicle.truck 84.9346 1227.9584 1.0198 0.2621 0.9932 60.9993 8.8288 3.1457 3.4955 0.0174 15.4769 -0.0196 30
vehicle.car 29.0798 1137.6814 0.1430 1.4931 1.1781 -119.0564 4.6350 2.1608 1.6762 -14.4738 13.9273 0.1384 26
vehicle.car 54.9712 1174.0044 0.1909 1.2397 0.3735 61.1679 4.7997 2.0992 1.7220 -0.0181 15.4729 -0.0428 22
vehicle.bus.rigid 45.9766 1209.7301 1.0650 0.2826 0.2544 -29.0708 12.0306 2.8726 3.5495 0.0174 15.4769 -0.0196 9
vehicle.car 26.3381 1112.9386 -0.0606 -1.0243 -1.3134 -177.5593 4.9145 2.1583 1.5012 0.0174 15.4769 -0.0196 18
vehicle.car 78.9248 1217.1255 0.1196 0.4488 0.3464 60.9308 4.3470 2.0651 1.5943 0.0174 15.4769 -0.0196 10
vehicle.truck 123.7072 1203.5694 0.5847 1.5503 0.7343 -117.9518 6.5575 2.5166 2.5069 0.0174 15.4769 -0.0196 6
vehicle.car 57.3001 1178.2139 0.0481 1.2156 0.4022 61.1459 4.8306 2.0307 1.4361 0.0020 15.4744 0.0491 2
vehicle.car 22.8708 1165.2614 0.0177 -0.5880 0.3522 -28.8020 4.8306 2.0307 1.4369 0.0174 15.4769 -0.0196 15
vehicle.car 34.9889 1215.8486 0.0490 0.3273 -0.1852 -27.3212 4.9954 2.1385 1.4884 0.0174 15.4769 -0.0196 8
vehicle.car 7.1164 1180.7903 0.1877 -0.6070 0.5428 122.7520 4.7997 2.0992 1.7226 1.0626 17.2558 -0.0671 5
