vehicle.car 57.9543 1149.7440 0.0089 0.5987 0.1161 151.1376 4.9145 2.1034 1.5079 47.7580 0.9125 -0.2318 4
vehicle.car 55.0082 1147.4871 0.0474 -0.2660 0.3365 -28.7759 4.9954 2.1385 1.4855 37.1861 -5.1551 -0.1654 29
vehicle.truck 46.2572 1168.6284 1.0493 0.6457 0.7974 -119.0047 8.8288 3.1457 3.5018 36.1552 19.7275 -0.0756 25
vehicle.car 22.3122 1125.5120 0.0818 1.5894 0.0902 -118.9734 4.9954 2.1385 1.4837 47.7580 0.9125 -0.2318 21
vehicle.car 31.0760 1120.6567 -0.0800 0.8492 1.8009 2.4169 4.9047 2.1309 1.4801 47.7580 0.9125 -0.2318 17
vehicle.car 127.3428 1213.7308 0.8273 0.4114 0.2275 -85.8512 6.1926 2.4695 2.8623 47.7580 0.9125 -0.2318 11
vehicle.truck 15.2722 1121.2862 0.4060 -3.0034 0.7297 60.9002 6.5575 2.5166 2.5104 47.7580 0.9125 -0.2318 27
vehicle.car 30.4840 1161.0577 0.1846 -0.6663 0.4404 -28.9566 4.7997 2.0992 1.7192 47.7580 0.9126 -0.2318 19
vehicle.car 35.0426 1148.3372 0.8108 0.1463 -0.1011 -118.9188 6.1926 2.4695 2.8623 39.9865 13.6635 0.2975 7
vehicle.car 66.5310 1144.9966 0.0793 0.4295 0.9151 151.0418 4.6350 2.1608 1.6713 47.7580 0.9125 -0.2318 16
vehicle.bus.rigid 87.8529 1245.6353 1.0542 0.4422 0.7218 -114.6018 12.0306 2.8726 3.5489 35.4670 17.8567 0.1208 20
vehicle.car 24.9255 1218.6181 0.0638 0.3618 -0.1224 22.6759 4.9145 2.1034 1.4979 44.8221 -7.8202 -0.1273 32
vehicle.car 72.7940 1216.4024 0.1485 0.7164 0.2795 -119.0166 4.7000 2.2032 1.7322 34.5144 22.3758 0.0894 24
vehicle.car 118.7122 1194.5501 0.0975 1.3926 0.2671 -119.0035 4.6495 2.1154 1.5585 47.7580 0.9125 -0.2318 12
vehicle.truck 84.9346 1227.9589 1.0198 0.2621 0.9932 60.9994 8.8288 3.1457 3.4955 47.7580 0.9125 -0.2318 30
vehicle.car 27.0115 1133.9669 0.1428 1.5559 0.9836 -118.8749 4.6350 2.1608 1.6762 47.7580 0.9126 -0.2323 26
vehicle.car 54.9713 1174.0052 0.1917 1.2349 0.4349 61.1692 4.7997 2.0992 1.7220 47.7580 0.9125 -0.2318 22
vehicle.bus.rigid 45.9766 1209.7307 1.0650 0.2826 0.2544 -29.0708 12.0306 2.8726 3.5495 47.7580 0.9125 -0.2318 9
vehicle.car 26.3381 1112.9391 -0.0607 -1.0243 -1.3134 -177.5593 4.9145 2.1583 1.5012 47.7580 0.9126 -0.2318 18
vehicle.car 59.6556 1192.7625 0.0543 0.8622 0.3648 -118.9865 4.9145 2.1034 1.5006 34.9610 21.7017 0.0332 14
vehicle.car 78.9248 1217.1260 0.1197 0.4488 0.3464 60.9308 4.3470 2.0651 1.5943 47.7580 0.9125 -0.2318 10
vehicle.truck 123.7072 1203.5699 0.5847 1.5503 0.7343 -117.9518 6.5575 2.5166 2.5069 47.7580 0.9125 -0.2318 6
vehicle.car 57.3000 1178.2143 0.0465 1.2228 0.3871 61.1456 4.8306 2.0307 1.4361 47.7580 0.9125 -0.2318 2
vehicle.car 34.9889 1215.8491 0.0490 0.3274 -0.1852 -27.3212 4.9954 2.1385 1.4884 47.7580 0.9125 -0.2318 8
vehicle.car 6.3463 1189.6706 0.1611 -0.9575 0.6863 80.1046 4.7997 2.0992 1.7226 56.9872 -8.4337 -0.4739 5
