vehicle.car 57.9542 1149.7435 0.0089 0.5987 0.1161 151.1376 4.9145 2.1034 1.5079 -6.1222 4.3915 0.2897 4
vehicle.car 101.9334 1157.1153 -0.0131 1.0416 0.1035 60.9908 4.9954 2.1385 1.4855 13.4340 18.4929 -0.1191 29
vehicle.truck 37.8860 1153.4856 1.0343 0.1786 0.8987 -118.8788 8.8288 3.1457 3.5018 -6.1222 4.3915 0.2897 25
vehicle.car 22.3121 1125.5116 0.0818 1.5894 0.0902 -118.9734 4.9954 2.1385 1.4837 -6.1222 4.3915 0.2897 21
vehicle.car 31.0759 1120.6562 -0.0800 0.8492 1.8009 2.4169 4.9047 2.1309 1.4801 -6.1222 4.3915 0.2897 17
vehicle.car 127.3428 1213.7303 0.8273 0.4114 0.2275 -85.8512 6.1926 2.4695 2.8623 -6.1222 4.3915 0.2897 11
vehicle.car 30.4839 1161.0572 0.1846 -0.6664 0.4404 -28.9566 4.7997 2.0992 1.7192 -6.1222 4.3915 0.2896 19
vehicle.car 32.1029 1143.0945 0.8185 1.1199 0.3775 -119.0504 6.1926 2.4695 2.8623 -6.1222 4.3915 0.2897 7
vehicle.car 14.9613 1169.6241 0.1202 -0.7338 1.0400 -29.7350 4.6350 2.1608 1.6715 -6.1222 4.3915 0.2897 13
vehicle.truck 83.7564 1236.6683 0.5159 0.4504 0.6358 -114.5058 6.5575 2.5166 2.5270 -6.1222 4.3915 0.2897 23
vehicle.car 66.5309 1144.9962 0.0793 0.4295 0.9151 151.0418 4.6350 2.1608 1.6713 -6.1222 4.3915 0.2896 16
vehicle.bus.rigid 77.3164 1224.5908 1.0944 0.9724 0.5474 -118.7035 12.0306 2.8726 3.5489 -6.1222 4.3915 0.2897 20
vehicle.car 47.0798 1170.0856 0.2044 0.7211 0.5264 -118.9406 4.7000 2.2032 1.7322 -6.1222 4.3915 0.2897 24
vehicle.car 118.7122 1194.5497 0.0974 1.3926 0.2671 -119.0035 4.6495 2.1154 1.5585 -6.1222 4.3915 0.2897 12
vehicle.truck 84.9345 1227.9585 1.0198 0.2621 0.9932 60.9994 8.8288 3.1457 3.4955 -6.1222 4.3915 0.2897 30
vehicle.car 27.0114 1133.9664 0.1428 1.5559 0.9838 -118.8749 4.6350 2.1608 1.6762 -6.1222 4.3915 0.2897 26
vehicle.car 54.9712 1174.0047 0.1917 1.2349 0.4349 61.1692 4.7997 2.0992 1.7220 -6.1222 4.3915 0.2896 22
vehicle.bus.rigid 45.9765 1209.7302 1.0650 0.2826 0.2544 -29.0708 12.0306 2.8726 3.5495 -6.1222 4.3915 0.2897 9
vehicle.car 26.3380 1112.9387 -0.0606 -1.0243 -1.3134 -177.5593 4.9145 2.1583 1.5012 -6.1222 4.3915 0.2897 18
vehicle.car 43.3937 1163.4380 0.0604 0.3332 0.1749 -119.0706 4.9145 2.1034 1.5006 -6.1222 4.3915 0.2897 14
vehicle.car 78.9247 1217.1256 0.1197 0.4489 0.3464 60.9309 4.3470 2.0651 1.5943 -6.1222 4.3915 0.2897 10
vehicle.truck 123.7071 1203.5694 0.5847 1.5503 0.7343 -117.9518 6.5575 2.5166 2.5069 -6.1222 4.3915 0.2897 6
vehicle.car 57.3000 1178.2138 0.0465 1.2228 0.3871 61.1456 4.8306 2.0307 1.4361 -6.1222 4.3915 0.2897 2
vehicle.car 22.8707 1165.2615 0.0177 -0.5880 0.3521 -28.8021 4.8306 2.0307 1.4369 -6.1222 4.3915 0.2897 15
vehicle.car 21.7362 1217.0636 0.1670 -0.1353 0.5257 48.2572 4.7997 2.0992 1.7226 -6.1222 4.3915 0.2897 5
