vehicle.car 57.9544 1149.7438 0.0089 0.5987 0.1161 151.1376 4.9145 2.1034 1.5079 -0.7044 30.0464 0.5398 4
vehicle.car 92.4211 1187.9582 0.0861 1.3281 0.0053 151.8019 4.9954 2.1385 1.4855 -0.7044 30.0464 0.5398 29
vehicle.truck 37.8862 1153.4859 1.0343 0.1786 0.8987 -118.8788 8.8288 3.1457 3.5018 -0.7044 30.0464 0.5398 25
vehicle.car 22.3122 1125.5118 0.0818 1.5893 0.0902 -118.9734 4.9954 2.1385 1.4837 -0.7044 30.0464 0.5398 21
vehicle.car 31.0760 1120.6565 -0.0800 0.8492 1.8009 2.4169 4.9047 2.1309 1.4801 -0.7044 30.0464 0.5398 17
vehicle.car 127.3429 1213.7307 0.8273 0.4114 0.2275 -85.8512 6.1926 2.4695 2.8623 -0.7044 30.0464 0.5398 11
vehicle.car 30.4841 1161.0575 0.1846 -0.6664 0.4404 -28.9566 4.7997 2.0992 1.7192 -0.7044 30.0464 0.5397 19
vehicle.car 32.1031 1143.0947 0.8185 1.1199 0.3775 -119.0504 6.1926 2.4695 2.8623 -0.7044 30.0464 0.5398 7
vehicle.car 14.9614 1169.6244 0.1202 -0.7338 1.0400 -29.7350 4.6350 2.1608 1.6715 -0.7044 30.0464 0.5398 13
vehicle.truck 83.7565 1236.6687 0.5159 0.4504 0.6358 -114.5057 6.5575 2.5166 2.5270 -0.7044 30.0464 0.5398 23
vehicle.car 66.5310 1144.9965 0.0793 0.4295 0.9151 151.0418 4.6350 2.1608 1.6713 -0.7044 30.0464 0.5398 16
vehicle.bus.rigid -6.4747 1258.9696 1.1604 -0.4780 0.3228 46.0815 12.0306 2.8726 3.5515 -9.1237 53.7799 0.4950 31
vehicle.bus.rigid 77.3165 1224.5911 1.0944 0.9725 0.5474 -118.7034 12.0306 2.8726 3.5489 -0.7044 30.0464 0.5398 20
vehicle.car 47.0799 1170.0858 0.2044 0.7211 0.5264 -118.9406 4.7000 2.2032 1.7322 -0.7044 30.0464 0.5398 24
vehicle.car 118.7123 1194.5500 0.0974 1.3926 0.2671 -119.0035 4.6495 2.1154 1.5585 -0.7044 30.0464 0.5398 12
vehicle.truck 84.9346 1227.9588 1.0198 0.2621 0.9932 60.9994 8.8288 3.1457 3.4955 -0.7044 30.0464 0.5398 30
vehicle.car 27.0116 1133.9667 0.1428 1.5559 0.9838 -118.8749 4.6350 2.1608 1.6762 -0.7044 30.0464 0.5398 26
vehicle.car 54.9714 1174.0050 0.1917 1.2349 0.4349 61.1692 4.7997 2.0992 1.7220 -0.7044 30.0464 0.5398 22
vehicle.bus.rigid 45.9767 1209.7305 1.0650 0.2826 0.2544 -29.0708 12.0306 2.8726 3.5495 -0.7044 30.0464 0.5398 9
vehicle.car 43.3938 1163.4383 0.0604 0.3332 0.1749 -119.0706 4.9145 2.1034 1.5006 -0.7044 30.0464 0.5398 14
vehicle.car 78.9248 1217.1259 0.1196 0.4488 0.3464 60.9309 4.3470 2.0651 1.5943 -0.7044 30.0464 0.5398 10
vehicle.truck 123.7072 1203.5698 0.5847 1.5503 0.7343 -117.9518 6.5575 2.5166 2.5069 -0.7044 30.0464 0.5398 6
vehicle.car 57.3001 1178.2141 0.0465 1.2228 0.3871 61.1456 4.8306 2.0307 1.4361 -0.7044 30.0464 0.5398 2
vehicle.car 22.8708 1165.2617 0.0177 -0.5880 0.3522 -28.8021 4.8306 2.0307 1.4369 -0.7044 30.0464 0.5398 15
vehicle.car 34.9889 1215.8489 0.0490 0.3273 -0.1851 -27.3212 4.9954 2.1385 1.4884 -0.7044 30.0464 0.5398 8
