vehicle.car 57.9543 1149.7438 0.0089 0.5987 0.1162 151.1376 4.9145 2.1034 1.5079 -7.3836 9.5084 0.3638 4
vehicle.car 80.3643 1135.6613 0.0306 -0.2875 0.0968 -5.9674 4.9954 2.1385 1.4855 4.5240 0.3235 0.2952 29
vehicle.truck 37.8861 1153.4859 1.0344 0.1786 0.8966 -118.8788 8.8288 3.1457 3.5018 -7.3844 9.5081 0.3590 25
vehicle.car 22.3122 1125.5119 0.0818 1.5894 0.0902 -118.9734 4.9954 2.1385 1.4837 -7.3836 9.5084 0.3638 21
vehicle.car 127.3429 1213.7306 0.8273 0.4114 0.2275 -85.8512 6.1926 2.4695 2.8623 -7.3836 9.5084 0.3638 11
vehicle.truck 15.2722 1121.2860 0.4060 -3.0034 0.7297 60.9001 6.5575 2.5166 2.5104 -7.3836 9.5084 0.3638 27
vehicle.car 30.4840 1161.0575 0.1846 -0.6663 0.4404 -28.9566 4.7997 2.0992 1.7192 -7.3837 9.5084 0.3638 19
vehicle.car 32.1030 1143.0948 0.8185 1.1199 0.3775 -119.0504 6.1926 2.4695 2.8623 -7.3836 9.5084 0.3638 7
vehicle.car 14.9614 1169.6244 0.1202 -0.7338 1.0400 -29.7350 4.6350 2.1608 1.6715 -7.3836 9.5084 0.3638 13
vehicle.car 66.5310 1144.9965 0.0793 0.4295 0.9151 151.0418 4.6350 2.1608 1.6713 -7.3836 9.5084 0.3638 16
vehicle.bus.rigid 77.6355 1225.1721 1.0956 1.0723 0.4918 -118.6593 12.0306 2.8726 3.5489 -10.5823 8.1061 0.4413 20
vehicle.car 54.3951 1183.2746 0.2017 0.7922 0.2258 -119.0253 4.7000 2.2032 1.7322 -28.1796 0.5160 1.3066 24
vehicle.car 118.7123 1194.5499 0.0974 1.3927 0.2671 -119.0035 4.6495 2.1154 1.5585 -7.3836 9.5084 0.3638 12
vehicle.truck 84.9346 1227.9588 1.0198 0.2621 0.9932 60.9993 8.8288 3.1457 3.4955 -7.3836 9.5084 0.3638 30
vehicle.car 27.0115 1133.9667 0.1428 1.5559 0.9838 -118.8749 4.6350 2.1608 1.6762 -7.3836 9.5084 0.3638 26
vehicle.car 54.9713 1174.0050 0.1917 1.2349 0.4349 61.1692 4.7997 2.0992 1.7220 -7.3836 9.5084 0.3638 22
vehicle.bus.rigid 45.9766 1209.7305 1.0650 0.2826 0.2544 -29.0708 12.0306 2.8726 3.5495 -7.3836 9.5084 0.3638 9
vehicle.car 43.8091 1164.1897 0.0593 0.2650 0.4506 -118.9832 4.9145 2.1034 1.5006 -15.8314 5.8194 0.5206 14
vehicle.car 78.9248 1217.1259 0.1196 0.4488 0.3464 60.9308 4.3470 2.0651 1.5943 -7.3836 9.5084 0.3638 10
vehicle.truck 123.7072 1203.5697 0.5847 1.5504 0.7343 -117.9518 6.5575 2.5166 2.5069 -7.3836 9.5084 0.3638 6
vehicle.car 57.3001 1178.2141 0.0465 1.2228 0.3871 61.1456 4.8306 2.0307 1.4361 -7.3836 9.5084 0.3638 2
vehicle.car 22.8708 1165.2618 0.0177 -0.5880 0.3521 -28.8021 4.8306 2.0307 1.4369 -7.3836 9.5084 0.3638 15
