vehicle.car 57.9542 1149.7441 0.0089 0.5987 0.1161 151.1376 4.9145 2.1034 1.5079 5.2326 13.2951 -0.0162 4
vehicle.car 107.9134 1174.4382 0.0305 -0.0780 0.0633 93.9173 4.9954 2.1385 1.4855 -6.3566 21.7691 -0.1123 29
vehicle.truck 37.8861 1153.4862 1.0343 0.1786 0.8987 -118.8788 8.8288 3.1457 3.5018 5.2326 13.2951 -0.0163 25
vehicle.car 31.0759 1120.6569 -0.0801 0.8492 1.8009 2.4169 4.9047 2.1309 1.4801 5.2326 13.2951 -0.0162 17
vehicle.car 127.3429 1213.7309 0.8273 0.4114 0.2275 -85.8513 6.1926 2.4695 2.8623 5.2326 13.2951 -0.0163 11
vehicle.car 30.4840 1161.0579 0.1846 -0.6663 0.4404 -28.9567 4.7997 2.0992 1.7192 5.2326 13.2950 -0.0162 19
vehicle.car 32.1030 1143.0951 0.8185 1.1199 0.3775 -119.0504 6.1926 2.4695 2.8623 5.2326 13.2951 -0.0163 7
vehicle.truck 83.7565 1236.6689 0.5159 0.4504 0.6358 -114.5058 6.5575 2.5166 2.5270 5.2326 13.2951 -0.0162 23
vehicle.car 66.5309 1144.9968 0.0793 0.4295 0.9151 151.0417 4.6350 2.1608 1.6713 5.2326 13.2951 -0.0162 16
vehicle.bus.rigid 77.3165 1224.5914 1.0944 0.9725 0.5474 -118.7035 12.0306 2.8726 3.5489 5.2326 13.2951 -0.0162 20
vehicle.car 26.2830 1218.7663 0.0687 0.6116 -0.2641 12.0464 4.9145 2.1034 1.4979 5.2326 13.2951 -0.0162 32
vehicle.car 47.0798 1170.0862 0.2044 0.7211 0.5264 -118.9407 4.7000 2.2032 1.7322 5.2326 13.2951 -0.0163 24
vehicle.car 118.7123 1194.5502 0.0974 1.3927 0.2671 -119.0035 4.6495 2.1154 1.5585 5.2326 13.2951 -0.0163 12
vehicle.truck 84.9346 1227.9591 1.0198 0.2621 0.9932 60.9993 8.8288 3.1457 3.4955 5.2326 13.2951 -0.0163 30
vehicle.car 27.0114 1133.9671 0.1428 1.5559 0.9838 -118.8749 4.6350 2.1608 1.6762 5.2326 13.2951 -0.0163 26
vehicle.car 54.9713 1174.0054 0.1917 1.2349 0.4349 61.1691 4.7997 2.0992 1.7220 5.2326 13.2951 -0.0162 22
vehicle.bus.rigid 45.9766 1209.7309 1.0650 0.2826 0.2544 -29.0708 12.0306 2.8726 3.5495 5.2326 13.2951 -0.0162 9
vehicle.car 43.3937 1163.4386 0.0604 0.3332 0.1749 -119.0707 4.9145 2.1034 1.5006 5.2326 13.2951 -0.0163 14
vehicle.car 78.9248 1217.1262 0.1196 0.4489 0.3464 60.9308 4.3470 2.0651 1.5943 5.2326 13.2951 -0.0163 10
vehicle.truck 123.7072 1203.5700 0.5847 1.5503 0.7343 -117.9518 6.5575 2.5166 2.5069 5.2326 13.2951 -0.0162 6
vehicle.car 57.3000 1178.2145 0.0465 1.2228 0.3870 61.1455 4.8306 2.0307 1.4361 5.2326 13.2951 -0.0162 2
vehicle.car 21.7363 1217.0643 0.1670 -0.1353 0.5257 48.2571 4.7997 2.0992 1.7226 5.2326 13.2951 -0.0162 5
