vehicle.car 57.9542 1149.7443 0.0089 0.5987 0.1161 151.1376 4.9145 2.1034 1.5079 -8.5529 8.3080 0.4826 4
vehicle.car 83.7492 1136.0226 0.0270 -0.1269 0.1613 7.8531 4.9954 2.1385 1.4855 6.9646 3.9917 0.0228 29
vehicle.truck 37.8861 1153.4864 1.0343 0.1787 0.8986 -118.8788 8.8288 3.1457 3.5018 -8.5530 8.3080 0.4822 25
vehicle.car 127.3428 1213.7311 0.8273 0.4114 0.2275 -85.8512 6.1926 2.4695 2.8623 -8.5529 8.3080 0.4827 11
vehicle.truck 15.2721 1121.2866 0.4060 -3.0034 0.7297 60.9002 6.5575 2.5166 2.5104 -8.5529 8.3080 0.4826 27
vehicle.car 30.4840 1161.0580 0.1846 -0.6663 0.4403 -28.9566 4.7997 2.0992 1.7192 -8.5529 8.3081 0.4826 19
vehicle.car 32.1030 1143.0953 0.8185 1.1199 0.3775 -119.0504 6.1926 2.4695 2.8623 -8.5529 8.3080 0.4827 7
vehicle.truck 84.0989 1237.4225 0.5152 0.5528 0.6429 -114.5153 6.5575 2.5166 2.5270 -15.8005 3.1775 0.6590 23
vehicle.car 66.5309 1144.9970 0.0793 0.4295 0.9151 151.0418 4.6350 2.1608 1.6713 -8.5529 8.3080 0.4826 16
vehicle.bus.rigid 77.3173 1224.5941 1.0947 0.9743 0.6243 -118.7030 12.0306 2.8726 3.5489 -9.0576 8.0148 0.4854 20
vehicle.car 26.2829 1218.7664 0.0687 0.6116 -0.2641 12.0465 4.9145 2.1034 1.4979 -8.5529 8.3080 0.4827 32
vehicle.car 118.7122 1194.5505 0.0974 1.3926 0.2671 -119.0035 4.6495 2.1154 1.5585 -8.5529 8.3080 0.4826 12
vehicle.truck 84.9345 1227.9593 1.0198 0.2621 0.9932 60.9994 8.8288 3.1457 3.4955 -8.5529 8.3080 0.4827 30
vehicle.car 27.0115 1133.9672 0.1428 1.5559 0.9838 -118.8749 4.6350 2.1608 1.6762 -8.5529 8.3080 0.4826 26
vehicle.car 54.9713 1174.0056 0.1917 1.2349 0.4349 61.1692 4.7997 2.0992 1.7220 -8.5529 8.3080 0.4826 22
vehicle.bus.rigid 45.9766 1209.7310 1.0650 0.2826 0.2544 -29.0708 12.0306 2.8726 3.5495 -8.5529 8.3080 0.4826 9
vehicle.car 43.3939 1163.4388 0.0607 0.3338 0.1587 -119.0708 4.9145 2.1034 1.5006 -8.5614 8.3025 0.4670 14
vehicle.car 78.9248 1217.1264 0.1196 0.4488 0.3464 60.9308 4.3470 2.0651 1.5943 -8.5529 8.3080 0.4827 10
vehicle.truck 123.7071 1203.5703 0.5847 1.5503 0.7343 -117.9518 6.5575 2.5166 2.5069 -8.5529 8.3080 0.4827 6
vehicle.car 57.3000 1178.2147 0.0465 1.2228 0.3871 61.1456 4.8306 2.0307 1.4361 -8.5529 8.3080 0.4826 2
vehicle.car 22.8707 1165.2623 0.0177 -0.5879 0.3521 -28.8020 4.8306 2.0307 1.4369 -8.5529 8.3080 0.4827 15
vehicle.car 34.9888 1215.8494 0.0490 0.3273 -0.1852 -27.3212 4.9954 2.1385 1.4884 -8.5529 8.3080 0.4826 8
vehicle.car 21.1023 1216.4340 0.1659 -0.6118 0.6523 51.6204 4.7997 2.0992 1.7226 2.3540 11.5755 0.0089 5
