vehicle.car 57.9542 1149.7439 0.0089 0.5987 0.1161 151.1376 4.9145 2.1034 1.5079 -0.6088 32.2302 0.0022 4
vehicle.car 92.4210 1187.9582 0.0861 1.3281 0.0053 151.8019 4.9954 2.1385 1.4855 -0.6088 32.2302 0.0022 29
vehicle.truck 37.8860 1153.4860 1.0343 0.1786 0.8987 -118.8788 8.8288 3.1457 3.5018 -0.6088 32.2302 0.0022 25
vehicle.car 31.0759 1120.6566 -0.0800 0.8492 1.8009 2.4169 4.9047 2.1309 1.4801 -0.6088 32.2302 0.0022 17
vehicle.car 127.3428 1213.7307 0.8273 0.4114 0.2275 -85.8512 6.1926 2.4695 2.8623 -0.6088 32.2302 0.0022 11
vehicle.truck 15.2721 1121.2862 0.4060 -3.0034 0.7298 60.9001 6.5575 2.5166 2.5104 -0.6088 32.2302 0.0022 27
vehicle.car 30.4840 1161.0576 0.1846 -0.6664 0.4404 -28.9566 4.7997 2.0992 1.7192 -0.6088 32.2302 0.0022 19
vehicle.car 14.9613 1169.6246 0.1202 -0.7338 1.0400 -29.7350 4.6350 2.1608 1.6715 -0.6088 32.2302 0.0022 13
vehicle.car 66.5309 1144.9966 0.0793 0.4295 0.9151 151.0417 4.6350 2.1608 1.6713 -0.6088 32.2302 0.0022 16
vehicle.bus.rigid -3.7607 1262.1715 1.1623 -0.5034 0.4218 49.3616 12.0306 2.8726 3.5515 -10.3593 55.4601 -0.6757 31
vehicle.bus.rigid 77.3164 1224.5912 1.0944 0.9725 0.5474 -118.7035 12.0306 2.8726 3.5489 -0.6088 32.2302 0.0022 20
vehicle.car 47.0798 1170.0860 0.2044 0.7211 0.5264 -118.9407 4.7000 2.2032 1.7322 -0.6088 32.2302 0.0022 24
vehicle.car 118.7122 1194.5500 0.0974 1.3926 0.2671 -119.0035 4.6495 2.1154 1.5585 -0.6088 32.2302 0.0022 12
vehicle.truck 84.9346 1227.9589 1.0198 0.2621 0.9932 60.9993 8.8288 3.1457 3.4955 -0.6088 32.2302 0.0022 30
vehicle.car 54.9713 1174.0051 0.1917 1.2349 0.4349 61.1692 4.7997 2.0992 1.7220 -0.6088 32.2302 0.0022 22
vehicle.bus.rigid 45.9766 1209.7306 1.0650 0.2826 0.2544 -29.0709 12.0306 2.8726 3.5495 -0.6088 32.2302 0.0022 9
vehicle.car 26.3380 1112.9391 -0.0606 -1.0243 -1.3134 -177.5593 4.9145 2.1583 1.5012 -0.6088 32.2302 0.0022 18
vehicle.car 78.9248 1217.1260 0.1196 0.4488 0.3464 60.9308 4.3470 2.0651 1.5943 -0.6088 32.2301 0.0022 10
vehicle.truck 123.7072 1203.5698 0.5847 1.5503 0.7343 -117.9519 6.5575 2.5166 2.5069 -0.6088 32.2302 0.0022 6
vehicle.car 57.3000 1178.2142 0.0465 1.2228 0.3871 61.1456 4.8306 2.0307 1.4361 -0.6088 32.2302 0.0022 2
vehicle.car 22.8707 1165.2619 0.0177 -0.5880 0.3521 -28.8021 4.8306 2.0307 1.4369 -0.6088 32.2302 0.0022 15
vehicle.car 34.9888 1215.8490 0.0490 0.3273 -0.1851 -27.3212 4.9954 2.1385 1.4884 -0.6088 32.2302 0.0022 8
