vehicle.car 57.9543 1149.7437 0.0089 0.5987 0.1161 151.1376 4.9145 2.1034 1.5079 2.9809 21.1228 0.1714 4
vehicle.car 70.5319 1138.7948 0.0230 0.0562 0.0931 -28.7067 4.9954 2.1385 1.4855 0.0678 -0.9760 0.4433 29
vehicle.truck 38.6673 1154.9014 1.0382 0.2653 0.9137 -118.9081 8.8288 3.1457 3.5018 -6.5540 22.4934 0.3243 25
vehicle.car 22.3122 1125.5117 0.0818 1.5894 0.0902 -118.9734 4.9954 2.1385 1.4837 2.9809 21.1227 0.1714 21
vehicle.car 31.0760 1120.6564 -0.0800 0.8492 1.8009 2.4169 4.9047 2.1309 1.4801 2.9809 21.1228 0.1714 17
vehicle.car 127.3428 1213.7305 0.8273 0.4114 0.2275 -85.8512 6.1926 2.4695 2.8623 2.9809 21.1228 0.1714 11
vehicle.truck 15.2722 1121.2859 0.4060 -3.0034 0.7297 60.9002 6.5575 2.5166 2.5104 2.9809 21.1228 0.1714 27
vehicle.car 32.1030 1143.0946 0.8185 1.1199 0.3775 -119.0504 6.1926 2.4695 2.8623 2.9809 21.1228 0.1714 7
vehicle.car 66.5310 1144.9963 0.0793 0.4295 0.9151 151.0418 4.6350 2.1608 1.6713 2.9809 21.1228 0.1714 16
vehicle.bus.rigid 79.4881 1228.5180 1.0963 1.0925 0.2287 -118.0816 12.0306 2.8726 3.5489 -7.1674 22.6359 0.4384 20
vehicle.car 61.1566 1195.4537 0.1770 0.5653 0.3267 -119.1003 4.7000 2.2032 1.7322 -20.7740 24.6142 0.7245 24
vehicle.car 118.7122 1194.5498 0.0974 1.3927 0.2671 -119.0035 4.6495 2.1154 1.5585 2.9809 21.1228 0.1714 12
vehicle.truck 84.9346 1227.9586 1.0198 0.2621 0.9932 60.9993 8.8288 3.1457 3.4955 2.9809 21.1228 0.1714 30
vehicle.car 27.0115 1133.9666 0.1428 1.5559 0.9838 -118.8749 4.6350 2.1608 1.6762 2.9809 21.1228 0.1714 26
vehicle.car 54.9713 1174.0049 0.1917 1.2349 0.4349 61.1692 4.7997 2.0992 1.7220 2.9809 21.1228 0.1714 22
vehicle.bus.rigid 45.9766 1209.7304 1.0650 0.2826 0.2544 -29.0708 12.0306 2.8726 3.5495 2.9809 21.1228 0.1714 9
vehicle.car 26.3381 1112.9388 -0.0606 -1.0244 -1.3133 -177.5593 4.9145 2.1583 1.5012 2.9810 21.1228 0.1715 18
vehicle.car 48.1447 1172.0023 0.0856 0.7127 0.2670 -118.9695 4.9145 2.1034 1.5006 -16.5288 23.9610 0.5484 14
vehicle.car 78.9248 1217.1257 0.1196 0.4488 0.3464 60.9308 4.3470 2.0651 1.5943 2.9809 21.1227 0.1714 10
vehicle.truck 123.7072 1203.5696 0.5847 1.5503 0.7343 -117.9518 6.5575 2.5166 2.5069 2.9809 21.1228 0.1714 6
vehicle.car 57.3001 1178.2140 0.0465 1.2228 0.3871 61.1456 4.8306 2.0307 1.4361 2.9809 21.1227 0.1714 2
