vehicle.car 57.9542 1149.7444 0.0089 0.5987 0.1161 151.1376 4.9145 2.1034 1.5079 -4.0866 1.4125 0.1934 4
vehicle.car 104.1064 1161.1429 -0.0079 0.9351 -0.1285 62.0217 4.9954 2.1385 1.4855 12.3435 18.0478 0.0276 29
vehicle.truck 37.8861 1153.4864 1.0343 0.1786 0.8987 -118.8788 8.8288 3.1457 3.5018 -4.0866 1.4125 0.1934 25
vehicle.car 22.3121 1125.5124 0.0818 1.5894 0.0902 -118.9734 4.9954 2.1385 1.4837 -4.0866 1.4125 0.1935 21
vehicle.car 31.0759 1120.6571 -0.0800 0.8492 1.8009 2.4169 4.9047 2.1309 1.4801 -4.0866 1.4125 0.1934 17
vehicle.car 127.3428 1213.7312 0.8273 0.4114 0.2275 -85.8512 6.1926 2.4695 2.8623 -4.0866 1.4125 0.1934 11
vehicle.car 30.4840 1161.0581 0.1846 -0.6663 0.4404 -28.9566 4.7997 2.0992 1.7192 -4.0866 1.4124 0.1935 19
vehicle.car 32.1030 1143.0953 0.8185 1.1199 0.3775 -119.0504 6.1926 2.4695 2.8623 -4.0866 1.4125 0.1934 7
vehicle.truck 83.7564 1236.6692 0.5159 0.4504 0.6358 -114.5057 6.5575 2.5166 2.5270 -4.0866 1.4125 0.1934 23
vehicle.car 66.5309 1144.9970 0.0793 0.4295 0.9151 151.0418 4.6350 2.1608 1.6713 -4.0866 1.4125 0.1934 16
vehicle.bus.rigid 77.3164 1224.5917 1.0944 0.9725 0.5474 -118.7035 12.0306 2.8726 3.5489 -4.0866 1.4125 0.1934 20
vehicle.car 26.2829 1218.7665 0.0687 0.6116 -0.2641 12.0464 4.9145 2.1034 1.4979 -4.0866 1.4125 0.1935 32
vehicle.car 47.0798 1170.0864 0.2044 0.7211 0.5264 -118.9407 4.7000 2.2032 1.7322 -4.0866 1.4125 0.1934 24
vehicle.car 118.7122 1194.5505 0.0974 1.3927 0.2671 -119.0035 4.6495 2.1154 1.5585 -4.0866 1.4125 0.1935 12
vehicle.truck 84.9346 1227.9593 1.0198 0.2621 0.9932 60.9994 8.8288 3.1457 3.4955 -4.0866 1.4125 0.1934 30
vehicle.car 27.0114 1133.9673 0.1428 1.5559 0.9838 -118.8749 4.6350 2.1608 1.6762 -4.0866 1.4125 0.1934 26
vehicle.car 54.9713 1174.0056 0.1917 1.2349 0.4349 61.1692 4.7997 2.0992 1.7220 -4.0866 1.4125 0.1934 22
vehicle.bus.rigid 45.9766 1209.7311 1.0650 0.2826 0.2544 -29.0708 12.0306 2.8726 3.5495 -4.0866 1.4125 0.1934 9
vehicle.car 26.3380 1112.9395 -0.0606 -1.0243 -1.3134 -177.5593 4.9145 2.1583 1.5012 -4.0866 1.4125 0.1935 18
vehicle.car 43.3937 1163.4388 0.0604 0.3332 0.1749 -119.0706 4.9145 2.1034 1.5006 -4.0866 1.4125 0.1934 14
vehicle.car 78.9248 1217.1265 0.1196 0.4488 0.3464 60.9308 4.3470 2.0651 1.5943 -4.0866 1.4125 0.1935 10
vehicle.truck 123.7072 1203.5703 0.5847 1.5503 0.7343 -117.9518 6.5575 2.5166 2.5069 -4.0866 1.4125 0.1934 6
vehicle.car 57.3000 1178.2147 0.0465 1.2228 0.3871 61.1456 4.8306 2.0307 1.4361 -4.0866 1.4125 0.1935 2
vehicle.car 22.8707 1165.2623 0.0177 -0.5880 0.3521 -28.8021 4.8306 2.0307 1.4369 -4.0866 1.4125 0.1934 15
vehicle.car 21.7363 1217.0644 0.1670 -0.1353 0.5257 48.2572 4.7997 2.0992 1.7226 -4.0866 1.4125 0.1934 5
