vehicle.car 0.3339 1094.2090 -0.0437 2.1416 0.2876 -119.2723 4.3470 2.1044 1.6213 -6.4727 12.1411 0.3020 28
vehicle.car 57.9543 1149.7436 0.0089 0.5987 0.1161 151.1376 4.9145 2.1034 1.5079 -6.4727 12.1411 0.3019 4
vehicle.car 31.9294 1132.5168 0.0842 1.1623 0.3349 61.0829 4.9954 2.1385 1.4855 29.4365 26.7909 -0.4341 29
vehicle.truck 64.0347 1200.6299 1.0097 0.3430 0.6592 -119.0059 8.8288 3.1457 3.5018 -28.9798 2.9818 0.7496 25
vehicle.car 22.3122 1125.5116 0.0818 1.5894 0.0902 -118.9734 4.9954 2.1385 1.4837 -6.4727 12.1411 0.3020 21
vehicle.car 31.0760 1120.6563 -0.0800 0.8492 1.8009 2.4169 4.9047 2.1309 1.4801 -6.4727 12.1412 0.3019 17
vehicle.truck 15.2722 1121.2858 0.4060 -3.0034 0.7297 60.9002 6.5575 2.5166 2.5104 -6.4727 12.1411 0.3019 27
vehicle.car 30.4840 1161.0573 0.1846 -0.6663 0.4404 -28.9566 4.7997 2.0992 1.7192 -6.4727 12.1411 0.3020 19
vehicle.car 49.8443 1175.0893 0.8220 0.7297 0.2611 -118.9537 6.1926 2.4695 2.8623 -31.8563 1.7795 0.8100 7
vehicle.car 3.7000 1179.7543 0.1460 -0.7040 0.8266 -71.5694 4.6350 2.1608 1.6715 -9.8032 -1.3699 0.6416 13
vehicle.car 66.5310 1144.9963 0.0793 0.4295 0.9151 151.0417 4.6350 2.1608 1.6713 -6.4727 12.1411 0.3019 16
vehicle.car 11.2524 1200.0066 0.0445 -0.5625 0.1730 61.2595 4.9145 2.1034 1.4979 10.6740 19.1597 -0.0543 32
vehicle.truck 84.9346 1227.9585 1.0198 0.2621 0.9932 60.9993 8.8288 3.1457 3.4955 -6.4727 12.1411 0.3019 30
vehicle.car 31.1132 1141.3182 0.1491 1.2852 1.2748 -119.1747 4.6350 2.1608 1.6762 -23.7747 5.1725 0.6264 26
vehicle.car 54.4620 1173.0854 0.1910 1.2299 0.5147 61.2184 4.7997 2.0992 1.7220 1.0732 15.2276 0.1552 22
vehicle.bus.rigid 45.9767 1209.7303 1.0650 0.2826 0.2544 -29.0708 12.0306 2.8726 3.5495 -6.4727 12.1411 0.3019 9
vehicle.car 26.3381 1112.9388 -0.0606 -1.0243 -1.3134 -177.5593 4.9145 2.1583 1.5012 -6.4727 12.1411 0.3019 18
vehicle.truck 123.7072 1203.5695 0.5847 1.5503 0.7343 -117.9518 6.5575 2.5166 2.5069 -6.4727 12.1411 0.3019 6
vehicle.car 22.8708 1165.2615 0.0177 -0.5880 0.3519 -28.8020 4.8306 2.0307 1.4369 -6.4726 12.1411 0.3009 15
vehicle.car 34.9886 1215.8488 0.0490 0.3270 -0.2143 -27.3216 4.9954 2.1385 1.4884 -6.4725 12.1407 0.2933 8
vehicle.car 7.2614 1180.5051 0.1877 -0.6230 0.5113 124.3489 4.7997 2.0992 1.7226 -6.3519 12.6885 0.2870 5
