vehicle.car -56.8185 1229.3657 0.1116 0.3701 0.2737 32.2485 4.6495 2.1154 1.5596 2.4642 50.5577 -0.7819 3
vehicle.car 57.9543 1149.7434 0.0089 0.5987 0.1161 151.1376 4.9145 2.1034 1.5079 1.8877 23.0405 -0.0597 4
vehicle.car 92.4211 1187.9578 0.0861 1.3281 0.0053 151.8019 4.9954 2.1385 1.4855 1.8877 23.0405 -0.0596 29
vehicle.truck 37.8861 1153.4854 1.0343 0.1786 0.8987 -118.8787 8.8288 3.1457 3.5018 1.8877 23.0405 -0.0597 25
vehicle.car 127.3429 1213.7303 0.8273 0.4114 0.2275 -85.8512 6.1926 2.4695 2.8623 1.8877 23.0405 -0.0597 11
vehicle.truck 15.2722 1121.2856 0.4060 -3.0034 0.7297 60.9002 6.5575 2.5166 2.5104 1.8877 23.0405 -0.0597 27
vehicle.car 30.4840 1161.0571 0.1846 -0.6663 0.4403 -28.9566 4.7997 2.0992 1.7192 1.8877 23.0405 -0.0597 19
vehicle.car 32.1030 1143.0943 0.8185 1.1199 0.3775 -119.0504 6.1926 2.4695 2.8623 1.8877 23.0405 -0.0597 7
vehicle.car 14.9614 1169.6240 0.1202 -0.7338 1.0400 -29.7350 4.6350 2.1608 1.6715 1.8877 23.0405 -0.0597 13
vehicle.truck 83.7565 1236.6683 0.5159 0.4504 0.6358 -114.5057 6.5575 2.5166 2.5270 1.8877 23.0405 -0.0597 23
vehicle.bus.rigid 8.5590 1285.5628 1.1540 -0.2494 0.3650 70.7997 12.0306 2.8726 3.5515 -14.5716 42.1078 -0.7057 31
vehicle.bus.rigid 77.3164 1224.5907 1.0944 0.9725 0.5474 -118.7035 12.0306 2.8726 3.5489 1.8877 23.0405 -0.0597 20
vehicle.car 26.2830 1218.7655 0.0687 0.6116 -0.2641 12.0465 4.9145 2.1034 1.4979 1.8877 23.0405 -0.0596 32
vehicle.car 47.0799 1170.0854 0.2044 0.7211 0.5264 -118.9406 4.7000 2.2032 1.7322 1.8877 23.0405 -0.0597 24
vehicle.car 118.7123 1194.5496 0.0974 1.3926 0.2671 -119.0035 4.6495 2.1154 1.5585 1.8877 23.0405 -0.0596 12
vehicle.truck 84.9346 1227.9584 1.0198 0.2621 0.9932 60.9994 8.8288 3.1457 3.4955 1.8877 23.0405 -0.0597 30
vehicle.car 54.9713 1174.0046 0.1917 1.2349 0.4349 61.1692 4.7997 2.0992 1.7220 1.8877 23.0405 -0.0597 22
vehicle.bus.rigid 45.9766 1209.7301 1.0650 0.2826 0.2544 -29.0708 12.0306 2.8726 3.5495 1.8877 23.0405 -0.0597 9
vehicle.car 43.3938 1163.4378 0.0604 0.3332 0.1749 -119.0706 4.9145 2.1034 1.5006 1.8878 23.0405 -0.0596 14
vehicle.car 78.9248 1217.1255 0.1196 0.4488 0.3464 60.9309 4.3470 2.0651 1.5943 1.8877 23.0405 -0.0597 10
vehicle.truck 123.7072 1203.5694 0.5847 1.5503 0.7343 -117.9518 6.5575 2.5166 2.5069 1.8877 23.0405 -0.0597 6
vehicle.car 57.3001 1178.2137 0.0465 1.2228 0.3870 61.1456 4.8306 2.0307 1.4361 1.8877 23.0405 -0.0596 2
vehicle.car 22.8707 1165.2613 0.0177 -0.5880 0.3521 -28.8020 4.8306 2.0307 1.4369 1.8877 23.0405 -0.0597 15
vehicle.car 34.9889 1215.8485 0.0490 0.3273 -0.1852 -27.3212 4.9954 2.1385 1.4884 1.8877 23.0405 -0.0597 8
vehicle.car 21.7363 1217.0635 0.1670 -0.1353 0.5257 48.2572 4.7997 2.0992 1.7226 1.8877 23.0405 -0.0596 5
