vehicle.car 0.3338 1094.2096 -0.0437 2.1416 0.2876 -119.2723 4.3470 2.1044 1.6213 23.6535 14.8157 -0.1075 28
vehicle.car 57.9543 1149.7442 0.0089 0.5987 0.1161 151.1376 4.9145 2.1034 1.5079 23.6535 14.8157 -0.1075 4
vehicle.car 62.6459 1143.1530 0.0310 -0.0131 0.1275 -29.3102 4.9954 2.1385 1.4855 11.7688 1.1798 0.0750 29
vehicle.truck 40.9719 1159.0695 1.0392 0.2397 0.6190 -118.9613 8.8288 3.1457 3.5018 14.6292 22.6461 0.0214 25
vehicle.car 22.3122 1125.5122 0.0818 1.5894 0.0902 -118.9734 4.9954 2.1385 1.4837 23.6535 14.8157 -0.1075 21
vehicle.car 31.0759 1120.6569 -0.0800 0.8492 1.8009 2.4169 4.9047 2.1309 1.4801 23.6535 14.8157 -0.1075 17
vehicle.car 127.3428 1213.7310 0.8273 0.4114 0.2275 -85.8512 6.1926 2.4695 2.8623 23.6535 14.8157 -0.1075 11
vehicle.truck 15.2722 1121.2864 0.4060 -3.0034 0.7297 60.9002 6.5575 2.5166 2.5104 23.6535 14.8157 -0.1075 27
vehicle.car 30.4840 1161.0579 0.1846 -0.6664 0.4403 -28.9566 4.7997 2.0992 1.7192 23.6535 14.8157 -0.1075 19
vehicle.car 32.1022 1143.0943 0.8187 1.1218 0.4321 -119.0490 6.1926 2.4695 2.8623 23.6684 14.8026 -0.0941 7
vehicle.car 66.5309 1144.9968 0.0793 0.4295 0.9151 151.0418 4.6350 2.1608 1.6713 23.6535 14.8157 -0.1075 16
vehicle.bus.rigid 82.5463 1234.2240 1.0606 0.5430 -0.1832 -115.6231 12.0306 2.8726 3.5489 7.8324 27.7216 0.1732 20
vehicle.car 66.2398 1204.5964 0.1583 0.4761 0.6554 -119.0279 4.7000 2.2032 1.7322 6.3245 29.8880 0.0297 24
vehicle.car 118.7122 1194.5503 0.0974 1.3927 0.2671 -119.0035 4.6495 2.1154 1.5585 23.6535 14.8157 -0.1075 12
vehicle.truck 84.9345 1227.9591 1.0198 0.2621 0.9932 60.9994 8.8288 3.1457 3.4955 23.6535 14.8157 -0.1075 30
vehicle.car 27.0115 1133.9671 0.1428 1.5559 0.9838 -118.8749 4.6350 2.1608 1.6762 23.6535 14.8157 -0.1075 26
vehicle.car 54.9713 1174.0054 0.1917 1.2349 0.4349 61.1692 4.7997 2.0992 1.7220 23.6535 14.8157 -0.1075 22
vehicle.bus.rigid 45.9766 1209.7309 1.0650 0.2826 0.2544 -29.0708 12.0306 2.8726 3.5495 23.6535 14.8157 -0.1075 9
vehicle.car 26.3381 1112.9393 -0.0606 -1.0243 -1.3134 -177.5593 4.9145 2.1583 1.5012 23.6535 14.8157 -0.1075 18
vehicle.truck 123.7071 1203.5701 0.5847 1.5503 0.7343 -117.9518 6.5575 2.5166 2.5069 23.6535 14.8157 -0.1075 6
vehicle.car 57.3000 1178.2145 0.0465 1.2228 0.3870 61.1456 4.8306 2.0307 1.4361 23.6535 14.8157 -0.1075 2
vehicle.car 10.1856 1198.1117 0.1532 -0.6892 0.4320 61.6769 4.7997 2.0992 1.7226 37.3873 2.8785 -0.3107 5
