vehicle.car 57.9544 1149.7442 0.0089 0.5987 0.1162 151.1376 4.9145 2.1034 1.5079 -6.4715 5.6686 0.3297 4
vehicle.car 98.1502 1150.2793 -0.0048 1.4553 -0.2741 61.7119 4.9954 2.1385 1.4855 8.7466 15.7910 0.0339 29
vehicle.truck 37.8862 1153.4863 1.0343 0.1786 0.8987 -118.8788 8.8288 3.1457 3.5018 -6.4715 5.6686 0.3297 25
vehicle.car 22.3122 1125.5123 0.0818 1.5894 0.0902 -118.9734 4.9954 2.1385 1.4837 -6.4715 5.6686 0.3297 21
vehicle.car 127.3429 1213.7310 0.8273 0.4114 0.2275 -85.8512 6.1926 2.4695 2.8623 -6.4715 5.6686 0.3297 11
vehicle.truck 15.2722 1121.2864 0.4060 -3.0034 0.7297 60.9002 6.5575 2.5166 2.5104 -6.4715 5.6686 0.3296 27
vehicle.car 30.4841 1161.0579 0.1846 -0.6663 0.4404 -28.9566 4.7997 2.0992 1.7192 -6.4715 5.6685 0.3297 19
vehicle.car 32.1031 1143.0952 0.8185 1.1199 0.3775 -119.0504 6.1926 2.4695 2.8623 -6.4715 5.6686 0.3297 7
vehicle.car 14.9614 1169.6248 0.1202 -0.7338 1.0400 -29.7350 4.6350 2.1608 1.6715 -6.4715 5.6686 0.3297 13
vehicle.truck 83.7566 1236.6690 0.5159 0.4504 0.6358 -114.5057 6.5575 2.5166 2.5270 -6.4715 5.6686 0.3297 23
vehicle.car 66.5310 1144.9969 0.0793 0.4295 0.9151 151.0418 4.6350 2.1608 1.6713 -6.4715 5.6686 0.3297 16
vehicle.bus.rigid 77.3165 1224.5915 1.0944 0.9725 0.5474 -118.7035 12.0306 2.8726 3.5489 -6.4715 5.6686 0.3297 20
vehicle.car 26.2831 1218.7663 0.0687 0.6116 -0.2641 12.0465 4.9145 2.1034 1.4979 -6.4715 5.6686 0.3297 32
vehicle.car 47.0799 1170.0862 0.2044 0.7211 0.5264 -118.9407 4.7000 2.2032 1.7322 -6.4715 5.6686 0.3297 24
vehicle.car 118.7123 1194.5503 0.0974 1.3927 0.2671 -119.0035 4.6495 2.1154 1.5585 -6.4715 5.6686 0.3297 12
vehicle.truck 84.9347 1227.9592 1.0198 0.2621 0.9932 60.9993 8.8288 3.1457 3.4955 -6.4715 5.6686 0.3297 30
vehicle.car 27.0116 1133.9671 0.1428 1.5559 0.9838 -118.8749 4.6350 2.1608 1.6762 -6.4715 5.6686 0.3297 26
vehicle.car 54.9714 1174.0054 0.1917 1.2349 0.4349 61.1692 4.7997 2.0992 1.7220 -6.4715 5.6686 0.3297 22
vehicle.bus.rigid 45.9767 1209.7309 1.0650 0.2826 0.2544 -29.0708 12.0306 2.8726 3.5495 -6.4715 5.6686 0.3297 9
vehicle.car 26.3382 1112.9394 -0.0607 -1.0244 -1.3134 -177.5593 4.9145 2.1583 1.5012 -6.4715 5.6685 0.3296 18
vehicle.car 43.3939 1163.4387 0.0604 0.3332 0.1749 -119.0706 4.9145 2.1034 1.5006 -6.4715 5.6686 0.3297 14
vehicle.car 78.9249 1217.1263 0.1196 0.4488 0.3464 60.9309 4.3470 2.0651 1.5943 -6.4715 5.6686 0.3297 10
vehicle.truck 123.7073 1203.5701 0.5847 1.5503 0.7343 -117.9518 6.5575 2.5166 2.5069 -6.4715 5.6686 0.3297 6
vehicle.car 57.3001 1178.2145 0.0465 1.2228 0.3871 61.1456 4.8306 2.0307 1.4361 -6.4715 5.6686 0.3297 2
vehicle.car 34.9889 1215.8493 0.0490 0.3274 -0.1852 -27.3212 4.9954 2.1385 1.4884 -6.4715 5.6686 0.3297 8
vehicle.car 21.7364 1217.0643 0.1670 -0.1353 0.5257 48.2572 4.7997 2.0992 1.7226 -6.4715 5.6686 0.3297 5
