vehicle.car 57.9543 1149.7438 0.0089 0.5987 0.1161 151.1376 4.9145 2.1034 1.5079 0.0968 18.2571 0.1263 4
vehicle.car 72.1534 1137.9472 0.0276 -0.2610 -0.0475 -27.7798 4.9954 2.1385 1.4855 -0.0482 -3.0539 0.5809 29
vehicle.truck 38.3009 1154.2304 1.0338 0.1366 0.9567 -118.9087 8.8288 3.1457 3.5018 -8.6017 18.6575 0.2260 25
vehicle.car 31.0760 1120.6566 -0.0800 0.8492 1.8009 2.4169 4.9047 2.1309 1.4801 0.0967 18.2571 0.1262 17
vehicle.car 127.3428 1213.7306 0.8273 0.4114 0.2275 -85.8512 6.1926 2.4695 2.8623 0.0968 18.2571 0.1263 11
vehicle.truck 15.2722 1121.2861 0.4060 -3.0034 0.7297 60.9001 6.5575 2.5166 2.5104 0.0968 18.2571 0.1262 27
vehicle.car 32.1030 1143.0948 0.8185 1.1199 0.3775 -119.0504 6.1926 2.4695 2.8623 0.0967 18.2571 0.1263 7
vehicle.car 14.9614 1169.6245 0.1202 -0.7338 1.0400 -29.7350 4.6350 2.1608 1.6715 0.0968 18.2571 0.1263 13
vehicle.car 66.5310 1144.9965 0.0793 0.4295 0.9151 151.0418 4.6350 2.1608 1.6713 0.0968 18.2571 0.1263 16
vehicle.bus.rigid 79.0824 1227.7811 1.0976 1.0808 0.2721 -118.2607 12.0306 2.8726 3.5489 -9.6757 18.7517 0.2870 20
vehicle.car 60.1751 1193.7010 0.1775 0.9146 0.6470 -119.0006 4.7000 2.2032 1.7322 -23.9983 19.5472 0.5154 24
vehicle.car 118.7122 1194.5500 0.0974 1.3927 0.2671 -119.0035 4.6495 2.1154 1.5585 0.0968 18.2571 0.1263 12
vehicle.truck 84.9346 1227.9588 1.0198 0.2621 0.9932 60.9994 8.8288 3.1457 3.4955 0.0968 18.2571 0.1262 30
vehicle.car 27.0115 1133.9668 0.1428 1.5559 0.9838 -118.8749 4.6350 2.1608 1.6762 0.0968 18.2571 0.1262 26
vehicle.car 54.9713 1174.0051 0.1917 1.2349 0.4349 61.1692 4.7997 2.0992 1.7220 0.0968 18.2571 0.1263 22
vehicle.bus.rigid 45.9766 1209.7305 1.0650 0.2826 0.2544 -29.0708 12.0306 2.8726 3.5495 0.0968 18.2571 0.1263 9
vehicle.car 26.3381 1112.9390 -0.0606 -1.0243 -1.3134 -177.5593 4.9145 2.1583 1.5012 0.0967 18.2571 0.1263 18
vehicle.car 47.3629 1170.5922 0.0842 0.7045 0.2713 -118.9726 4.9145 2.1034 1.5006 -18.7555 19.2100 0.4467 14
vehicle.car 78.9248 1217.1259 0.1196 0.4488 0.3464 60.9308 4.3470 2.0651 1.5943 0.0968 18.2571 0.1263 10
vehicle.truck 123.7072 1203.5698 0.5847 1.5503 0.7343 -117.9518 6.5575 2.5166 2.5069 0.0968 18.2571 0.1263 6
vehicle.car 57.3001 1178.2142 0.0465 1.2228 0.3871 61.1456 4.8306 2.0307 1.4361 0.0968 18.2571 0.1263 2
vehicle.car 22.8708 1165.2618 0.0177 -0.5880 0.3521 -28.8021 4.8306 2.0307 1.4369 0.0967 18.2571 0.1263 15
