vehicle.car 57.9543 1149.7441 0.0089 0.5987 0.1161 151.1376 4.9145 2.1034 1.5079 -2.1065 1.9299 0.0794 4
vehicle.car 97.3336 1148.7834 -0.0093 1.4070 -0.2330 61.6034 4.9954 2.1385 1.4855 -2.1066 1.9299 0.0794 29
vehicle.truck 37.8861 1153.4861 1.0343 0.1786 0.8987 -118.8787 8.8288 3.1457 3.5018 -2.1066 1.9299 0.0794 25
vehicle.car 22.3122 1125.5121 0.0818 1.5893 0.0902 -118.9734 4.9954 2.1385 1.4837 -2.1066 1.9299 0.0794 21
vehicle.car 31.0760 1120.6568 -0.0800 0.8492 1.8009 2.4169 4.9047 2.1309 1.4801 -2.1066 1.9299 0.0794 17
vehicle.car 127.3428 1213.7309 0.8273 0.4114 0.2275 -85.8512 6.1926 2.4695 2.8623 -2.1066 1.9299 0.0794 11
vehicle.truck 15.2722 1121.2863 0.4060 -3.0034 0.7297 60.9001 6.5575 2.5166 2.5104 -2.1066 1.9299 0.0794 27
vehicle.car 30.4840 1161.0578 0.1846 -0.6664 0.4404 -28.9566 4.7997 2.0992 1.7192 -2.1065 1.9299 0.0793 19
vehicle.car 32.1030 1143.0950 0.8185 1.1199 0.3775 -119.0504 6.1926 2.4695 2.8623 -2.1066 1.9299 0.0794 7
vehicle.car 14.9614 1169.6247 0.1202 -0.7338 1.0400 -29.7350 4.6350 2.1608 1.6715 -2.1066 1.9299 0.0794 13
vehicle.car 66.5310 1144.9967 0.0793 0.4295 0.9151 151.0418 4.6350 2.1608 1.6713 -2.1066 1.9299 0.0794 16
vehicle.bus.rigid 77.3165 1224.5914 1.0944 0.9724 0.5474 -118.7035 12.0306 2.8726 3.5489 -2.1066 1.9299 0.0794 20
vehicle.car 26.2830 1218.7662 0.0687 0.6116 -0.2641 12.0464 4.9145 2.1034 1.4979 -2.1066 1.9298 0.0794 32
vehicle.car 47.0799 1170.0861 0.2044 0.7211 0.5264 -118.9406 4.7000 2.2032 1.7322 -2.1066 1.9299 0.0794 24
vehicle.car 118.7123 1194.5502 0.0974 1.3927 0.2671 -119.0035 4.6495 2.1154 1.5585 -2.1066 1.9299 0.0794 12
vehicle.truck 84.9346 1227.9590 1.0198 0.2621 0.9932 60.9993 8.8288 3.1457 3.4955 -2.1066 1.9299 0.0794 30
vehicle.car 27.0115 1133.9670 0.1428 1.5559 0.9838 -118.8749 4.6350 2.1608 1.6762 -2.1066 1.9299 0.0794 26
vehicle.car 54.9713 1174.0053 0.1917 1.2349 0.4349 61.1692 4.7997 2.0992 1.7220 -2.1066 1.9299 0.0794 22
vehicle.bus.rigid 45.9766 1209.7308 1.0650 0.2826 0.2544 -29.0708 12.0306 2.8726 3.5495 -2.1066 1.9299 0.0794 9
vehicle.car 26.3381 1112.9393 -0.0606 -1.0243 -1.3134 -177.5593 4.9145 2.1583 1.5012 -2.1066 1.9299 0.0794 18
vehicle.car 43.3938 1163.4385 0.0604 0.3332 0.1749 -119.0706 4.9145 2.1034 1.5006 -2.1066 1.9299 0.0794 14
vehicle.car 78.9248 1217.1261 0.1197 0.4488 0.3464 60.9308 4.3470 2.0651 1.5943 -2.1066 1.9299 0.0794 10
vehicle.truck 123.7072 1203.5700 0.5847 1.5503 0.7343 -117.9518 6.5575 2.5166 2.5069 -2.1066 1.9299 0.0794 6
vehicle.car 57.3001 1178.2144 0.0465 1.2228 0.3871 61.1456 4.8306 2.0307 1.4361 -2.1066 1.9299 0.0794 2
vehicle.car 22.8707 1165.2620 0.0177 -0.5880 0.3521 -28.8021 4.8306 2.0307 1.4369 -2.1065 1.9299 0.0793 15
vehicle.car 34.9889 1215.8492 0.0490 0.3274 -0.1851 -27.3212 4.9954 2.1385 1.4884 -2.1066 1.9299 0.0794 8
vehicle.car 21.7363 1217.0641 0.1670 -0.1353 0.5257 48.2572 4.7997 2.0992 1.7226 -2.1066 1.9299 0.0794 5
