vehicle.car 57.9542 1149.7435 0.0089 0.5987 0.1161 151.1376 4.9145 2.1034 1.5079 -0.5763 31.8612 0.1581 4
vehicle.car 92.4210 1187.9578 0.0861 1.3281 0.0053 151.8018 4.9954 2.1385 1.4855 -0.5764 31.8612 0.1581 29
vehicle.truck 37.8860 1153.4856 1.0343 0.1786 0.8987 -118.8788 8.8288 3.1457 3.5018 -0.5763 31.8612 0.1581 25
vehicle.car 31.0758 1120.6562 -0.0800 0.8492 1.8009 2.4168 4.9047 2.1309 1.4801 -0.5763 31.8612 0.1581 17
vehicle.car 127.3428 1213.7303 0.8273 0.4114 0.2275 -85.8513 6.1926 2.4695 2.8623 -0.5763 31.8612 0.1581 11
vehicle.truck 15.2720 1121.2858 0.4060 -3.0034 0.7297 60.9001 6.5575 2.5166 2.5104 -0.5763 31.8612 0.1581 27
vehicle.car 30.4839 1161.0573 0.1846 -0.6663 0.4404 -28.9567 4.7997 2.0992 1.7192 -0.5763 31.8612 0.1581 19
vehicle.car 14.9612 1169.6242 0.1202 -0.7338 1.0400 -29.7350 4.6350 2.1608 1.6715 -0.5763 31.8612 0.1581 13
vehicle.car 66.5308 1144.9962 0.0793 0.4295 0.9151 151.0417 4.6350 2.1608 1.6713 -0.5763 31.8612 0.1581 16
vehicle.bus.rigid -4.2005 1261.6265 1.1625 -0.4923 0.4028 48.8199 12.0306 2.8726 3.5515 -10.1005 55.1759 -0.4166 31
vehicle.bus.rigid 77.3164 1224.5908 1.0944 0.9725 0.5474 -118.7036 12.0306 2.8726 3.5489 -0.5763 31.8612 0.1581 20
vehicle.car 47.0798 1170.0856 0.2044 0.7211 0.5264 -118.9407 4.7000 2.2032 1.7322 -0.5763 31.8612 0.1581 24
vehicle.car 118.7122 1194.5496 0.0974 1.3926 0.2671 -119.0035 4.6495 2.1154 1.5585 -0.5763 31.8612 0.1582 12
vehicle.truck 84.9345 1227.9585 1.0198 0.2621 0.9932 60.9993 8.8288 3.1457 3.4955 -0.5763 31.8612 0.1581 30
vehicle.car 54.9712 1174.0048 0.1917 1.2349 0.4349 61.1692 4.7997 2.0992 1.7220 -0.5763 31.8612 0.1581 22
vehicle.bus.rigid 45.9766 1209.7302 1.0650 0.2826 0.2544 -29.0709 12.0306 2.8726 3.5495 -0.5763 31.8612 0.1581 9
vehicle.car 26.3379 1112.9387 -0.0607 -1.0243 -1.3134 -177.5593 4.9145 2.1583 1.5012 -0.5763 31.8612 0.1581 18
vehicle.car 78.9247 1217.1256 0.1196 0.4489 0.3464 60.9308 4.3470 2.0651 1.5943 -0.5763 31.8612 0.1581 10
vehicle.truck 123.7071 1203.5694 0.5847 1.5503 0.7343 -117.9518 6.5575 2.5166 2.5069 -0.5763 31.8612 0.1581 6
vehicle.car 57.3000 1178.2139 0.0465 1.2228 0.3871 61.1455 4.8306 2.0307 1.4361 -0.5763 31.8612 0.1581 2
vehicle.car 22.8706 1165.2615 0.0177 -0.5880 0.3521 -28.8021 4.8306 2.0307 1.4369 -0.5763 31.8612 0.1581 15
vehicle.car 34.9888 1215.8486 0.0490 0.3273 -0.1852 -27.3213 4.9954 2.1385 1.4884 -0.5763 31.8612 0.1581 8
