vehicle.car 57.9543 1149.7438 0.0089 0.5987 0.1161 151.1375 4.9145 2.1034 1.5079 3.6456 16.3119 -0.2705 4
vehicle.car 107.5120 1175.9157 0.0350 -0.1502 -0.2426 102.1787 4.9954 2.1385 1.4855 -8.9075 20.9238 -0.2182 29
vehicle.truck 37.8861 1153.4859 1.0343 0.1786 0.8987 -118.8788 8.8288 3.1457 3.5018 3.6456 16.3119 -0.2705 25
vehicle.car 22.3122 1125.5119 0.0818 1.5894 0.0902 -118.9735 4.9954 2.1385 1.4837 3.6456 16.3119 -0.2705 21
vehicle.car 127.3429 1213.7306 0.8273 0.4114 0.2275 -85.8512 6.1926 2.4695 2.8623 3.6456 16.3119 -0.2705 11
vehicle.car 30.4840 1161.0576 0.1846 -0.6663 0.4403 -28.9567 4.7997 2.0992 1.7192 3.6456 16.3119 -0.2705 19
vehicle.car 32.1030 1143.0948 0.8185 1.1199 0.3775 -119.0504 6.1926 2.4695 2.8623 3.6456 16.3119 -0.2705 7
vehicle.car 14.9614 1169.6245 0.1202 -0.7338 1.0400 -29.7350 4.6350 2.1608 1.6715 3.6456 16.3119 -0.2705 13
vehicle.truck 83.7565 1236.6686 0.5159 0.4504 0.6358 -114.5057 6.5575 2.5166 2.5270 3.6456 16.3119 -0.2705 23
vehicle.car 66.5310 1144.9965 0.0793 0.4295 0.9151 151.0417 4.6350 2.1608 1.6713 3.6456 16.3119 -0.2705 16
vehicle.bus.rigid 77.3165 1224.5911 1.0944 0.9725 0.5474 -118.7035 12.0306 2.8726 3.5489 3.6456 16.3119 -0.2705 20
vehicle.car 47.0799 1170.0859 0.2044 0.7211 0.5264 -118.9407 4.7000 2.2032 1.7322 3.6456 16.3119 -0.2705 24
vehicle.car 118.7123 1194.5500 0.0974 1.3927 0.2671 -119.0035 4.6495 2.1154 1.5585 3.6456 16.3119 -0.2705 12
vehicle.truck 84.9346 1227.9588 1.0198 0.2621 0.9932 60.9993 8.8288 3.1457 3.4955 3.6456 16.3119 -0.2705 30
vehicle.car 27.0115 1133.9668 0.1428 1.5559 0.9838 -118.8749 4.6350 2.1608 1.6762 3.6456 16.3119 -0.2705 26
vehicle.car 54.9713 1174.0051 0.1917 1.2349 0.4349 61.1692 4.7997 2.0992 1.7220 3.6456 16.3119 -0.2705 22
vehicle.bus.rigid 45.9767 1209.7306 1.0650 0.2826 0.2544 -29.0708 12.0306 2.8726 3.5495 3.6456 16.3119 -0.2705 9
vehicle.car 43.3938 1163.4383 0.0604 0.3332 0.1749 -119.0706 4.9145 2.1034 1.5006 3.6456 16.3119 -0.2705 14
vehicle.car 78.9248 1217.1259 0.1196 0.4488 0.3464 60.9308 4.3470 2.0651 1.5943 3.6456 16.3119 -0.2705 10
vehicle.truck 123.7072 1203.5697 0.5847 1.5503 0.7343 -117.9518 6.5575 2.5166 2.5069 3.6456 16.3119 -0.2705 6
vehicle.car 57.3001 1178.2142 0.0465 1.2228 0.3870 61.1456 4.8306 2.0307 1.4361 3.6456 16.3119 -0.2705 2
vehicle.car 21.7364 1217.0639 0.1670 -0.1353 0.5257 48.2571 4.7997 2.0992 1.7226 3.6456 16.3119 -0.2705 5
