vehicle.car 0.3339 1094.2090 -0.0437 2.1416 0.2876 -119.2723 4.3470 2.1044 1.6213 -14.4736 13.6614 1.2015 28
vehicle.car -15.0935 1059.8877 0.0780 0.2849 0.3617 -126.3568 4.6495 2.1154 1.5596 -40.9340 2.1223 1.9831 3
vehicle.car 57.9543 1149.7435 0.0089 0.5987 0.1161 151.1376 4.9145 2.1034 1.5079 -14.4735 13.6614 1.2015 4
vehicle.car -1.3743 1072.4661 0.0809 1.6924 -0.0423 60.5478 4.9954 2.1385 1.4855 17.5053 33.3521 0.1461 29
vehicle.car 35.7091 1149.5245 0.0759 -0.2567 -0.1228 -118.9413 4.9954 2.1385 1.4837 -34.1430 1.2116 1.9928 21
vehicle.car 31.0760 1120.6562 -0.0800 0.8492 1.8009 2.4169 4.9047 2.1309 1.4801 -14.4735 13.6614 1.2015 17
vehicle.car 30.4841 1161.0573 0.1846 -0.6663 0.4404 -28.9566 4.7997 2.0992 1.7192 -14.4735 13.6614 1.2014 19
vehicle.bus.rigid 8.6283 1100.9103 1.0932 1.7933 0.3589 -118.8967 12.0306 2.8726 3.5515 -41.0474 -3.0409 2.1548 31
vehicle.car 49.9707 1175.3036 0.1587 0.7529 1.0428 -118.9587 4.6350 2.1608 1.6762 -37.3414 -0.7234 1.9723 26
vehicle.car 29.8826 1128.8087 0.1864 1.4072 0.5514 61.0841 4.7997 2.0992 1.7220 16.4512 33.1335 0.0629 22
vehicle.car 26.3381 1112.9387 -0.0606 -1.0243 -1.3134 -177.5593 4.9145 2.1583 1.5012 -14.4736 13.6614 1.2014 18
