vehicle.car 0.3338 1094.2095 -0.0437 2.1416 0.2876 -119.2722 4.3470 2.1044 1.6213 -14.4733 13.7363 1.1510 28
vehicle.car -22.3664 1051.8581 0.0661 0.1640 0.3016 -136.4950 4.6495 2.1154 1.5596 -38.8230 8.2768 1.9705 3
vehicle.car 57.9543 1149.7441 0.0089 0.5987 0.1161 151.1376 4.9145 2.1034 1.5079 -14.4733 13.7363 1.1510 4
vehicle.car 6.2554 1086.1314 0.0891 1.8803 0.0472 61.2197 4.9954 2.1385 1.4855 17.3174 33.7835 0.0812 29
vehicle.car 30.9979 1141.1181 0.0885 1.2784 0.2549 -119.1628 4.9954 2.1385 1.4837 -33.7860 1.7548 1.7430 21
vehicle.car 31.0760 1120.6568 -0.0800 0.8492 1.8009 2.4169 4.9047 2.1309 1.4801 -14.4733 13.7363 1.1510 17
vehicle.truck 15.2722 1121.2863 0.4060 -3.0034 0.7297 60.9002 6.5575 2.5166 2.5104 -14.4733 13.7363 1.1510 27
vehicle.car 30.4840 1161.0578 0.1846 -0.6663 0.4404 -28.9566 4.7997 2.0992 1.7192 -14.4733 13.7363 1.1510 19
vehicle.bus.rigid 2.2809 1089.4870 1.0958 1.7915 0.3772 -118.9422 12.0306 2.8726 3.5515 -41.0273 -2.8798 2.0488 31
vehicle.car 44.5761 1165.5775 0.1385 0.4114 1.5196 -118.9721 4.6350 2.1608 1.6762 -36.8499 -0.2752 1.8060 26
vehicle.car 37.2675 1142.0482 0.1751 0.6052 0.5150 60.6580 4.7997 2.0992 1.7220 16.3356 32.8697 0.0200 22
vehicle.car 26.3381 1112.9392 -0.0606 -1.0243 -1.3134 -177.5593 4.9145 2.1583 1.5012 -14.4733 13.7363 1.1510 18
