vehicle.car 0.3339 1094.2093 -0.0437 2.1416 0.2876 -119.2723 4.3470 2.1044 1.6213 40.0915 6.2361 -0.3369 28
vehicle.car 57.9543 1149.7439 0.0089 0.5987 0.1161 151.1376 4.9145 2.1034 1.5079 40.0915 6.2361 -0.3370 4
vehicle.car 58.2466 1145.6180 0.0366 0.0087 0.1628 -29.5869 4.9954 2.1385 1.4855 27.9193 -2.3012 -0.1188 29
vehicle.truck 43.3946 1163.4470 1.0286 0.2843 0.9008 -118.9858 8.8288 3.1457 3.5018 28.2234 22.8177 -0.0519 25
vehicle.car 22.3122 1125.5119 0.0818 1.5894 0.0902 -118.9734 4.9954 2.1385 1.4837 40.0915 6.2361 -0.3370 21
vehicle.car 31.0760 1120.6566 -0.0800 0.8492 1.8009 2.4169 4.9047 2.1309 1.4801 40.0915 6.2361 -0.3369 17
vehicle.car 127.3428 1213.7307 0.8273 0.4114 0.2275 -85.8512 6.1926 2.4695 2.8623 40.0915 6.2361 -0.3370 11
vehicle.truck 15.2722 1121.2861 0.4060 -3.0034 0.7297 60.9002 6.5575 2.5166 2.5104 40.0915 6.2361 -0.3370 27
vehicle.car 30.4840 1161.0576 0.1846 -0.6663 0.4404 -28.9566 4.7997 2.0992 1.7192 40.0914 6.2362 -0.3369 19
vehicle.car 33.2289 1145.0969 0.8230 0.8837 0.3258 -118.9433 6.1926 2.4695 2.8623 33.2442 15.9423 -0.0689 7
vehicle.car 66.5310 1144.9965 0.0793 0.4295 0.9151 151.0418 4.6350 2.1608 1.6713 40.0915 6.2361 -0.3370 16
vehicle.bus.rigid 85.3822 1240.2276 1.0345 0.3839 0.4171 -114.5866 12.0306 2.8726 3.5489 26.1261 23.0731 0.1079 20
vehicle.car 26.2827 1218.7659 0.0688 0.6084 -0.2845 12.0462 4.9145 2.1034 1.4979 40.0876 6.2294 -0.3399 32
vehicle.car 69.5856 1210.6128 0.1635 0.4432 0.8100 -118.9984 4.7000 2.2032 1.7322 27.1442 24.4419 0.0519 24
vehicle.car 118.7122 1194.5500 0.0974 1.3926 0.2671 -119.0034 4.6495 2.1154 1.5585 40.0915 6.2361 -0.3369 12
vehicle.truck 84.9345 1227.9588 1.0198 0.2621 0.9932 60.9994 8.8288 3.1457 3.4955 40.0915 6.2361 -0.3370 30
vehicle.car 27.0115 1133.9667 0.1428 1.5559 0.9838 -118.8749 4.6350 2.1608 1.6762 40.0915 6.2361 -0.3370 26
vehicle.car 54.9713 1174.0051 0.1917 1.2349 0.4349 61.1692 4.7997 2.0992 1.7220 40.0915 6.2361 -0.3369 22
vehicle.bus.rigid 45.9766 1209.7306 1.0650 0.2826 0.2544 -29.0708 12.0306 2.8726 3.5495 40.0915 6.2361 -0.3369 9
vehicle.car 26.3381 1112.9390 -0.0606 -1.0243 -1.3134 -177.5592 4.9145 2.1583 1.5012 40.0915 6.2361 -0.3369 18
vehicle.car 56.3678 1186.8122 0.0384 0.0373 0.1810 -118.9662 4.9145 2.1034 1.5006 25.8769 26.0545 0.0704 14
vehicle.car 78.9248 1217.1259 0.1196 0.4488 0.3464 60.9308 4.3470 2.0651 1.5943 40.0915 6.2361 -0.3369 10
vehicle.truck 123.7072 1203.5698 0.5847 1.5503 0.7343 -117.9518 6.5575 2.5166 2.5069 40.0915 6.2361 -0.3369 6
vehicle.car 57.3000 1178.2142 0.0465 1.2228 0.3871 61.1456 4.8306 2.0307 1.4361 40.0915 6.2361 -0.3369 2
vehicle.car 34.9888 1215.8490 0.0490 0.3273 -0.1852 -27.3212 4.9954 2.1385 1.4884 40.0915 6.2361 -0.3370 8
