vehicle.car 57.9543 1149.7444 0.0089 0.5987 0.1162 151.1376 4.9145 2.1034 1.5079 0.0314 -0.0315 -0.0028 4
vehicle.car 91.5366 1140.1799 0.0035 -0.5438 0.1823 37.9389 4.9954 2.1385 1.4855 14.0896 3.8249 -0.5021 29
vehicle.truck 37.8861 1153.4864 1.0343 0.1787 0.8987 -118.8787 8.8288 3.1457 3.5018 0.0314 -0.0315 -0.0029 25
vehicle.car 22.3122 1125.5124 0.0818 1.5894 0.0902 -118.9734 4.9954 2.1385 1.4837 0.0314 -0.0315 -0.0028 21
vehicle.car 31.0760 1120.6571 -0.0801 0.8492 1.8009 2.4169 4.9047 2.1309 1.4801 0.0314 -0.0315 -0.0029 17
vehicle.car 127.3428 1213.7312 0.8273 0.4114 0.2275 -85.8512 6.1926 2.4695 2.8623 0.0314 -0.0315 -0.0029 11
vehicle.truck 15.2722 1121.2866 0.4060 -3.0034 0.7297 60.9002 6.5575 2.5166 2.5104 0.0314 -0.0316 -0.0029 27
vehicle.car 30.4840 1161.0581 0.1846 -0.6663 0.4404 -28.9566 4.7997 2.0992 1.7192 0.0314 -0.0316 -0.0028 19
vehicle.car 32.1030 1143.0953 0.8185 1.1199 0.3775 -119.0504 6.1926 2.4695 2.8623 0.0314 -0.0315 -0.0029 7
vehicle.car 66.5309 1144.9971 0.0793 0.4295 0.9151 151.0418 4.6350 2.1608 1.6713 0.0314 -0.0315 -0.0029 16
vehicle.bus.rigid 77.3164 1224.5917 1.0944 0.9724 0.5476 -118.7035 12.0306 2.8726 3.5489 0.0313 -0.0316 -0.0036 20
vehicle.car 26.2830 1218.7665 0.0687 0.6116 -0.2641 12.0465 4.9145 2.1034 1.4979 0.0314 -0.0316 -0.0028 32
vehicle.car 47.2803 1170.4457 0.2049 0.7142 0.9207 -118.9464 4.7000 2.2032 1.7322 -6.1534 -4.0117 0.2287 24
vehicle.car 118.7122 1194.5505 0.0974 1.3927 0.2671 -119.0035 4.6495 2.1154 1.5585 0.0314 -0.0316 -0.0028 12
vehicle.truck 84.9346 1227.9594 1.0198 0.2621 0.9932 60.9993 8.8288 3.1457 3.4955 0.0314 -0.0316 -0.0028 30
vehicle.car 27.0115 1133.9673 0.1428 1.5559 0.9838 -118.8749 4.6350 2.1608 1.6762 0.0314 -0.0315 -0.0029 26
vehicle.car 54.9713 1174.0056 0.1917 1.2349 0.4349 61.1692 4.7997 2.0992 1.7220 0.0314 -0.0315 -0.0028 22
vehicle.bus.rigid 45.9766 1209.7311 1.0650 0.2826 0.2544 -29.0708 12.0306 2.8726 3.5495 0.0314 -0.0315 -0.0028 9
vehicle.car 26.3381 1112.9396 -0.0607 -1.0244 -1.3133 -177.5593 4.9145 2.1583 1.5012 0.0314 -0.0316 -0.0029 18
vehicle.car 43.3938 1163.4388 0.0604 0.3332 0.1749 -119.0706 4.9145 2.1034 1.5006 0.0314 -0.0315 -0.0028 14
vehicle.car 78.9248 1217.1265 0.1196 0.4488 0.3464 60.9309 4.3470 2.0651 1.5943 0.0314 -0.0316 -0.0028 10
vehicle.truck 123.7072 1203.5703 0.5847 1.5503 0.7343 -117.9518 6.5575 2.5166 2.5069 0.0314 -0.0316 -0.0028 6
vehicle.car 57.3000 1178.2147 0.0465 1.2228 0.3870 61.1456 4.8306 2.0307 1.4361 0.0314 -0.0315 -0.0028 2
vehicle.car 34.9889 1215.8495 0.0490 0.3273 -0.1852 -27.3212 4.9954 2.1385 1.4884 0.0314 -0.0315 -0.0029 8
vehicle.car 21.7363 1217.0644 0.1670 -0.1353 0.5257 48.2572 4.7997 2.0992 1.7226 0.0314 -0.0316 -0.0029 5
