vehicle.car -18.4271 1055.8522 0.0694 0.5532 0.2342 -130.6672 4.6495 2.1154 1.5596 -38.4764 5.2646 1.8669 3
vehicle.car 57.9543 1149.7435 0.0089 0.5987 0.1161 151.1376 4.9145 2.1034 1.5079 -14.4717 13.6756 1.1164 4
vehicle.car 2.2098 1078.8283 0.0853 1.8523 0.0336 60.8768 4.9954 2.1385 1.4855 17.3569 33.5661 0.0477 29
vehicle.car 33.5077 1145.5749 0.0909 0.5089 -0.0743 -119.0617 4.9954 2.1385 1.4837 -34.1410 1.4183 1.9938 21
vehicle.car 31.0760 1120.6562 -0.0800 0.8492 1.8009 2.4169 4.9047 2.1309 1.4801 -14.4717 13.6756 1.1164 17
vehicle.truck 15.2722 1121.2857 0.4060 -3.0034 0.7297 60.9001 6.5575 2.5166 2.5104 -14.4717 13.6756 1.1165 27
vehicle.car 30.4840 1161.0572 0.1846 -0.6663 0.4404 -28.9566 4.7997 2.0992 1.7192 -14.4717 13.6756 1.1165 19
vehicle.bus.rigid 5.6651 1095.5760 1.0949 1.7961 0.3779 -118.9269 12.0306 2.8726 3.5515 -41.0279 -2.9895 2.0075 31
vehicle.car 47.4382 1170.7369 0.1553 0.7207 1.0342 -118.9668 4.6350 2.1608 1.6762 -37.0694 -0.5085 1.8371 26
vehicle.car 33.3175 1135.0093 0.1785 1.0489 0.6817 60.9116 4.7997 2.0992 1.7220 16.3551 32.9530 -0.1906 22
vehicle.car 26.3381 1112.9387 -0.0606 -1.0243 -1.3134 -177.5593 4.9145 2.1583 1.5012 -14.4716 13.6756 1.1165 18
vehicle.car 17.4430 1172.2204 0.1559 -0.5428 0.8331 151.1548 4.7997 2.0992 1.7226 -22.9614 27.1135 1.3414 5
