vehicle.car 0.3338 1094.2097 -0.0437 2.1416 0.2876 -119.2723 4.3470 2.1044 1.6213 12.3158 14.8083 -0.0010 28
vehicle.car 57.9543 1149.7443 0.0089 0.5987 0.1161 151.1376 4.9145 2.1034 1.5079 12.3159 14.8083 -0.0010 4
vehicle.car 40.5853 1146.4791 0.0748 -0.4067 0.1730 49.3909 4.9954 2.1385 1.4855 33.2916 0.9114 -0.3908 29
vehicle.truck 57.9251 1189.6595 1.0164 0.5955 0.7686 -118.9982 8.8288 3.1457 3.5018 -11.9385 23.1400 0.4127 25
vehicle.car 22.3122 1125.5123 0.0818 1.5894 0.0902 -118.9734 4.9954 2.1385 1.4837 12.3158 14.8083 -0.0010 21
vehicle.car 31.0760 1120.6570 -0.0800 0.8492 1.8009 2.4169 4.9047 2.1309 1.4801 12.3158 14.8083 -0.0010 17
vehicle.truck 15.2722 1121.2865 0.4060 -3.0034 0.7297 60.9002 6.5575 2.5166 2.5104 12.3158 14.8083 -0.0010 27
vehicle.car 30.4840 1161.0580 0.1846 -0.6663 0.4404 -28.9566 4.7997 2.0992 1.7192 12.3158 14.8083 -0.0010 19
vehicle.car 43.2362 1163.1587 0.7977 0.2850 0.1761 -118.9611 6.1926 2.4695 2.8623 -9.9927 22.4741 0.5964 7
vehicle.car 7.6583 1174.3962 0.1387 -0.7369 1.0873 -48.2212 4.6350 2.1608 1.6715 5.3029 4.1990 0.1587 13
vehicle.car 66.5310 1144.9969 0.0793 0.4295 0.9151 151.0418 4.6350 2.1608 1.6713 12.3158 14.8083 -0.0010 16
vehicle.car 15.9361 1208.4255 0.0294 0.0944 0.9318 60.7823 4.9145 2.1034 1.4979 29.2680 8.7560 -0.6065 32
vehicle.car 84.5741 1238.4587 0.1329 0.6257 0.3554 -114.5646 4.7000 2.2032 1.7322 -11.7917 21.0744 0.5092 24
vehicle.car 118.7122 1194.5504 0.0974 1.3927 0.2671 -119.0035 4.6495 2.1154 1.5585 12.3158 14.8083 -0.0010 12
vehicle.truck 84.9346 1227.9592 1.0198 0.2621 0.9932 60.9993 8.8288 3.1457 3.4955 12.3158 14.8083 -0.0010 30
vehicle.car 27.5872 1134.9969 0.1421 1.5405 1.1507 -118.9529 4.6350 2.1608 1.6762 2.7991 18.0922 0.1934 26
vehicle.car 54.9713 1174.0055 0.1917 1.2349 0.4348 61.1692 4.7997 2.0992 1.7220 12.3158 14.8083 -0.0010 22
vehicle.bus.rigid 45.9766 1209.7309 1.0650 0.2826 0.2544 -29.0708 12.0306 2.8726 3.5495 12.3158 14.8083 -0.0010 9
vehicle.car 70.9955 1213.1509 0.0405 0.4107 -0.1861 -118.9910 4.9145 2.1034 1.5006 -7.8446 21.7126 0.4643 14
vehicle.car 78.9248 1217.1263 0.1196 0.4488 0.3464 60.9308 4.3470 2.0651 1.5943 12.3158 14.8083 -0.0010 10
vehicle.truck 123.7072 1203.5702 0.5847 1.5503 0.7343 -117.9518 6.5575 2.5166 2.5069 12.3158 14.8083 -0.0010 6
vehicle.car 57.3001 1178.2147 0.0464 1.2228 0.3875 61.1456 4.8306 2.0307 1.4361 12.3158 14.8083 -0.0004 2
vehicle.car 22.8708 1165.2622 0.0177 -0.5879 0.3521 -28.8020 4.8306 2.0307 1.4369 12.3159 14.8083 -0.0010 15
vehicle.car 6.8024 1181.4675 0.1859 -0.6039 0.6595 119.2314 4.7997 2.0992 1.7226 15.6503 16.9115 -0.0969 5
