vehicle.car 0.3339 1094.2090 -0.0437 2.1416 0.2876 -119.2722 4.3470 2.1044 1.6213 37.4303 6.8441 -0.2971 28
vehicle.car 57.9543 1149.7436 0.0089 0.5987 0.1161 151.1376 4.9145 2.1034 1.5079 37.4303 6.8441 -0.2971 4
vehicle.car 58.6100 1145.4124 0.0359 0.0120 0.1500 -29.5758 4.9954 2.1385 1.4855 25.1615 -2.0638 -0.0874 29
vehicle.truck 43.1281 1162.9569 1.0269 0.1431 0.7253 -118.9868 8.8288 3.1457 3.5018 25.5409 22.8978 0.1173 25
vehicle.car 22.3122 1125.5117 0.0818 1.5894 0.0902 -118.9734 4.9954 2.1385 1.4837 37.4302 6.8441 -0.2971 21
vehicle.car 31.0760 1120.6563 -0.0800 0.8492 1.8009 2.4169 4.9047 2.1309 1.4801 37.4302 6.8441 -0.2971 17
vehicle.car 127.3428 1213.7304 0.8273 0.4114 0.2275 -85.8512 6.1926 2.4695 2.8623 37.4303 6.8441 -0.2971 11
vehicle.truck 15.2722 1121.2858 0.4060 -3.0034 0.7297 60.9002 6.5575 2.5166 2.5104 37.4303 6.8441 -0.2971 27
vehicle.car 30.4841 1161.0573 0.1846 -0.6663 0.4404 -28.9566 4.7997 2.0992 1.7192 37.4302 6.8441 -0.2971 19
vehicle.car 33.0730 1144.8182 0.8230 0.9062 0.3617 -118.9547 6.1926 2.4695 2.8623 30.6942 16.0165 -0.1212 7
vehicle.car 66.5310 1144.9963 0.0793 0.4295 0.9151 151.0418 4.6350 2.1608 1.6713 37.4302 6.8441 -0.2971 16
vehicle.bus.rigid 85.1216 1239.6772 1.0344 0.6427 0.4084 -114.5824 12.0306 2.8726 3.5489 23.1204 23.4984 0.0950 20
vehicle.car 26.2830 1218.7657 0.0687 0.6122 -0.2588 12.0465 4.9145 2.1034 1.4979 37.4291 6.8407 -0.3054 32
vehicle.car 69.2857 1210.0732 0.1632 0.4588 0.7874 -119.0084 4.7000 2.2032 1.7322 24.2713 24.7091 0.1200 24
vehicle.car 118.7123 1194.5498 0.0974 1.3927 0.2671 -119.0034 4.6495 2.1154 1.5585 37.4302 6.8441 -0.2971 12
vehicle.truck 84.9346 1227.9586 1.0198 0.2621 0.9932 60.9994 8.8288 3.1457 3.4955 37.4302 6.8441 -0.2971 30
vehicle.car 27.0115 1133.9665 0.1428 1.5559 0.9838 -118.8748 4.6350 2.1608 1.6762 37.4303 6.8441 -0.2971 26
vehicle.car 54.9713 1174.0048 0.1917 1.2349 0.4349 61.1692 4.7997 2.0992 1.7220 37.4302 6.8441 -0.2971 22
vehicle.bus.rigid 45.9766 1209.7303 1.0650 0.2826 0.2544 -29.0708 12.0306 2.8726 3.5495 37.4302 6.8441 -0.2971 9
vehicle.car 26.3382 1112.9388 -0.0606 -1.0243 -1.3134 -177.5593 4.9145 2.1583 1.5012 37.4302 6.8441 -0.2971 18
vehicle.car 56.0393 1186.2197 0.0420 0.1441 0.2039 -118.9566 4.9145 2.1034 1.5006 23.0003 26.4377 0.4509 14
vehicle.car 78.9248 1217.1257 0.1196 0.4488 0.3464 60.9309 4.3470 2.0651 1.5943 37.4303 6.8441 -0.2971 10
vehicle.truck 123.7072 1203.5696 0.5847 1.5503 0.7343 -117.9518 6.5575 2.5166 2.5069 37.4303 6.8441 -0.2971 6
vehicle.car 57.3001 1178.2139 0.0465 1.2228 0.3871 61.1456 4.8306 2.0307 1.4361 37.4302 6.8440 -0.2971 2
vehicle.car 34.9889 1215.8487 0.0490 0.3273 -0.1852 -27.3212 4.9954 2.1385 1.4884 37.4302 6.8441 -0.2971 8
