vehicle.car 57.9542 1149.7444 0.0089 0.5987 0.1161 151.1376 4.9145 2.1034 1.5079 -7.5754 9.2375 0.4585 4
vehicle.car 80.7797 1135.6601 0.0306 -0.2052 0.1204 -4.3833 4.9954 2.1385 1.4855 4.7442 0.7903 0.3397 29
vehicle.truck 37.8861 1153.4864 1.0343 0.1786 0.8989 -118.8787 8.8288 3.1457 3.5018 -7.5761 9.2372 0.4550 25
vehicle.car 31.0759 1120.6571 -0.0800 0.8492 1.8009 2.4169 4.9047 2.1309 1.4801 -7.5754 9.2375 0.4585 17
vehicle.car 127.3428 1213.7312 0.8273 0.4114 0.2275 -85.8512 6.1926 2.4695 2.8623 -7.5754 9.2375 0.4585 11
vehicle.truck 15.2721 1121.2866 0.4060 -3.0034 0.7297 60.9002 6.5575 2.5166 2.5104 -7.5754 9.2375 0.4585 27
vehicle.car 30.4840 1161.0581 0.1846 -0.6663 0.4404 -28.9566 4.7997 2.0992 1.7192 -7.5755 9.2375 0.4586 19
vehicle.car 32.1030 1143.0953 0.8185 1.1199 0.3775 -119.0504 6.1926 2.4695 2.8623 -7.5754 9.2375 0.4585 7
vehicle.car 14.9613 1169.6250 0.1202 -0.7338 1.0400 -29.7350 4.6350 2.1608 1.6715 -7.5754 9.2375 0.4585 13
vehicle.car 66.5309 1144.9970 0.0793 0.4295 0.9151 151.0418 4.6350 2.1608 1.6713 -7.5754 9.2375 0.4585 16
vehicle.bus.rigid 77.5889 1225.0870 1.0957 1.0407 0.4899 -118.6682 12.0306 2.8726 3.5489 -10.7614 7.7580 0.5388 20
vehicle.car 54.0861 1182.7256 0.2112 0.9275 0.4475 -119.0054 4.7000 2.2032 1.7322 -28.0726 -0.2389 1.1938 24
vehicle.car 118.7122 1194.5505 0.0974 1.3926 0.2671 -119.0035 4.6495 2.1154 1.5585 -7.5754 9.2375 0.4585 12
vehicle.truck 84.9345 1227.9593 1.0198 0.2621 0.9932 60.9994 8.8288 3.1457 3.4955 -7.5754 9.2375 0.4585 30
vehicle.car 27.0114 1133.9673 0.1428 1.5559 0.9838 -118.8749 4.6350 2.1608 1.6762 -7.5754 9.2375 0.4585 26
vehicle.car 54.9713 1174.0056 0.1917 1.2349 0.4349 61.1692 4.7997 2.0992 1.7220 -7.5754 9.2375 0.4585 22
vehicle.bus.rigid 45.9766 1209.7311 1.0650 0.2826 0.2544 -29.0708 12.0306 2.8726 3.5495 -7.5754 9.2375 0.4585 9
vehicle.car 26.3380 1112.9396 -0.0606 -1.0244 -1.3134 -177.5593 4.9145 2.1583 1.5012 -7.5754 9.2375 0.4584 18
vehicle.car 43.6886 1163.9753 0.0585 0.3595 0.3998 -118.9776 4.9145 2.1034 1.5006 -15.3840 5.6156 0.6552 14
vehicle.car 78.9247 1217.1264 0.1197 0.4489 0.3464 60.9309 4.3470 2.0651 1.5943 -7.5754 9.2375 0.4585 10
vehicle.truck 123.7071 1203.5703 0.5847 1.5503 0.7343 -117.9518 6.5575 2.5166 2.5069 -7.5754 9.2375 0.4585 6
vehicle.car 57.3000 1178.2147 0.0465 1.2228 0.3871 61.1456 4.8306 2.0307 1.4361 -7.5754 9.2375 0.4585 2
vehicle.car 22.8707 1165.2623 0.0177 -0.5880 0.3521 -28.8020 4.8306 2.0307 1.4369 -7.5755 9.2375 0.4585 15
