vehicle.car 57.9543 1149.7439 0.0089 0.5987 0.1161 151.1376 4.9145 2.1034 1.5079 -0.4238 14.3023 -0.0479 4
vehicle.car 98.4195 1184.6895 0.0813 1.4046 0.1562 148.5852 4.9954 2.1385 1.4855 -16.1984 4.4959 0.0183 29
vehicle.truck 37.8861 1153.4860 1.0343 0.1786 0.8987 -118.8788 8.8288 3.1457 3.5018 -0.4238 14.3023 -0.0479 25
vehicle.car 22.3122 1125.5119 0.0818 1.5893 0.0902 -118.9734 4.9954 2.1385 1.4837 -0.4238 14.3023 -0.0479 21
vehicle.car 31.0760 1120.6566 -0.0800 0.8492 1.8009 2.4169 4.9047 2.1309 1.4801 -0.4238 14.3023 -0.0479 17
vehicle.car 127.3429 1213.7307 0.8273 0.4114 0.2275 -85.8512 6.1926 2.4695 2.8623 -0.4238 14.3023 -0.0479 11
vehicle.car 32.1030 1143.0948 0.8185 1.1199 0.3775 -119.0504 6.1926 2.4695 2.8623 -0.4238 14.3023 -0.0479 7
vehicle.car 14.9614 1169.6245 0.1202 -0.7338 1.0400 -29.7350 4.6350 2.1608 1.6715 -0.4238 14.3023 -0.0479 13
vehicle.car 66.5310 1144.9966 0.0793 0.4295 0.9151 151.0417 4.6350 2.1608 1.6713 -0.4238 14.3023 -0.0479 16
vehicle.bus.rigid 77.3165 1224.5912 1.0944 0.9725 0.5474 -118.7035 12.0306 2.8726 3.5489 -0.4238 14.3023 -0.0479 20
vehicle.car 118.7123 1194.5501 0.0974 1.3926 0.2671 -119.0035 4.6495 2.1154 1.5585 -0.4238 14.3023 -0.0479 12
vehicle.truck 84.9346 1227.9589 1.0198 0.2621 0.9932 60.9993 8.8288 3.1457 3.4955 -0.4238 14.3023 -0.0479 30
vehicle.car 27.0115 1133.9668 0.1428 1.5559 0.9838 -118.8749 4.6350 2.1608 1.6762 -0.4238 14.3023 -0.0479 26
vehicle.car 54.9713 1174.0051 0.1917 1.2349 0.4349 61.1692 4.7997 2.0992 1.7220 -0.4238 14.3023 -0.0479 22
vehicle.bus.rigid 45.9766 1209.7306 1.0650 0.2826 0.2544 -29.0708 12.0306 2.8726 3.5495 -0.4238 14.3023 -0.0479 9
vehicle.car 26.3381 1112.9391 -0.0606 -1.0244 -1.3134 -177.5593 4.9145 2.1583 1.5012 -0.4238 14.3023 -0.0478 18
vehicle.car 43.3938 1163.4384 0.0604 0.3332 0.1749 -119.0706 4.9145 2.1034 1.5006 -0.4238 14.3023 -0.0479 14
vehicle.car 78.9248 1217.1260 0.1196 0.4488 0.3464 60.9308 4.3470 2.0651 1.5943 -0.4238 14.3023 -0.0479 10
vehicle.truck 123.7072 1203.5698 0.5847 1.5503 0.7343 -117.9518 6.5575 2.5166 2.5069 -0.4238 14.3023 -0.0479 6
vehicle.car 57.3001 1178.2142 0.0465 1.2228 0.3871 61.1456 4.8306 2.0307 1.4361 -0.4238 14.3023 -0.0479 2
vehicle.car 34.9889 1215.8490 0.0490 0.3274 -0.1852 -27.3212 4.9954 2.1385 1.4884 -0.4238 14.3023 -0.0479 8
vehicle.car 21.7363 1217.0640 0.1670 -0.1353 0.5257 48.2572 4.7997 2.0992 1.7226 -0.4238 14.3023 -0.0479 5
