vehicle.car 0.3339 1094.2098 -0.0437 2.1416 0.2876 -119.2723 4.3470 2.1044 1.6213 -14.4870 13.7348 1.0603 28
vehicle.car 57.9543 1149.7444 0.0089 0.5987 0.1161 151.1376 4.9145 2.1034 1.5079 -14.4870 13.7348 1.0603 4
vehicle.car 19.4844 1110.0502 0.0923 1.5056 0.0920 61.0730 4.9954 2.1385 1.4855 17.8469 33.9985 0.0151 29
vehicle.truck 71.3726 1213.8541 1.0052 0.5345 0.5673 -119.0410 8.8288 3.1457 3.5018 -34.4813 1.2089 1.8194 25
vehicle.car 24.0721 1128.6749 0.0818 1.5695 0.1576 -118.9931 4.9954 2.1385 1.4837 -27.2466 5.7511 1.4593 21
vehicle.car 31.0760 1120.6571 -0.0800 0.8492 1.8009 2.4169 4.9047 2.1309 1.4801 -14.4870 13.7348 1.0603 17
vehicle.truck 15.2722 1121.2866 0.4060 -3.0034 0.7297 60.9002 6.5575 2.5166 2.5104 -14.4870 13.7348 1.0603 27
vehicle.car 30.4840 1161.0581 0.1846 -0.6663 0.4404 -28.9566 4.7997 2.0992 1.7192 -14.4871 13.7348 1.0603 19
vehicle.car 58.4671 1190.6342 0.7897 0.7162 0.0554 -118.9866 6.1926 2.4695 2.8623 -36.4158 -0.0146 1.6241 7
vehicle.car 2.6734 1189.0280 0.1148 -0.8382 0.7677 -104.9435 4.6350 2.1608 1.6715 -23.6189 2.5348 1.4129 13
vehicle.car 66.5310 1144.9970 0.0793 0.4295 0.9151 151.0418 4.6350 2.1608 1.6713 -14.4870 13.7348 1.0603 16
vehicle.bus.rigid -8.7071 1069.7111 1.0948 0.9042 0.4621 -119.5638 12.0306 2.8726 3.5515 -41.4003 -2.2965 1.8671 31
vehicle.car 7.1413 1192.0094 0.0457 -0.8585 0.2947 70.4542 4.9145 2.1034 1.4979 -8.6270 18.1552 0.8710 32
vehicle.car 37.8746 1153.4725 0.1384 0.6085 1.1768 -118.8982 4.6350 2.1608 1.6762 -31.3549 3.1208 1.6025 26
vehicle.car 49.4991 1164.0474 0.1772 0.6140 0.1608 61.3540 4.7997 2.0992 1.7220 9.9767 29.2330 0.2600 22
vehicle.bus.rigid 45.9766 1209.7310 1.0650 0.2826 0.2544 -29.0708 12.0306 2.8726 3.5495 -14.4870 13.7348 1.0603 9
vehicle.car 26.3381 1112.9395 -0.0606 -1.0244 -1.3134 -177.5593 4.9145 2.1583 1.5012 -14.4870 13.7348 1.0603 18
vehicle.car 19.9369 1166.8767 0.0128 -0.6098 0.3787 -28.7549 4.8306 2.0307 1.4369 -8.2166 3.8212 0.9154 15
vehicle.car 8.2216 1179.0152 0.1850 -0.7130 0.3943 132.1788 4.7997 2.0992 1.7226 -15.8908 24.2812 1.1021 5
