vehicle.car 57.9544 1149.7435 0.0089 0.5987 0.1161 151.1376 4.9145 2.1034 1.5079 -0.8252 20.5675 -0.2595 4
vehicle.car 100.5413 1183.4044 0.0690 1.1802 -0.1931 144.3487 4.9954 2.1385 1.4855 -15.7947 12.0982 -0.0051 29
vehicle.truck 37.8862 1153.4855 1.0343 0.1786 0.8987 -118.8787 8.8288 3.1457 3.5018 -0.8253 20.5675 -0.2594 25
vehicle.car 22.3123 1125.5115 0.0818 1.5894 0.0902 -118.9734 4.9954 2.1385 1.4837 -0.8252 20.5675 -0.2594 21
vehicle.car 127.3429 1213.7304 0.8273 0.4114 0.2275 -85.8512 6.1926 2.4695 2.8623 -0.8253 20.5675 -0.2594 11
vehicle.truck 15.2723 1121.2857 0.4060 -3.0034 0.7298 60.9002 6.5575 2.5166 2.5104 -0.8253 20.5675 -0.2594 27
vehicle.car 30.4841 1161.0572 0.1846 -0.6663 0.4403 -28.9566 4.7997 2.0992 1.7192 -0.8252 20.5674 -0.2594 19
vehicle.car 32.1031 1143.0944 0.8185 1.1199 0.3775 -119.0503 6.1926 2.4695 2.8623 -0.8253 20.5675 -0.2594 7
vehicle.car 14.9614 1169.6241 0.1202 -0.7338 1.0400 -29.7349 4.6350 2.1608 1.6715 -0.8253 20.5675 -0.2594 13
vehicle.car 66.5311 1144.9962 0.0793 0.4295 0.9151 151.0418 4.6350 2.1608 1.6713 -0.8253 20.5675 -0.2594 16
vehicle.bus.rigid 77.3165 1224.5908 1.0944 0.9725 0.5474 -118.7035 12.0306 2.8726 3.5489 -0.8252 20.5675 -0.2594 20
vehicle.car 118.7123 1194.5497 0.0974 1.3926 0.2671 -119.0034 4.6495 2.1154 1.5585 -0.8252 20.5675 -0.2594 12
vehicle.truck 84.9346 1227.9585 1.0198 0.2621 0.9932 60.9994 8.8288 3.1457 3.4955 -0.8253 20.5675 -0.2595 30
vehicle.car 27.0116 1133.9663 0.1428 1.5559 0.9838 -118.8749 4.6350 2.1608 1.6762 -0.8253 20.5675 -0.2594 26
vehicle.car 54.9714 1174.0047 0.1917 1.2349 0.4349 61.1692 4.7997 2.0992 1.7220 -0.8253 20.5675 -0.2594 22
vehicle.bus.rigid 45.9767 1209.7302 1.0650 0.2826 0.2544 -29.0707 12.0306 2.8726 3.5495 -0.8253 20.5675 -0.2594 9
vehicle.car 43.3939 1163.4379 0.0604 0.3332 0.1749 -119.0706 4.9145 2.1034 1.5006 -0.8253 20.5675 -0.2595 14
vehicle.car 78.9248 1217.1256 0.1196 0.4489 0.3464 60.9309 4.3470 2.0651 1.5943 -0.8253 20.5674 -0.2595 10
vehicle.truck 123.7073 1203.5695 0.5847 1.5503 0.7343 -117.9518 6.5575 2.5166 2.5069 -0.8253 20.5675 -0.2595 6
vehicle.car 57.3001 1178.2138 0.0465 1.2228 0.3871 61.1456 4.8306 2.0307 1.4361 -0.8252 20.5675 -0.2595 2
vehicle.car 22.8708 1165.2614 0.0177 -0.5880 0.3521 -28.8020 4.8306 2.0307 1.4369 -0.8253 20.5675 -0.2595 15
vehicle.car 21.7363 1217.0636 0.1670 -0.1353 0.5257 48.2572 4.7997 2.0992 1.7226 -0.8253 20.5675 -0.2594 5
