vehicle.car 0.3338 1094.2096 -0.0437 2.1416 0.2876 -119.2723 4.3470 2.1044 1.6213 17.3481 21.3013 0.0159 28
vehicle.car 57.9543 1149.7442 0.0089 0.5987 0.1161 151.1376 4.9145 2.1034 1.5079 17.3481 21.3013 0.0159 4
vehicle.car 65.4034 1141.6239 0.0276 -0.0125 0.1452 -29.0810 4.9954 2.1385 1.4855 7.7666 4.0832 0.1808 29
vehicle.truck 40.0861 1157.4630 1.0460 0.1616 0.7918 -118.9432 8.8288 3.1457 3.5018 7.9179 26.5660 0.2317 25
vehicle.car 22.3122 1125.5122 0.0818 1.5894 0.0902 -118.9734 4.9954 2.1385 1.4837 17.3481 21.3013 0.0159 21
vehicle.car 31.0760 1120.6569 -0.0800 0.8492 1.8009 2.4169 4.9047 2.1309 1.4801 17.3481 21.3013 0.0159 17
vehicle.car 127.3428 1213.7310 0.8273 0.4114 0.2275 -85.8512 6.1926 2.4695 2.8623 17.3481 21.3013 0.0159 11
vehicle.truck 15.2722 1121.2864 0.4060 -3.0034 0.7297 60.9002 6.5575 2.5166 2.5104 17.3481 21.3013 0.0159 27
vehicle.car 32.1030 1143.0951 0.8185 1.1199 0.3772 -119.0504 6.1926 2.4695 2.8623 17.3481 21.3013 0.0159 7
vehicle.car 66.5309 1144.9968 0.0793 0.4295 0.9151 151.0418 4.6350 2.1608 1.6713 17.3481 21.3013 0.0159 16
vehicle.bus.rigid 81.1262 1231.5007 1.0627 0.6135 -0.2079 -116.9766 12.0306 2.8726 3.5489 3.1256 29.0929 0.2993 20
vehicle.car 26.2830 1218.7662 0.0687 0.6116 -0.2641 12.0465 4.9145 2.1034 1.4979 17.3481 21.3013 0.0159 32
vehicle.car 64.3646 1201.2196 0.1664 0.3772 0.3178 -119.0058 4.7000 2.2032 1.7322 -3.1221 32.7239 0.4887 24
vehicle.car 118.7122 1194.5503 0.0974 1.3927 0.2671 -119.0035 4.6495 2.1154 1.5585 17.3481 21.3013 0.0159 12
vehicle.truck 84.9346 1227.9591 1.0198 0.2621 0.9932 60.9994 8.8288 3.1457 3.4955 17.3481 21.3013 0.0159 30
vehicle.car 27.0115 1133.9671 0.1428 1.5559 0.9838 -118.8749 4.6350 2.1608 1.6762 17.3481 21.3013 0.0159 26
vehicle.car 54.9713 1174.0054 0.1917 1.2349 0.4349 61.1692 4.7997 2.0992 1.7220 17.3481 21.3013 0.0159 22
vehicle.bus.rigid 45.9766 1209.7308 1.0650 0.2826 0.2544 -29.0708 12.0306 2.8726 3.5495 17.3481 21.3013 0.0159 9
vehicle.car 26.3381 1112.9393 -0.0606 -1.0243 -1.3134 -177.5593 4.9145 2.1583 1.5012 17.3481 21.3013 0.0159 18
vehicle.truck 123.7072 1203.5701 0.5847 1.5503 0.7343 -117.9518 6.5575 2.5166 2.5069 17.3481 21.3013 0.0159 6
vehicle.car 57.3000 1178.2145 0.0465 1.2228 0.3871 61.1456 4.8306 2.0307 1.4361 17.3481 21.3013 0.0159 2
vehicle.car 11.6934 1200.8230 0.1539 -0.5540 0.4492 60.9489 4.7997 2.0992 1.7226 33.8662 12.0011 -0.2637 5
