vehicle.car 57.9543 1149.7442 0.0089 0.5987 0.1161 151.1377 4.9145 2.1034 1.5079 -5.4396 5.0380 0.6230 4
vehicle.car 89.1937 1138.3845 0.0095 -0.3165 0.2682 28.5635 4.9954 2.1385 1.4855 10.4165 6.3872 0.0157 29
vehicle.truck 37.8861 1153.4862 1.0343 0.1786 0.8987 -118.8787 8.8288 3.1457 3.5018 -5.4396 5.0380 0.6230 25
vehicle.car 22.3122 1125.5122 0.0818 1.5893 0.0902 -118.9734 4.9954 2.1385 1.4837 -5.4396 5.0380 0.6230 21
vehicle.car 31.0760 1120.6569 -0.0800 0.8492 1.8009 2.4169 4.9047 2.1309 1.4801 -5.4396 5.0380 0.6230 17
vehicle.car 127.3428 1213.7310 0.8273 0.4114 0.2275 -85.8512 6.1926 2.4695 2.8623 -5.4396 5.0380 0.6230 11
vehicle.truck 15.2722 1121.2864 0.4060 -3.0034 0.7297 60.9002 6.5575 2.5166 2.5104 -5.4396 5.0380 0.6230 27
vehicle.car 30.4840 1161.0579 0.1846 -0.6663 0.4404 -28.9566 4.7997 2.0992 1.7192 -5.4396 5.0380 0.6230 19
vehicle.car 32.1030 1143.0951 0.8185 1.1199 0.3775 -119.0503 6.1926 2.4695 2.8623 -5.4396 5.0380 0.6230 7
vehicle.car 66.5310 1144.9968 0.0793 0.4295 0.9151 151.0418 4.6350 2.1608 1.6713 -5.4396 5.0380 0.6230 16
vehicle.bus.rigid 77.3164 1224.5915 1.0944 0.9723 0.5478 -118.7034 12.0306 2.8726 3.5489 -5.4403 5.0373 0.6166 20
vehicle.car 26.2830 1218.7663 0.0687 0.6116 -0.2641 12.0465 4.9145 2.1034 1.4979 -5.4396 5.0380 0.6230 32
vehicle.car 48.5563 1172.7457 0.2064 0.7266 0.6071 -118.9612 4.7000 2.2032 1.7322 -19.8750 -4.2277 1.3235 24
vehicle.car 118.7123 1194.5503 0.0974 1.3926 0.2671 -119.0034 4.6495 2.1154 1.5585 -5.4396 5.0380 0.6230 12
vehicle.truck 84.9346 1227.9591 1.0198 0.2621 0.9932 60.9994 8.8288 3.1457 3.4955 -5.4396 5.0380 0.6230 30
vehicle.car 27.0115 1133.9671 0.1428 1.5559 0.9838 -118.8748 4.6350 2.1608 1.6762 -5.4396 5.0380 0.6230 26
vehicle.car 54.9713 1174.0054 0.1917 1.2349 0.4349 61.1692 4.7997 2.0992 1.7220 -5.4396 5.0380 0.6230 22
vehicle.bus.rigid 45.9766 1209.7309 1.0650 0.2826 0.2544 -29.0708 12.0306 2.8726 3.5495 -5.4396 5.0380 0.6230 9
vehicle.car 26.3381 1112.9393 -0.0606 -1.0243 -1.3134 -177.5593 4.9145 2.1583 1.5012 -5.4396 5.0380 0.6230 18
vehicle.car 43.3938 1163.4386 0.0604 0.3332 0.1749 -119.0706 4.9145 2.1034 1.5006 -5.4396 5.0380 0.6230 14
vehicle.car 78.9248 1217.1263 0.1197 0.4488 0.3464 60.9309 4.3470 2.0651 1.5943 -5.4396 5.0380 0.6230 10
vehicle.truck 123.7072 1203.5701 0.5847 1.5503 0.7343 -117.9518 6.5575 2.5166 2.5069 -5.4396 5.0380 0.6230 6
vehicle.car 57.3001 1178.2145 0.0465 1.2228 0.3871 61.1456 4.8306 2.0307 1.4361 -5.4396 5.0380 0.6230 2
vehicle.car 34.9889 1215.8493 0.0490 0.3273 -0.1851 -27.3212 4.9954 2.1385 1.4884 -5.4396 5.0380 0.6230 8
vehicle.car 21.7363 1217.0642 0.1670 -0.1353 0.5263 48.2572 4.7997 2.0992 1.7226 -5.4398 5.0379 0.6245 5
