vehicle.car 57.9542 1149.7437 0.0089 0.5987 0.1161 151.1376 4.9145 2.1034 1.5079 0.0006 -0.0652 0.0000 4
vehicle.car 94.9541 1186.6023 0.0830 1.3750 0.1774 151.3432 4.9954 2.1385 1.4855 -12.2001 -8.0570 0.0420 29
vehicle.truck 37.8861 1153.4857 1.0343 0.1786 0.8987 -118.8788 8.8288 3.1457 3.5018 0.0006 -0.0652 0.0000 25
vehicle.car 22.3121 1125.5117 0.0818 1.5894 0.0902 -118.9735 4.9954 2.1385 1.4837 0.0006 -0.0652 0.0000 21
vehicle.car 31.0759 1120.6564 -0.0800 0.8492 1.8009 2.4169 4.9047 2.1309 1.4801 0.0006 -0.0652 0.0000 17
vehicle.car 127.3429 1213.7304 0.8273 0.4114 0.2275 -85.8513 6.1926 2.4695 2.8623 0.0006 -0.0652 0.0000 11
vehicle.car 32.1029 1143.0946 0.8185 1.1199 0.3775 -119.0504 6.1926 2.4695 2.8623 0.0006 -0.0652 0.0000 7
vehicle.car 14.9613 1169.6243 0.1202 -0.7338 1.0400 -29.7350 4.6350 2.1608 1.6715 0.0006 -0.0652 0.0000 13
vehicle.car 66.5309 1144.9963 0.0793 0.4295 0.9151 151.0418 4.6350 2.1608 1.6713 0.0006 -0.0652 0.0000 16
vehicle.bus.rigid 77.3165 1224.5910 1.0944 0.9725 0.5474 -118.7035 12.0306 2.8726 3.5489 0.0006 -0.0652 0.0000 20
vehicle.car 118.7122 1194.5498 0.0974 1.3926 0.2671 -119.0035 4.6495 2.1154 1.5585 0.0006 -0.0652 0.0000 12
vehicle.truck 84.9346 1227.9586 1.0198 0.2621 0.9932 60.9993 8.8288 3.1457 3.4955 0.0006 -0.0652 0.0000 30
vehicle.car 27.0114 1133.9666 0.1428 1.5559 0.9838 -118.8749 4.6350 2.1608 1.6762 0.0006 -0.0652 0.0000 26
vehicle.car 54.9713 1174.0049 0.1917 1.2349 0.4349 61.1692 4.7997 2.0992 1.7220 0.0006 -0.0652 0.0000 22
vehicle.bus.rigid 45.9766 1209.7304 1.0650 0.2826 0.2544 -29.0708 12.0306 2.8726 3.5495 0.0006 -0.0652 0.0000 9
vehicle.car 26.3380 1112.9389 -0.0607 -1.0244 -1.3134 -177.5593 4.9145 2.1583 1.5012 0.0006 -0.0652 0.0000 18
vehicle.car 43.3937 1163.4381 0.0604 0.3332 0.1749 -119.0706 4.9145 2.1034 1.5006 0.0006 -0.0652 0.0000 14
vehicle.car 78.9248 1217.1258 0.1197 0.4488 0.3464 60.9308 4.3470 2.0651 1.5943 0.0006 -0.0652 0.0001 10
vehicle.truck 123.7072 1203.5696 0.5847 1.5503 0.7343 -117.9518 6.5575 2.5166 2.5069 0.0006 -0.0652 0.0000 6
vehicle.car 57.3000 1178.2140 0.0465 1.2228 0.3870 61.1455 4.8306 2.0307 1.4361 0.0006 -0.0652 0.0000 2
vehicle.car 21.7363 1217.0638 0.1670 -0.1353 0.5257 48.2571 4.7997 2.0992 1.7226 0.0006 -0.0652 0.0001 5
