vehicle.car 0.3338 1094.2095 -0.0437 2.1416 0.2876 -119.2723 4.3470 2.1044 1.6213 -11.8997 11.7567 0.7422 28
vehicle.car 57.9543 1149.7440 0.0089 0.5987 0.1162 151.1376 4.9145 2.1034 1.5079 -11.8997 11.7567 0.7422 4
vehicle.car 26.2013 1122.1669 0.0849 1.5322 0.1007 61.0985 4.9954 2.1385 1.4855 20.9611 31.9066 -0.1348 29
vehicle.truck 67.5181 1206.9079 1.0070 0.4553 0.6441 -119.0333 8.8288 3.1457 3.5018 -31.0852 0.0145 1.2524 25
vehicle.car 22.3135 1125.5143 0.0823 1.5949 0.2900 -118.9672 4.9954 2.1385 1.4837 -12.7651 11.2276 0.7642 21
vehicle.car 31.0760 1120.6567 -0.0800 0.8492 1.8009 2.4169 4.9047 2.1309 1.4801 -11.8997 11.7567 0.7422 17
vehicle.truck 15.2722 1121.2862 0.4060 -3.0034 0.7297 60.9001 6.5575 2.5166 2.5104 -11.8997 11.7567 0.7422 27
vehicle.car 30.4840 1161.0577 0.1846 -0.6663 0.4404 -28.9566 4.7997 2.0992 1.7192 -11.8997 11.7567 0.7421 19
vehicle.car 53.8526 1182.3240 0.8272 0.8595 0.2060 -119.0050 6.1926 2.4695 2.8623 -34.6498 -2.1478 1.4217 7
vehicle.car 2.5058 1183.8700 0.1345 -0.6615 0.6938 -88.5160 4.6350 2.1608 1.6715 -17.3322 -1.3904 1.0507 13
vehicle.car 66.5310 1144.9967 0.0793 0.4295 0.9151 151.0418 4.6350 2.1608 1.6713 -11.8997 11.7567 0.7422 16
vehicle.bus.rigid -14.8689 1060.2029 1.0615 -0.0400 0.5333 -125.2284 12.0306 2.8726 3.5515 -40.8968 -0.4397 1.3930 31
vehicle.car 8.8339 1195.5458 0.0422 -0.7542 0.1176 63.8225 4.9145 2.1034 1.4979 0.0344 19.4190 0.4153 32
vehicle.truck 84.9346 1227.9590 1.0198 0.2621 0.9932 60.9994 8.8288 3.1457 3.4955 -11.8997 11.7567 0.7422 30
vehicle.car 34.1676 1146.7623 0.1573 0.5152 0.5728 -118.9696 4.6350 2.1608 1.6762 -30.4269 0.4720 1.3639 26
vehicle.car 52.8588 1170.1772 0.1890 1.1802 0.5229 61.4155 4.7997 2.0992 1.7220 -0.2755 18.9478 0.4294 22
vehicle.bus.rigid 45.9766 1209.7307 1.0650 0.2826 0.2544 -29.0708 12.0306 2.8726 3.5495 -11.8997 11.7567 0.7422 9
vehicle.car 26.3381 1112.9392 -0.0606 -1.0243 -1.3134 -177.5593 4.9145 2.1583 1.5012 -11.8997 11.7567 0.7422 18
vehicle.car 22.8136 1165.2939 0.0181 -0.5871 0.5484 -28.8079 4.8306 2.0307 1.4369 -10.5021 9.4909 0.7449 15
vehicle.car 33.4482 1216.6860 0.0501 0.1174 0.0264 -24.6991 4.9954 2.1385 1.4884 -6.0602 2.5638 0.7035 8
vehicle.car 7.2805 1180.4694 0.1880 -0.6122 0.5199 124.5598 4.7997 2.0992 1.7226 -11.8999 11.7593 0.7320 5
