vehicle.car 0.3339 1094.2090 -0.0437 2.1416 0.2876 -119.2723 4.3470 2.1044 1.6213 10.1676 23.5684 0.1034 28
vehicle.car 57.9543 1149.7435 0.0089 0.5987 0.1161 151.1376 4.9145 2.1034 1.5079 10.1676 23.5683 0.1034 4
vehicle.car 67.8846 1140.2521 0.0246 0.0139 0.1234 -28.9961 4.9954 2.1385 1.4855 3.4983 3.5541 0.2852 29
vehicle.truck 39.3546 1156.1426 1.0408 0.2198 0.9726 -118.9340 8.8288 3.1457 3.5018 0.0085 26.9732 0.2352 25
vehicle.car 31.0760 1120.6563 -0.0800 0.8492 1.8009 2.4169 4.9047 2.1309 1.4801 10.1676 23.5683 0.1033 17
vehicle.car 127.3429 1213.7304 0.8273 0.4114 0.2275 -85.8512 6.1926 2.4695 2.8623 10.1676 23.5683 0.1034 11
vehicle.truck 15.2722 1121.2858 0.4060 -3.0034 0.7297 60.9001 6.5575 2.5166 2.5104 10.1676 23.5683 0.1034 27
vehicle.car 32.1030 1143.0945 0.8185 1.1199 0.3775 -119.0504 6.1926 2.4695 2.8623 10.1676 23.5684 0.1033 7
vehicle.car 66.5310 1144.9962 0.0793 0.4295 0.9151 151.0418 4.6350 2.1608 1.6713 10.1676 23.5683 0.1034 16
vehicle.bus.rigid 80.2074 1229.8104 1.0867 0.7846 0.1586 -117.6821 12.0306 2.8726 3.5489 -0.8854 27.2766 0.2983 20
vehicle.car 62.7767 1198.3493 0.1641 0.0889 0.3668 -119.0367 4.7000 2.2032 1.7322 -12.3729 31.0719 0.3895 24
vehicle.car 118.7123 1194.5497 0.0974 1.3926 0.2671 -119.0035 4.6495 2.1154 1.5585 10.1676 23.5683 0.1033 12
vehicle.truck 84.9346 1227.9585 1.0198 0.2621 0.9932 60.9993 8.8288 3.1457 3.4955 10.1676 23.5683 0.1033 30
vehicle.car 27.0115 1133.9665 0.1428 1.5559 0.9838 -118.8749 4.6350 2.1608 1.6762 10.1676 23.5683 0.1033 26
vehicle.car 54.9713 1174.0048 0.1917 1.2349 0.4349 61.1692 4.7997 2.0992 1.7220 10.1676 23.5683 0.1034 22
vehicle.bus.rigid 45.9766 1209.7302 1.0650 0.2826 0.2544 -29.0708 12.0306 2.8726 3.5495 10.1676 23.5683 0.1033 9
vehicle.car 26.3381 1112.9387 -0.0606 -1.0243 -1.3134 -177.5593 4.9145 2.1583 1.5012 10.1676 23.5683 0.1033 18
vehicle.car 49.5207 1174.4851 0.0874 0.7263 0.2397 -118.9651 4.9145 2.1034 1.5006 -9.7921 30.2319 0.4389 14
vehicle.car 78.9248 1217.1256 0.1196 0.4488 0.3464 60.9309 4.3470 2.0651 1.5943 10.1676 23.5684 0.1033 10
vehicle.truck 123.7072 1203.5695 0.5847 1.5503 0.7343 -117.9518 6.5575 2.5166 2.5069 10.1676 23.5683 0.1033 6
vehicle.car 57.3001 1178.2139 0.0465 1.2228 0.3871 61.1456 4.8306 2.0307 1.4361 10.1676 23.5683 0.1034 2
vehicle.car 34.9889 1215.8487 0.0490 0.3274 -0.1852 -27.3212 4.9954 2.1385 1.4884 10.1676 23.5683 0.1034 8
vehicle.car 12.9898 1203.1446 0.1543 -0.4628 0.4536 60.8410 4.7997 2.0992 1.7226 28.4311 17.4151 -0.2085 5
