vehicle.car 0.3338 1094.2092 -0.0437 2.1416 0.2876 -119.2723 4.3470 2.1044 1.6213 46.5901 0.3423 -0.2188 28
vehicle.car 57.9543 1149.7438 0.0089 0.5987 0.1161 151.1376 4.9145 2.1034 1.5079 46.5901 0.3423 -0.2189 4
vehicle.car 53.5344 1148.3471 0.0494 -0.2638 0.2966 -25.4498 4.9954 2.1385 1.4855 35.6452 -5.9146 -0.1678 29
vehicle.truck 47.7677 1171.3506 1.0510 0.7235 0.7935 -118.9463 8.8288 3.1457 3.5018 34.8349 19.8071 0.0925 25
vehicle.car 22.3122 1125.5119 0.0818 1.5894 0.0902 -118.9734 4.9954 2.1385 1.4837 46.5901 0.3423 -0.2189 21
vehicle.car 31.0760 1120.6565 -0.0800 0.8492 1.8009 2.4169 4.9047 2.1309 1.4801 46.5901 0.3423 -0.2189 17
vehicle.car 127.3428 1213.7306 0.8273 0.4114 0.2275 -85.8512 6.1926 2.4695 2.8623 46.5901 0.3423 -0.2189 11
vehicle.truck 15.2722 1121.2860 0.4060 -3.0034 0.7297 60.9002 6.5575 2.5166 2.5104 46.5901 0.3423 -0.2189 27
vehicle.car 30.4840 1161.0575 0.1846 -0.6663 0.4404 -28.9566 4.7997 2.0992 1.7192 46.5901 0.3423 -0.2188 19
vehicle.car 36.0897 1150.2227 0.7994 -0.0112 0.0236 -118.9271 6.1926 2.4695 2.8623 38.2500 14.1032 0.0023 7
vehicle.car 66.5309 1144.9965 0.0793 0.4295 0.9151 151.0418 4.6350 2.1608 1.6713 46.5901 0.3423 -0.2189 16
vehicle.car 74.4893 1219.4578 0.1802 1.0073 0.9762 -119.0306 4.7000 2.2032 1.7322 33.6578 21.9945 -0.5310 24
vehicle.car 118.7122 1194.5500 0.0974 1.3927 0.2671 -119.0034 4.6495 2.1154 1.5585 46.5901 0.3423 -0.2189 12
vehicle.truck 84.9345 1227.9588 1.0198 0.2621 0.9932 60.9993 8.8288 3.1457 3.4955 46.5901 0.3423 -0.2189 30
vehicle.car 27.0115 1133.9667 0.1427 1.5559 0.9845 -118.8748 4.6350 2.1608 1.6762 46.5902 0.3423 -0.2182 26
vehicle.car 54.9713 1174.0050 0.1917 1.2349 0.4349 61.1692 4.7997 2.0992 1.7220 46.5901 0.3423 -0.2189 22
vehicle.bus.rigid 45.9766 1209.7305 1.0650 0.2826 0.2544 -29.0708 12.0306 2.8726 3.5495 46.5901 0.3423 -0.2189 9
vehicle.car 26.3381 1112.9390 -0.0606 -1.0243 -1.3134 -177.5593 4.9145 2.1583 1.5012 46.5901 0.3423 -0.2189 18
vehicle.car 61.3153 1195.7373 0.0541 0.6055 -0.0767 -119.1013 4.9145 2.1034 1.5006 33.9556 21.3473 0.2214 14
vehicle.car 78.9247 1217.1259 0.1196 0.4488 0.3464 60.9309 4.3470 2.0651 1.5943 46.5902 0.3423 -0.2189 10
vehicle.truck 123.7071 1203.5697 0.5847 1.5503 0.7343 -117.9518 6.5575 2.5166 2.5069 46.5901 0.3423 -0.2189 6
vehicle.car 57.3000 1178.2141 0.0465 1.2228 0.3871 61.1456 4.8306 2.0307 1.4361 46.5901 0.3423 -0.2189 2
vehicle.car 34.9888 1215.8489 0.0490 0.3274 -0.1852 -27.3212 4.9954 2.1385 1.4884 46.5901 0.3423 -0.2189 8
vehicle.car 5.9905 1187.9815 0.1655 -0.9525 0.6366 87.6650 4.7997 2.0992 1.7226 55.5711 -7.2222 -0.4273 5
