vehicle.car 0.3339 1094.2090 -0.0437 2.1416 0.2876 -119.2723 4.3470 2.1044 1.6213 -14.4860 13.7517 1.1270 28
vehicle.car 57.9543 1149.7435 0.0089 0.5987 0.1161 151.1376 4.9145 2.1034 1.5079 -14.4861 13.7517 1.1271 4
vehicle.car 9.2824 1091.6251 0.0950 1.6502 0.0329 61.2059 4.9954 2.1385 1.4855 17.3916 33.8177 0.0889 29
vehicle.car 29.1778 1137.8668 0.0824 1.4604 0.1521 -119.0378 4.9954 2.1385 1.4837 -33.0254 2.1988 1.7306 21
vehicle.car 31.0760 1120.6562 -0.0800 0.8492 1.8009 2.4169 4.9047 2.1309 1.4801 -14.4861 13.7517 1.1271 17
vehicle.truck 15.2722 1121.2857 0.4060 -3.0034 0.7297 60.9001 6.5575 2.5166 2.5104 -14.4860 13.7517 1.1271 27
vehicle.car 30.4840 1161.0572 0.1846 -0.6663 0.4404 -28.9566 4.7997 2.0992 1.7192 -14.4860 13.7517 1.1271 19
vehicle.car 66.5310 1144.9962 0.0793 0.4295 0.9151 151.0418 4.6350 2.1608 1.6713 -14.4861 13.7517 1.1271 16
vehicle.bus.rigid -0.2559 1084.9233 1.0958 1.7986 0.3890 -118.9340 12.0306 2.8726 3.5515 -41.0279 -2.8644 2.0131 31
vehicle.car 42.6028 1162.0141 0.1305 0.4192 1.2215 -118.9778 4.6350 2.1608 1.6762 -32.0995 2.6916 1.8564 26
vehicle.car 40.2152 1147.3247 0.1743 0.1423 0.5441 60.7598 4.7997 2.0992 1.7220 16.3033 32.8614 0.1155 22
vehicle.car 26.3381 1112.9387 -0.0606 -1.0244 -1.3133 -177.5593 4.9145 2.1583 1.5012 -14.4861 13.7517 1.1270 18
vehicle.car 13.4230 1170.4553 0.0117 -0.7531 0.5365 -30.8560 4.8306 2.0307 1.4369 -6.7189 1.3084 0.8765 15
