vehicle.car -53.5020 1231.3123 0.1147 0.4055 0.2403 30.0258 4.6495 2.1154 1.5596 5.4254 43.5340 -0.5152 3
vehicle.car 57.9543 1149.7441 0.0089 0.5987 0.1161 151.1376 4.9145 2.1034 1.5079 2.6752 15.8334 -0.0581 4
vehicle.car 92.4210 1187.9584 0.0861 1.3281 0.0053 151.8018 4.9954 2.1385 1.4855 2.6752 15.8334 -0.0581 29
vehicle.truck 37.8861 1153.4861 1.0343 0.1786 0.8987 -118.8788 8.8288 3.1457 3.5018 2.6752 15.8334 -0.0581 25
vehicle.car 22.3121 1125.5122 0.0818 1.5894 0.0902 -118.9735 4.9954 2.1385 1.4837 2.6752 15.8334 -0.0582 21
vehicle.car 127.3429 1213.7309 0.8273 0.4114 0.2275 -85.8512 6.1926 2.4695 2.8623 2.6752 15.8334 -0.0581 11
vehicle.truck 15.2721 1121.2863 0.4060 -3.0034 0.7297 60.9001 6.5575 2.5166 2.5104 2.6752 15.8334 -0.0581 27
vehicle.car 30.4840 1161.0578 0.1846 -0.6663 0.4404 -28.9567 4.7997 2.0992 1.7192 2.6752 15.8334 -0.0581 19
vehicle.car 32.1030 1143.0950 0.8185 1.1199 0.3775 -119.0504 6.1926 2.4695 2.8623 2.6752 15.8334 -0.0581 7
vehicle.car 14.9613 1169.6247 0.1202 -0.7338 1.0400 -29.7350 4.6350 2.1608 1.6715 2.6752 15.8334 -0.0581 13
vehicle.truck 83.7565 1236.6689 0.5159 0.4504 0.6358 -114.5058 6.5575 2.5166 2.5270 2.6752 15.8334 -0.0581 23
vehicle.car 66.5309 1144.9967 0.0793 0.4295 0.9151 151.0418 4.6350 2.1608 1.6713 2.6752 15.8334 -0.0581 16
vehicle.bus.rigid 9.5108 1288.9254 1.1588 -0.3259 0.2815 73.5738 12.0306 2.8726 3.5515 -13.9847 34.7074 -0.3802 31
vehicle.bus.rigid 77.3165 1224.5914 1.0944 0.9725 0.5474 -118.7035 12.0306 2.8726 3.5489 2.6752 15.8334 -0.0581 20
vehicle.car 26.2830 1218.7662 0.0687 0.6116 -0.2641 12.0464 4.9145 2.1034 1.4979 2.6751 15.8334 -0.0581 32
vehicle.car 47.0798 1170.0861 0.2044 0.7211 0.5264 -118.9407 4.7000 2.2032 1.7322 2.6752 15.8334 -0.0581 24
vehicle.car 118.7123 1194.5502 0.0974 1.3926 0.2671 -119.0035 4.6495 2.1154 1.5585 2.6752 15.8334 -0.0581 12
vehicle.truck 84.9346 1227.9590 1.0198 0.2621 0.9932 60.9993 8.8288 3.1457 3.4955 2.6752 15.8334 -0.0581 30
vehicle.car 27.0114 1133.9670 0.1428 1.5559 0.9838 -118.8750 4.6350 2.1608 1.6762 2.6752 15.8334 -0.0581 26
vehicle.car 54.9713 1174.0053 0.1917 1.2349 0.4349 61.1692 4.7997 2.0992 1.7220 2.6752 15.8334 -0.0581 22
vehicle.bus.rigid 45.9766 1209.7308 1.0650 0.2826 0.2544 -29.0708 12.0306 2.8726 3.5495 2.6752 15.8334 -0.0581 9
vehicle.car 43.3938 1163.4385 0.0604 0.3332 0.1749 -119.0706 4.9145 2.1034 1.5006 2.6752 15.8334 -0.0581 14
vehicle.car 78.9248 1217.1262 0.1196 0.4488 0.3464 60.9308 4.3470 2.0651 1.5943 2.6752 15.8334 -0.0581 10
vehicle.truck 123.7072 1203.5700 0.5847 1.5503 0.7343 -117.9519 6.5575 2.5166 2.5069 2.6752 15.8334 -0.0581 6
vehicle.car 57.3000 1178.2144 0.0465 1.2228 0.3870 61.1455 4.8306 2.0307 1.4361 2.6752 15.8334 -0.0581 2
vehicle.car 22.8707 1165.2620 0.0177 -0.5880 0.3522 -28.8021 4.8306 2.0307 1.4369 2.6752 15.8334 -0.0582 15
vehicle.car 34.9889 1215.8492 0.0490 0.3273 -0.1851 -27.3213 4.9954 2.1385 1.4884 2.6752 15.8334 -0.0581 8
vehicle.car 21.7363 1217.0642 0.1670 -0.1353 0.5257 48.2571 4.7997 2.0992 1.7226 2.6752 15.8334 -0.0581 5
