vehicle.car 0.3338 1094.2091 -0.0437 2.1416 0.2876 -119.2723 4.3470 2.1044 1.6213 42.7696 5.5183 -0.3337 28
vehicle.car 57.9543 1149.7437 0.0089 0.5987 0.1161 151.1377 4.9145 2.1034 1.5079 42.7696 5.5183 -0.3337 4
vehicle.car 57.8904 1145.8195 0.0373 0.0067 0.1736 -29.5992 4.9954 2.1385 1.4855 30.6968 -2.6522 -0.1495 29
vehicle.truck 43.6683 1163.9444 1.0294 0.3489 0.9652 -118.9872 8.8288 3.1457 3.5018 31.0370 22.4570 0.0009 25
vehicle.car 22.3122 1125.5118 0.0818 1.5894 0.0902 -118.9734 4.9954 2.1385 1.4837 42.7696 5.5183 -0.3337 21
vehicle.car 31.0760 1120.6564 -0.0800 0.8492 1.8009 2.4169 4.9047 2.1309 1.4801 42.7696 5.5183 -0.3337 17
vehicle.car 127.3428 1213.7305 0.8273 0.4114 0.2275 -85.8512 6.1926 2.4695 2.8623 42.7696 5.5183 -0.3337 11
vehicle.truck 15.2722 1121.2859 0.4060 -3.0034 0.7297 60.9002 6.5575 2.5166 2.5104 42.7696 5.5183 -0.3337 27
vehicle.car 30.4840 1161.0574 0.1846 -0.6663 0.4403 -28.9566 4.7997 2.0992 1.7192 42.7696 5.5183 -0.3337 19
vehicle.car 33.3983 1145.3880 0.8177 0.6382 0.1754 -118.9333 6.1926 2.4695 2.8623 35.9275 15.5971 0.0354 7
vehicle.car 66.5309 1144.9964 0.0793 0.4295 0.9151 151.0418 4.6350 2.1608 1.6713 42.7696 5.5183 -0.3337 16
vehicle.bus.rigid 85.6401 1240.7753 1.0346 0.1554 0.4710 -114.5876 12.0306 2.8726 3.5489 29.0467 22.4459 0.1006 20
vehicle.car 26.2827 1218.7658 0.0686 0.6022 -0.2948 12.0462 4.9145 2.1034 1.4979 42.7850 5.5411 -0.3193 32
vehicle.car 69.8891 1211.1583 0.1605 0.3772 0.7305 -119.0001 4.7000 2.2032 1.7322 29.9270 24.1223 0.2441 24
vehicle.car 118.7122 1194.5499 0.0974 1.3926 0.2671 -119.0034 4.6495 2.1154 1.5585 42.7696 5.5183 -0.3337 12
vehicle.truck 84.9345 1227.9587 1.0198 0.2621 0.9932 60.9994 8.8288 3.1457 3.4955 42.7696 5.5183 -0.3337 30
vehicle.car 27.0115 1133.9666 0.1428 1.5559 0.9838 -118.8749 4.6350 2.1608 1.6762 42.7696 5.5183 -0.3338 26
vehicle.car 54.9713 1174.0049 0.1917 1.2349 0.4349 61.1692 4.7997 2.0992 1.7220 42.7696 5.5183 -0.3337 22
vehicle.bus.rigid 45.9766 1209.7304 1.0650 0.2826 0.2544 -29.0707 12.0306 2.8726 3.5495 42.7696 5.5183 -0.3337 9
vehicle.car 26.3381 1112.9389 -0.0606 -1.0243 -1.3134 -177.5593 4.9145 2.1583 1.5012 42.7696 5.5183 -0.3338 18
vehicle.car 56.6924 1187.4050 0.0458 0.3147 0.4210 -118.9600 4.9145 2.1034 1.5006 28.8705 25.6098 -0.4593 14
vehicle.car 78.9247 1217.1258 0.1196 0.4489 0.3464 60.9309 4.3470 2.0651 1.5943 42.7696 5.5183 -0.3337 10
vehicle.truck 123.7071 1203.5697 0.5847 1.5503 0.7343 -117.9518 6.5575 2.5166 2.5069 42.7696 5.5183 -0.3337 6
vehicle.car 57.3000 1178.2141 0.0465 1.2228 0.3871 61.1456 4.8306 2.0307 1.4361 42.7696 5.5183 -0.3337 2
