vehicle.car -50.0787 1233.1557 0.1155 0.3442 0.3055 27.8905 4.6495 2.1154 1.5596 11.6320 38.3810 -0.3667 3
vehicle.car 92.4210 1187.9587 0.0861 1.3281 0.0053 151.8019 4.9954 2.1385 1.4855 4.8236 11.0840 0.1377 29
vehicle.truck 37.8861 1153.4864 1.0343 0.1786 0.8987 -118.8787 8.8288 3.1457 3.5018 4.8236 11.0840 0.1376 25
vehicle.car 127.3428 1213.7311 0.8273 0.4114 0.2275 -85.8512 6.1926 2.4695 2.8623 4.8236 11.0841 0.1376 11
vehicle.car 30.4840 1161.0580 0.1846 -0.6664 0.4404 -28.9566 4.7997 2.0992 1.7192 4.8236 11.0841 0.1376 19
vehicle.car 32.1030 1143.0952 0.8185 1.1199 0.3775 -119.0504 6.1926 2.4695 2.8623 4.8236 11.0841 0.1376 7
vehicle.car 14.9613 1169.6249 0.1202 -0.7338 1.0400 -29.7350 4.6350 2.1608 1.6715 4.8236 11.0840 0.1376 13
vehicle.truck 83.7565 1236.6691 0.5159 0.4504 0.6358 -114.5057 6.5575 2.5166 2.5270 4.8236 11.0841 0.1376 23
vehicle.bus.rigid 10.2946 1292.3338 1.1572 -0.1872 0.3651 76.4980 12.0306 2.8726 3.5515 -10.7455 30.8804 -0.4024 31
vehicle.bus.rigid 77.3164 1224.5916 1.0944 0.9725 0.5474 -118.7035 12.0306 2.8726 3.5489 4.8236 11.0841 0.1376 20
vehicle.car 26.2829 1218.7664 0.0687 0.6116 -0.2641 12.0464 4.9145 2.1034 1.4979 4.8236 11.0841 0.1376 32
vehicle.car 47.0798 1170.0863 0.2044 0.7211 0.5264 -118.9407 4.7000 2.2032 1.7322 4.8236 11.0841 0.1376 24
vehicle.car 118.7122 1194.5504 0.0974 1.3926 0.2671 -119.0034 4.6495 2.1154 1.5585 4.8236 11.0841 0.1376 12
vehicle.truck 84.9346 1227.9593 1.0198 0.2621 0.9932 60.9993 8.8288 3.1457 3.4955 4.8236 11.0841 0.1376 30
vehicle.car 27.0115 1133.9672 0.1428 1.5559 0.9838 -118.8749 4.6350 2.1608 1.6762 4.8236 11.0841 0.1376 26
vehicle.car 54.9713 1174.0055 0.1917 1.2349 0.4349 61.1692 4.7997 2.0992 1.7220 4.8236 11.0841 0.1376 22
vehicle.bus.rigid 45.9766 1209.7310 1.0650 0.2826 0.2544 -29.0708 12.0306 2.8726 3.5495 4.8236 11.0840 0.1376 9
vehicle.car 43.3938 1163.4387 0.0604 0.3332 0.1749 -119.0706 4.9145 2.1034 1.5006 4.8236 11.0841 0.1377 14
vehicle.car 78.9248 1217.1264 0.1196 0.4488 0.3464 60.9308 4.3470 2.0651 1.5943 4.8236 11.0841 0.1377 10
vehicle.truck 123.7072 1203.5702 0.5847 1.5503 0.7343 -117.9518 6.5575 2.5166 2.5069 4.8236 11.0840 0.1376 6
vehicle.car 57.3000 1178.2146 0.0465 1.2228 0.3871 61.1456 4.8306 2.0307 1.4361 4.8236 11.0840 0.1376 2
vehicle.car 22.8707 1165.2622 0.0177 -0.5880 0.3521 -28.8020 4.8306 2.0307 1.4369 4.8236 11.0841 0.1376 15
vehicle.car 34.9888 1215.8494 0.0490 0.3273 -0.1852 -27.3212 4.9954 2.1385 1.4884 4.8236 11.0840 0.1376 8
vehicle.car 21.7363 1217.0644 0.1670 -0.1353 0.5257 48.2572 4.7997 2.0992 1.7226 4.8236 11.0841 0.1376 5
