vehicle.car 0.3339 1094.2094 -0.0437 2.1416 0.2876 -119.2723 4.3470 2.1044 1.6213 4.1994 16.3944 -0.1011 28
vehicle.car 57.9543 1149.7439 0.0089 0.5987 0.1161 151.1376 4.9145 2.1034 1.5079 4.1994 16.3944 -0.1011 4
vehicle.car 37.7757 1142.7408 0.0721 0.1221 0.2109 58.2962 4.9954 2.1385 1.4855 35.4669 13.3899 -0.3432 29
vehicle.truck 59.9905 1193.3809 1.0179 0.7016 0.8556 -119.0400 8.8288 3.1457 3.5018 -21.1606 17.2761 0.1541 25
vehicle.car 22.3122 1125.5120 0.0818 1.5894 0.0902 -118.9734 4.9954 2.1385 1.4837 4.1994 16.3944 -0.1011 21
vehicle.car 31.0760 1120.6567 -0.0800 0.8492 1.8009 2.4169 4.9047 2.1309 1.4801 4.1994 16.3944 -0.1011 17
vehicle.truck 15.2722 1121.2862 0.4060 -3.0034 0.7297 60.9001 6.5575 2.5166 2.5104 4.1994 16.3944 -0.1011 27
vehicle.car 30.4840 1161.0577 0.1846 -0.6663 0.4404 -28.9566 4.7997 2.0992 1.7192 4.1995 16.3944 -0.1010 19
vehicle.car 45.3645 1167.0059 0.8060 0.4096 0.6196 -119.0153 6.1926 2.4695 2.8623 -23.5224 17.3287 0.2086 7
vehicle.car 6.1731 1175.9626 0.1431 -0.7520 1.0668 -54.9126 4.6350 2.1608 1.6715 -0.9025 4.2067 0.2047 13
vehicle.car 66.5310 1144.9966 0.0793 0.4295 0.9151 151.0418 4.6350 2.1608 1.6713 4.1994 16.3944 -0.1011 16
vehicle.car 14.4221 1205.7186 0.0463 -0.4346 0.1842 60.9401 4.9145 2.1034 1.4979 23.4671 15.7775 -0.3466 32
vehicle.truck 84.9346 1227.9589 1.0198 0.2621 0.9932 60.9994 8.8288 3.1457 3.4955 4.1994 16.3944 -0.1011 30
vehicle.car 28.5209 1136.6768 0.1426 1.5031 1.1682 -119.0143 4.6350 2.1608 1.6762 -8.8505 16.8337 0.0529 26
vehicle.car 54.9713 1174.0052 0.1918 1.2348 0.4338 61.1692 4.7997 2.0992 1.7220 4.2004 16.3943 -0.1019 22
vehicle.car 26.3381 1112.9391 -0.0606 -1.0243 -1.3134 -177.5593 4.9145 2.1583 1.5012 4.1994 16.3944 -0.1011 18
vehicle.truck 123.7072 1203.5699 0.5847 1.5503 0.7343 -117.9518 6.5575 2.5166 2.5069 4.1994 16.3944 -0.1011 6
vehicle.car 57.3001 1178.2144 0.0461 1.2229 0.3942 61.1457 4.8306 2.0307 1.4361 4.2005 16.3944 -0.1054 2
vehicle.car 22.8708 1165.2619 0.0177 -0.5880 0.3521 -28.8021 4.8306 2.0307 1.4369 4.1994 16.3944 -0.1011 15
vehicle.car 34.9889 1215.8491 0.0490 0.3273 -0.1851 -27.3212 4.9954 2.1385 1.4884 4.1994 16.3944 -0.1011 8
vehicle.car 7.0301 1180.9676 0.1875 -0.5965 0.5552 121.8199 4.7997 2.0992 1.7226 5.8448 18.4784 -0.1756 5
