vehicle.car 57.9542 1149.7441 0.0089 0.5987 0.1161 151.1376 4.9145 2.1034 1.5079 -6.5901 5.6941 0.2815 4
vehicle.car 98.7099 1151.2999 -0.0023 1.5072 -0.0611 61.5780 4.9954 2.1385 1.4855 12.8405 18.6390 -0.0469 29
vehicle.truck 37.8861 1153.4862 1.0343 0.1786 0.8987 -118.8788 8.8288 3.1457 3.5018 -6.5901 5.6941 0.2814 25
vehicle.car 22.3121 1125.5122 0.0818 1.5894 0.0902 -118.9734 4.9954 2.1385 1.4837 -6.5901 5.6941 0.2815 21
vehicle.car 31.0759 1120.6569 -0.0800 0.8492 1.8009 2.4169 4.9047 2.1309 1.4801 -6.5901 5.6941 0.2815 17
vehicle.car 127.3428 1213.7310 0.8273 0.4114 0.2275 -85.8512 6.1926 2.4695 2.8623 -6.5901 5.6941 0.2814 11
vehicle.car 30.4840 1161.0579 0.1846 -0.6663 0.4404 -28.9566 4.7997 2.0992 1.7192 -6.5901 5.6942 0.2815 19
vehicle.car 32.1029 1143.0951 0.8185 1.1199 0.3775 -119.0504 6.1926 2.4695 2.8623 -6.5901 5.6941 0.2815 7
vehicle.car 14.9613 1169.6248 0.1202 -0.7338 1.0400 -29.7350 4.6350 2.1608 1.6715 -6.5901 5.6942 0.2814 13
vehicle.car 66.5309 1144.9968 0.0793 0.4295 0.9151 151.0417 4.6350 2.1608 1.6713 -6.5901 5.6941 0.2814 16
vehicle.bus.rigid 77.3164 1224.5914 1.0944 0.9725 0.5474 -118.7035 12.0306 2.8726 3.5489 -6.5901 5.6941 0.2815 20
vehicle.car 26.2829 1218.7663 0.0687 0.6116 -0.2641 12.0464 4.9145 2.1034 1.4979 -6.5901 5.6942 0.2815 32
vehicle.car 47.0798 1170.0862 0.2044 0.7211 0.5264 -118.9407 4.7000 2.2032 1.7322 -6.5901 5.6941 0.2814 24
vehicle.car 118.7122 1194.5503 0.0974 1.3926 0.2671 -119.0035 4.6495 2.1154 1.5585 -6.5901 5.6941 0.2815 12
vehicle.truck 84.9345 1227.9591 1.0198 0.2621 0.9932 60.9993 8.8288 3.1457 3.4955 -6.5901 5.6941 0.2815 30
vehicle.car 27.0114 1133.9670 0.1428 1.5559 0.9838 -118.8749 4.6350 2.1608 1.6762 -6.5901 5.6941 0.2814 26
vehicle.car 54.9713 1174.0054 0.1917 1.2349 0.4349 61.1692 4.7997 2.0992 1.7220 -6.5901 5.6941 0.2815 22
vehicle.bus.rigid 45.9766 1209.7308 1.0650 0.2826 0.2544 -29.0708 12.0306 2.8726 3.5495 -6.5901 5.6941 0.2814 9
vehicle.car 26.3380 1112.9393 -0.0606 -1.0244 -1.3134 -177.5593 4.9145 2.1583 1.5012 -6.5901 5.6941 0.2814 18
vehicle.car 43.3937 1163.4386 0.0604 0.3332 0.1749 -119.0706 4.9145 2.1034 1.5006 -6.5901 5.6942 0.2815 14
vehicle.car 78.9248 1217.1262 0.1196 0.4488 0.3464 60.9308 4.3470 2.0651 1.5943 -6.5901 5.6941 0.2814 10
vehicle.truck 123.7071 1203.5701 0.5847 1.5503 0.7343 -117.9518 6.5575 2.5166 2.5069 -6.5901 5.6941 0.2815 6
vehicle.car 57.3000 1178.2145 0.0465 1.2228 0.3871 61.1456 4.8306 2.0307 1.4361 -6.5901 5.6941 0.2814 2
vehicle.car 22.8707 1165.2621 0.0177 -0.5880 0.3521 -28.8021 4.8306 2.0307 1.4369 -6.5902 5.6941 0.2815 15
vehicle.car 34.9888 1215.8493 0.0490 0.3273 -0.1851 -27.3212 4.9954 2.1385 1.4884 -6.5901 5.6941 0.2815 8
vehicle.car 21.7363 1217.0642 0.1670 -0.1353 0.5257 48.2572 4.7997 2.0992 1.7226 -6.5901 5.6941 0.2814 5
