vehicle.car 0.3339 1094.2090 -0.0437 2.1416 0.2876 -119.2723 4.3470 2.1044 1.6213 10.0530 15.7312 -0.0642 28
vehicle.car 57.9543 1149.7436 0.0089 0.5987 0.1161 151.1376 4.9145 2.1034 1.5079 10.0530 15.7312 -0.0642 4
vehicle.car 39.6421 1145.3880 0.0745 -0.3972 0.2180 53.0453 4.9954 2.1385 1.4855 34.7234 4.7997 -0.4025 29
vehicle.truck 58.6135 1190.9092 1.0210 0.7685 0.6745 -119.0045 8.8288 3.1457 3.5018 -14.8175 21.7698 0.3431 25
vehicle.car 22.3122 1125.5116 0.0818 1.5894 0.0902 -118.9734 4.9954 2.1385 1.4837 10.0530 15.7312 -0.0641 21
vehicle.car 31.0760 1120.6563 -0.0800 0.8492 1.8009 2.4169 4.9047 2.1309 1.4801 10.0530 15.7312 -0.0641 17
vehicle.car 127.3428 1213.7304 0.8273 0.4114 0.2275 -85.8512 6.1926 2.4695 2.8623 10.0530 15.7312 -0.0641 11
vehicle.truck 15.2722 1121.2858 0.4060 -3.0034 0.7297 60.9002 6.5575 2.5166 2.5104 10.0530 15.7312 -0.0641 27
vehicle.car 30.4840 1161.0573 0.1846 -0.6664 0.4403 -28.9566 4.7997 2.0992 1.7192 10.0530 15.7313 -0.0642 19
vehicle.car 43.9023 1164.3595 0.7925 0.2048 0.3705 -118.9248 6.1926 2.4695 2.8623 -15.2108 21.7692 0.3020 7
vehicle.car 7.1494 1174.8915 0.1407 -0.7002 1.0991 -50.4057 4.6350 2.1608 1.6715 3.6089 4.5680 0.1830 13
vehicle.car 66.5310 1144.9963 0.0793 0.4295 0.9151 151.0418 4.6350 2.1608 1.6713 10.0530 15.7312 -0.0641 16
vehicle.car 15.4367 1207.5426 0.0371 -0.1391 0.6311 60.9952 4.9145 2.1034 1.4979 27.9976 11.3440 -0.6424 32
vehicle.truck 84.9346 1227.9585 1.0198 0.2621 0.9932 60.9994 8.8288 3.1457 3.4955 10.0530 15.7312 -0.0641 30
vehicle.car 27.8713 1135.5076 0.1423 1.5409 1.1555 -118.9724 4.6350 2.1608 1.6762 -0.6847 18.3491 0.1326 26
vehicle.car 54.9713 1174.0048 0.1917 1.2349 0.4349 61.1692 4.7997 2.0992 1.7220 10.0530 15.7313 -0.0639 22
vehicle.bus.rigid 45.9766 1209.7303 1.0650 0.2826 0.2544 -29.0708 12.0306 2.8726 3.5495 10.0530 15.7312 -0.0641 9
vehicle.car 26.3381 1112.9388 -0.0606 -1.0243 -1.3134 -177.5593 4.9145 2.1583 1.5012 10.0530 15.7312 -0.0641 18
vehicle.car 71.5716 1214.1927 0.0344 0.5646 0.1891 -118.9797 4.9145 2.1034 1.5006 -11.3654 20.9282 0.3557 14
vehicle.car 78.9248 1217.1256 0.1196 0.4489 0.3464 60.9309 4.3470 2.0651 1.5943 10.0530 15.7312 -0.0642 10
vehicle.truck 123.7072 1203.5695 0.5847 1.5503 0.7343 -117.9518 6.5575 2.5166 2.5069 10.0530 15.7312 -0.0641 6
vehicle.car 57.3000 1178.2139 0.0465 1.2228 0.3864 61.1456 4.8306 2.0307 1.4361 10.0532 15.7312 -0.0671 2
vehicle.car 22.8707 1165.2615 0.0177 -0.5880 0.3521 -28.8020 4.8306 2.0307 1.4369 10.0529 15.7312 -0.0641 15
vehicle.car 6.8858 1181.2771 0.1864 -0.6140 0.6114 120.1845 4.7997 2.0992 1.7226 12.8280 17.8607 -0.1611 5
