vehicle.car 57.9543 1149.7437 0.0089 0.5987 0.1161 151.1376 4.9145 2.1034 1.5079 -7.1369 9.8135 0.2712 4
vehicle.car 79.9452 1135.6762 0.0315 -0.3859 0.0863 -7.4961 4.9954 2.1385 1.4855 4.3448 -0.2032 0.2297 29
vehicle.truck 37.8862 1153.4858 1.0345 0.1786 0.8944 -118.8787 8.8288 3.1457 3.5018 -7.1373 9.8134 0.2689 25
vehicle.car 22.3122 1125.5118 0.0818 1.5894 0.0902 -118.9734 4.9954 2.1385 1.4837 -7.1369 9.8135 0.2712 21
vehicle.car 31.0760 1120.6565 -0.0800 0.8492 1.8009 2.4169 4.9047 2.1309 1.4801 -7.1370 9.8135 0.2712 17
vehicle.car 127.3429 1213.7306 0.8273 0.4114 0.2275 -85.8512 6.1926 2.4695 2.8623 -7.1369 9.8135 0.2712 11
vehicle.truck 15.2722 1121.2860 0.4060 -3.0034 0.7297 60.9001 6.5575 2.5166 2.5104 -7.1370 9.8135 0.2712 27
vehicle.car 30.4841 1161.0575 0.1846 -0.6663 0.4404 -28.9566 4.7997 2.0992 1.7192 -7.1369 9.8135 0.2712 19
vehicle.car 32.1030 1143.0947 0.8185 1.1199 0.3775 -119.0504 6.1926 2.4695 2.8623 -7.1369 9.8135 0.2712 7
vehicle.car 14.9614 1169.6244 0.1202 -0.7338 1.0400 -29.7350 4.6350 2.1608 1.6715 -7.1369 9.8135 0.2712 13
vehicle.car 66.5310 1144.9964 0.0793 0.4295 0.9151 151.0418 4.6350 2.1608 1.6713 -7.1369 9.8135 0.2712 16
vehicle.bus.rigid 77.6819 1225.2573 1.0956 1.0954 0.5067 -118.6531 12.0306 2.8726 3.5489 -10.4010 8.4805 0.3362 20
vehicle.car 26.2831 1218.7658 0.0687 0.6116 -0.2641 12.0464 4.9145 2.1034 1.4979 -7.1370 9.8135 0.2712 32
vehicle.car 54.7091 1183.8287 0.1875 0.3986 -0.5201 -119.0474 4.7000 2.2032 1.7322 -28.3077 1.1871 0.6642 24
vehicle.car 118.7123 1194.5499 0.0974 1.3926 0.2671 -119.0035 4.6495 2.1154 1.5585 -7.1369 9.8135 0.2712 12
vehicle.truck 84.9346 1227.9587 1.0198 0.2621 0.9932 60.9994 8.8288 3.1457 3.4955 -7.1369 9.8135 0.2712 30
vehicle.car 27.0115 1133.9666 0.1428 1.5559 0.9838 -118.8749 4.6350 2.1608 1.6762 -7.1369 9.8135 0.2712 26
vehicle.car 54.9713 1174.0050 0.1917 1.2349 0.4349 61.1692 4.7997 2.0992 1.7220 -7.1369 9.8135 0.2712 22
vehicle.bus.rigid 45.9767 1209.7304 1.0650 0.2826 0.2544 -29.0708 12.0306 2.8726 3.5495 -7.1370 9.8135 0.2712 9
vehicle.car 26.3381 1112.9389 -0.0607 -1.0243 -1.3134 -177.5593 4.9145 2.1583 1.5012 -7.1369 9.8135 0.2712 18
vehicle.car 43.9372 1164.4198 0.0602 0.2067 0.5013 -118.9848 4.9145 2.1034 1.5006 -16.2332 6.0637 0.4166 14
vehicle.car 78.9248 1217.1258 0.1196 0.4488 0.3464 60.9309 4.3470 2.0651 1.5943 -7.1369 9.8135 0.2711 10
vehicle.truck 123.7072 1203.5697 0.5847 1.5504 0.7343 -117.9518 6.5575 2.5166 2.5069 -7.1369 9.8135 0.2712 6
vehicle.car 57.3001 1178.2141 0.0465 1.2228 0.3871 61.1456 4.8306 2.0307 1.4361 -7.1370 9.8135 0.2712 2
vehicle.car 22.8708 1165.2617 0.0177 -0.5880 0.3521 -28.8020 4.8306 2.0307 1.4369 -7.1370 9.8135 0.2712 15
vehicle.car 34.9889 1215.8489 0.0490 0.3274 -0.1852 -27.3212 4.9954 2.1385 1.4884 -7.1370 9.8135 0.2712 8
