vehicle.car 57.9543 1149.7444 0.0089 0.5987 0.1161 151.1376 4.9145 2.1034 1.5079 -3.4833 3.2049 0.1229 4
vehicle.car 97.3336 1148.7837 -0.0093 1.4070 -0.2330 61.6034 4.9954 2.1385 1.4855 -3.4833 3.2049 0.1229 29
vehicle.truck 37.8861 1153.4865 1.0343 0.1787 0.8987 -118.8788 8.8288 3.1457 3.5018 -3.4833 3.2049 0.1228 25
vehicle.car 22.3122 1125.5125 0.0818 1.5894 0.0902 -118.9734 4.9954 2.1385 1.4837 -3.4833 3.2049 0.1229 21
vehicle.car 31.0760 1120.6571 -0.0800 0.8492 1.8009 2.4169 4.9047 2.1309 1.4801 -3.4833 3.2049 0.1228 17
vehicle.car 127.3429 1213.7312 0.8273 0.4114 0.2275 -85.8512 6.1926 2.4695 2.8623 -3.4833 3.2049 0.1229 11
vehicle.truck 15.2722 1121.2866 0.4060 -3.0034 0.7297 60.9002 6.5575 2.5166 2.5104 -3.4833 3.2049 0.1228 27
vehicle.car 30.4840 1161.0581 0.1846 -0.6664 0.4404 -28.9566 4.7997 2.0992 1.7192 -3.4833 3.2050 0.1227 19
vehicle.car 32.1030 1143.0954 0.8185 1.1199 0.3775 -119.0504 6.1926 2.4695 2.8623 -3.4833 3.2049 0.1229 7
vehicle.car 14.9614 1169.6250 0.1202 -0.7338 1.0400 -29.7350 4.6350 2.1608 1.6715 -3.4833 3.2049 0.1229 13
vehicle.car 66.5310 1144.9971 0.0793 0.4295 0.9151 151.0418 4.6350 2.1608 1.6713 -3.4833 3.2049 0.1229 16
vehicle.bus.rigid 77.3165 1224.5917 1.0944 0.9725 0.5474 -118.7035 12.0306 2.8726 3.5489 -3.4833 3.2049 0.1229 20
vehicle.car 26.2830 1218.7665 0.0687 0.6116 -0.2641 12.0464 4.9145 2.1034 1.4979 -3.4833 3.2050 0.1229 32
vehicle.car 47.0799 1170.0864 0.2044 0.7211 0.5264 -118.9407 4.7000 2.2032 1.7322 -3.4833 3.2049 0.1229 24
vehicle.car 118.7123 1194.5505 0.0974 1.3927 0.2671 -119.0035 4.6495 2.1154 1.5585 -3.4833 3.2049 0.1229 12
vehicle.truck 84.9346 1227.9594 1.0198 0.2621 0.9932 60.9993 8.8288 3.1457 3.4955 -3.4833 3.2049 0.1228 30
vehicle.car 27.0115 1133.9673 0.1428 1.5559 0.9838 -118.8749 4.6350 2.1608 1.6762 -3.4833 3.2049 0.1229 26
vehicle.car 54.9713 1174.0056 0.1917 1.2349 0.4349 61.1692 4.7997 2.0992 1.7220 -3.4833 3.2049 0.1228 22
vehicle.bus.rigid 45.9766 1209.7311 1.0650 0.2826 0.2544 -29.0708 12.0306 2.8726 3.5495 -3.4833 3.2049 0.1228 9
vehicle.car 26.3381 1112.9396 -0.0606 -1.0243 -1.3134 -177.5593 4.9145 2.1583 1.5012 -3.4833 3.2049 0.1229 18
vehicle.car 43.3938 1163.4389 0.0604 0.3332 0.1749 -119.0706 4.9145 2.1034 1.5006 -3.4833 3.2049 0.1229 14
vehicle.car 78.9248 1217.1265 0.1196 0.4489 0.3464 60.9308 4.3470 2.0651 1.5943 -3.4833 3.2049 0.1229 10
vehicle.truck 123.7072 1203.5703 0.5847 1.5503 0.7343 -117.9518 6.5575 2.5166 2.5069 -3.4833 3.2049 0.1229 6
vehicle.car 57.3001 1178.2147 0.0465 1.2228 0.3871 61.1456 4.8306 2.0307 1.4361 -3.4833 3.2050 0.1229 2
vehicle.car 22.8707 1165.2624 0.0177 -0.5880 0.3521 -28.8020 4.8306 2.0307 1.4369 -3.4833 3.2050 0.1228 15
vehicle.car 34.9889 1215.8495 0.0490 0.3273 -0.1852 -27.3212 4.9954 2.1385 1.4884 -3.4833 3.2049 0.1228 8
vehicle.car 21.7363 1217.0645 0.1670 -0.1353 0.5257 48.2572 4.7997 2.0992 1.7226 -3.4833 3.2049 0.1228 5
