vehicle.car 57.9542 1149.7437 0.0089 0.5987 0.1161 151.1376 4.9145 2.1034 1.5079 -0.8735 20.5135 -0.2905 4
vehicle.car 105.5145 1179.2719 0.0364 0.3900 -0.0044 124.8687 4.9954 2.1385 1.4855 -14.1356 17.0423 -0.2774 29
vehicle.truck 37.8860 1153.4858 1.0343 0.1786 0.8987 -118.8788 8.8288 3.1457 3.5018 -0.8735 20.5135 -0.2906 25
vehicle.car 22.3120 1125.5118 0.0818 1.5894 0.0902 -118.9735 4.9954 2.1385 1.4837 -0.8735 20.5135 -0.2905 21
vehicle.car 127.3428 1213.7305 0.8273 0.4114 0.2275 -85.8513 6.1926 2.4695 2.8623 -0.8736 20.5135 -0.2906 11
vehicle.car 30.4839 1161.0574 0.1846 -0.6664 0.4404 -28.9567 4.7997 2.0992 1.7192 -0.8736 20.5136 -0.2905 19
vehicle.car 32.1029 1143.0947 0.8185 1.1199 0.3775 -119.0504 6.1926 2.4695 2.8623 -0.8736 20.5135 -0.2905 7
vehicle.car 66.5309 1144.9964 0.0793 0.4295 0.9151 151.0417 4.6350 2.1608 1.6713 -0.8736 20.5135 -0.2906 16
vehicle.bus.rigid 77.3164 1224.5910 1.0944 0.9725 0.5474 -118.7035 12.0306 2.8726 3.5489 -0.8736 20.5135 -0.2906 20
vehicle.car 47.0798 1170.0858 0.2044 0.7211 0.5264 -118.9407 4.7000 2.2032 1.7322 -0.8736 20.5135 -0.2906 24
vehicle.car 118.7122 1194.5498 0.0974 1.3926 0.2671 -119.0035 4.6495 2.1154 1.5585 -0.8736 20.5135 -0.2906 12
vehicle.truck 84.9345 1227.9587 1.0198 0.2621 0.9932 60.9993 8.8288 3.1457 3.4955 -0.8736 20.5135 -0.2905 30
vehicle.car 27.0114 1133.9666 0.1428 1.5559 0.9838 -118.8750 4.6350 2.1608 1.6762 -0.8735 20.5135 -0.2905 26
vehicle.car 54.9712 1174.0049 0.1917 1.2349 0.4349 61.1692 4.7997 2.0992 1.7220 -0.8735 20.5135 -0.2906 22
vehicle.bus.rigid 45.9765 1209.7304 1.0650 0.2826 0.2544 -29.0708 12.0306 2.8726 3.5495 -0.8736 20.5135 -0.2905 9
vehicle.car 43.3937 1163.4382 0.0604 0.3332 0.1749 -119.0706 4.9145 2.1034 1.5006 -0.8736 20.5135 -0.2906 14
vehicle.car 78.9247 1217.1258 0.1196 0.4489 0.3464 60.9308 4.3470 2.0651 1.5943 -0.8735 20.5135 -0.2905 10
vehicle.truck 123.7071 1203.5696 0.5847 1.5503 0.7343 -117.9518 6.5575 2.5166 2.5069 -0.8736 20.5135 -0.2906 6
vehicle.car 57.3000 1178.2140 0.0465 1.2228 0.3871 61.1456 4.8306 2.0307 1.4361 -0.8736 20.5135 -0.2905 2
vehicle.car 21.7362 1217.0638 0.1670 -0.1353 0.5257 48.2571 4.7997 2.0992 1.7226 -0.8736 20.5135 -0.2906 5
