vehicle.car 57.9543 1149.7439 0.0089 0.5987 0.1161 151.1376 4.9145 2.1034 1.5079 -0.0001 0.0003 0.0000 4
vehicle.car 95.3092 1145.0830 -0.0132 0.7085 0.5175 56.9959 4.9954 2.1385 1.4855 14.3476 8.7789 -0.5619 29
vehicle.truck 37.8861 1153.4859 1.0343 0.1787 0.8987 -118.8787 8.8288 3.1457 3.5018 -0.0001 0.0003 0.0000 25
vehicle.car 127.3428 1213.7307 0.8273 0.4114 0.2275 -85.8512 6.1926 2.4695 2.8623 -0.0001 0.0003 0.0000 11
vehicle.truck 15.2722 1121.2861 0.4060 -3.0034 0.7297 60.9002 6.5575 2.5166 2.5104 -0.0001 0.0003 0.0000 27
vehicle.car 30.4840 1161.0576 0.1846 -0.6663 0.4403 -28.9566 4.7997 2.0992 1.7192 -0.0002 0.0003 -0.0000 19
vehicle.car 32.1030 1143.0948 0.8185 1.1199 0.3775 -119.0504 6.1926 2.4695 2.8623 -0.0001 0.0003 0.0000 7
vehicle.car 66.5310 1144.9965 0.0793 0.4295 0.9151 151.0418 4.6350 2.1608 1.6713 -0.0001 0.0003 0.0000 16
vehicle.bus.rigid 77.3164 1224.5912 1.0944 0.9725 0.5474 -118.7035 12.0306 2.8726 3.5489 -0.0001 0.0002 0.0000 20
vehicle.car 26.2830 1218.7660 0.0687 0.6116 -0.2641 12.0465 4.9145 2.1034 1.4979 -0.0002 0.0003 0.0000 32
vehicle.car 47.0799 1170.0859 0.2044 0.7211 0.5263 -118.9407 4.7000 2.2032 1.7322 -0.0002 0.0002 -0.0003 24
vehicle.car 118.7122 1194.5500 0.0974 1.3926 0.2671 -119.0035 4.6495 2.1154 1.5585 -0.0001 0.0002 0.0000 12
vehicle.truck 84.9346 1227.9588 1.0198 0.2621 0.9932 60.9994 8.8288 3.1457 3.4955 -0.0001 0.0002 0.0000 30
vehicle.car 27.0115 1133.9668 0.1428 1.5559 0.9838 -118.8749 4.6350 2.1608 1.6762 -0.0001 0.0002 0.0000 26
vehicle.car 54.9713 1174.0051 0.1917 1.2349 0.4349 61.1692 4.7997 2.0992 1.7220 -0.0001 0.0002 0.0000 22
vehicle.bus.rigid 45.9766 1209.7306 1.0650 0.2826 0.2544 -29.0708 12.0306 2.8726 3.5495 -0.0001 0.0003 0.0000 9
vehicle.car 43.3938 1163.4383 0.0604 0.3332 0.1749 -119.0706 4.9145 2.1034 1.5006 -0.0001 0.0003 0.0000 14
vehicle.car 78.9248 1217.1259 0.1197 0.4489 0.3464 60.9308 4.3470 2.0651 1.5943 -0.0001 0.0002 0.0000 10
vehicle.truck 123.7072 1203.5698 0.5847 1.5503 0.7343 -117.9518 6.5575 2.5166 2.5069 -0.0001 0.0002 0.0000 6
vehicle.car 57.3001 1178.2142 0.0465 1.2228 0.3871 61.1456 4.8306 2.0307 1.4361 -0.0001 0.0003 0.0000 2
vehicle.car 34.9889 1215.8490 0.0490 0.3274 -0.1852 -27.3212 4.9954 2.1385 1.4884 -0.0001 0.0003 0.0000 8
vehicle.car 21.7363 1217.0639 0.1670 -0.1353 0.5257 48.2572 4.7997 2.0992 1.7226 -0.0001 0.0003 0.0000 5
