vehicle.car 0.3338 1094.2097 -0.0437 2.1416 0.2876 -119.2723 4.3470 2.1044 1.6213 33.2365 1.8109 -0.2299 28
vehicle.car 57.9543 1149.7442 0.0089 0.5987 0.1161 151.1376 4.9145 2.1034 1.5079 33.2365 1.8109 -0.2298 4
vehicle.car 47.6743 1150.1368 0.0739 -0.2466 0.3666 10.0980 4.9954 2.1385 1.4855 26.6700 -12.6771 -0.3496 29
vehicle.truck 52.8410 1180.5007 1.0593 0.8455 0.8332 -119.0119 8.8288 3.1457 3.5018 19.1758 21.7012 0.0300 25
vehicle.car 22.3122 1125.5123 0.0818 1.5894 0.0902 -118.9734 4.9954 2.1385 1.4837 33.2365 1.8109 -0.2298 21
vehicle.car 31.0760 1120.6570 -0.0800 0.8492 1.8009 2.4169 4.9047 2.1309 1.4801 33.2365 1.8109 -0.2299 17
vehicle.car 127.3428 1213.7310 0.8273 0.4114 0.2275 -85.8512 6.1926 2.4695 2.8623 33.2365 1.8109 -0.2299 11
vehicle.truck 15.2722 1121.2865 0.4060 -3.0034 0.7297 60.9002 6.5575 2.5166 2.5104 33.2365 1.8109 -0.2299 27
vehicle.car 39.6922 1156.7572 0.8138 0.2784 0.2609 -118.9697 6.1926 2.4695 2.8623 23.6862 15.3043 -0.0416 7
vehicle.car 66.5310 1144.9969 0.0793 0.4295 0.9151 151.0418 4.6350 2.1608 1.6713 33.2365 1.8109 -0.2299 16
vehicle.car 19.5123 1214.3596 0.0472 -0.1688 0.0444 57.9611 4.9145 2.1034 1.4979 40.7332 -10.8084 -0.2781 32
vehicle.car 79.9076 1229.1838 0.2055 1.0525 0.3303 -118.3987 4.7000 2.2032 1.7322 18.7837 22.1130 0.1672 24
vehicle.car 118.7122 1194.5504 0.0974 1.3926 0.2671 -119.0035 4.6495 2.1154 1.5585 33.2365 1.8109 -0.2298 12
vehicle.truck 84.9346 1227.9592 1.0198 0.2621 0.9932 60.9993 8.8288 3.1457 3.4955 33.2365 1.8109 -0.2299 30
vehicle.car 27.0113 1133.9669 0.1407 1.5552 1.0152 -118.8729 4.6350 2.1608 1.6762 33.2367 1.8109 -0.2155 26
vehicle.car 54.9713 1174.0055 0.1917 1.2349 0.4349 61.1692 4.7997 2.0992 1.7220 33.2365 1.8109 -0.2298 22
vehicle.bus.rigid 45.9766 1209.7309 1.0650 0.2826 0.2544 -29.0708 12.0306 2.8726 3.5495 33.2365 1.8109 -0.2299 9
vehicle.car 26.3381 1112.9394 -0.0606 -1.0243 -1.3134 -177.5593 4.9145 2.1583 1.5012 33.2366 1.8109 -0.2299 18
vehicle.car 66.5141 1205.0892 0.0396 0.5300 0.3154 -119.0202 4.9145 2.1034 1.5006 19.7881 20.8604 -0.0103 14
vehicle.truck 123.7072 1203.5702 0.5847 1.5503 0.7343 -117.9518 6.5575 2.5166 2.5069 33.2365 1.8109 -0.2299 6
vehicle.car 57.3001 1178.2146 0.0465 1.2228 0.3871 61.1456 4.8306 2.0307 1.4361 33.2365 1.8109 -0.2299 2
vehicle.car 34.9889 1215.8494 0.0490 0.3273 -0.1852 -27.3212 4.9954 2.1385 1.4884 33.2365 1.8109 -0.2299 8
