vehicle.car 0.3338 1094.2096 -0.0437 2.1416 0.2876 -119.2723 4.3470 2.1044 1.6213 -14.4881 13.7349 1.0931 28
vehicle.car 57.9543 1149.7442 0.0089 0.5987 0.1161 151.1376 4.9145 2.1034 1.5079 -14.4881 13.7348 1.0930 4
vehicle.car 18.4569 1108.1973 0.0939 1.4939 0.1807 61.0843 4.9954 2.1385 1.4855 17.7925 33.9724 0.0357 29
vehicle.truck 72.0156 1215.0182 0.9983 0.6522 0.6544 -119.0711 8.8288 3.1457 3.5018 -34.9680 0.9081 1.6927 25
vehicle.car 24.4929 1129.4319 0.0817 1.5533 0.1472 -118.9945 4.9954 2.1385 1.4837 -28.1464 5.1866 1.5329 21
vehicle.car 31.0760 1120.6569 -0.0800 0.8492 1.8009 2.4169 4.9047 2.1309 1.4801 -14.4881 13.7348 1.0930 17
vehicle.truck 15.2722 1121.2864 0.4060 -3.0034 0.7297 60.9002 6.5575 2.5166 2.5104 -14.4881 13.7348 1.0930 27
vehicle.car 30.4840 1161.0579 0.1846 -0.6663 0.4404 -28.9566 4.7997 2.0992 1.7192 -14.4881 13.7349 1.0929 19
vehicle.car 59.1610 1191.8884 0.7922 0.7964 0.0917 -118.9922 6.1926 2.4695 2.8623 -36.2784 0.0746 2.1295 7
vehicle.car 2.8361 1189.8133 0.1116 -0.8898 0.8283 -107.1393 4.6350 2.1608 1.6715 -24.1983 3.0085 1.4687 13
vehicle.car 66.5309 1144.9968 0.0793 0.4295 0.9151 151.0418 4.6350 2.1608 1.6713 -14.4881 13.7349 1.0930 16
vehicle.bus.rigid -7.8412 1071.2208 1.0960 0.9877 0.4565 -119.2422 12.0306 2.8726 3.5515 -41.2456 -2.5383 1.9181 31
vehicle.car 6.9952 1191.6606 0.0459 -0.8609 0.3048 71.5555 4.9145 2.1034 1.4979 -9.5966 17.5594 0.9324 32
vehicle.car 38.4051 1154.4285 0.1419 0.4519 1.0119 -118.9248 4.6350 2.1608 1.6762 -30.8855 3.4345 1.4623 26
vehicle.car 48.6805 1162.5607 0.1654 0.3178 0.4787 61.2750 4.7997 2.0992 1.7220 13.1035 31.2001 0.4427 22
vehicle.bus.rigid 45.9766 1209.7309 1.0650 0.2826 0.2544 -29.0708 12.0306 2.8726 3.5495 -14.4881 13.7349 1.0930 9
vehicle.car 26.3381 1112.9394 -0.0606 -1.0243 -1.3134 -177.5593 4.9145 2.1583 1.5012 -14.4881 13.7348 1.0930 18
vehicle.car 19.3582 1167.1938 0.0118 -0.6116 0.3968 -28.7463 4.8306 2.0307 1.4369 -8.0375 3.5550 0.9364 15
vehicle.car 8.5916 1178.5506 0.1826 -0.7480 0.3200 134.3640 4.7997 2.0992 1.7226 -16.3648 24.3434 1.1734 5
