vehicle.car 0.3338 1094.2094 -0.0437 2.1416 0.2876 -119.2723 4.3470 2.1044 1.6213 -4.7443 12.7663 0.1722 28
vehicle.car 57.9543 1149.7439 0.0089 0.5987 0.1161 151.1376 4.9145 2.1034 1.5079 -4.7442 12.7663 0.1722 4
vehicle.car 33.4752 1135.2979 0.0728 1.0167 0.4282 60.9128 4.9954 2.1385 1.4855 30.7918 24.0471 -0.6327 29
vehicle.truck 63.0417 1198.8451 1.0213 0.4000 0.8525 -119.0185 8.8288 3.1457 3.5018 -28.1936 5.2963 0.7025 25
vehicle.car 22.3121 1125.5120 0.0818 1.5894 0.0902 -118.9734 4.9954 2.1385 1.4837 -4.7442 12.7663 0.1722 21
vehicle.car 31.0759 1120.6567 -0.0800 0.8492 1.8009 2.4169 4.9047 2.1309 1.4801 -4.7443 12.7663 0.1722 17
vehicle.truck 15.2722 1121.2862 0.4060 -3.0034 0.7297 60.9002 6.5575 2.5166 2.5104 -4.7442 12.7663 0.1722 27
vehicle.car 30.4840 1161.0577 0.1846 -0.6663 0.4404 -28.9566 4.7997 2.0992 1.7192 -4.7443 12.7663 0.1722 19
vehicle.car 48.7329 1173.0846 0.8201 0.7209 0.2546 -118.9549 6.1926 2.4695 2.8623 -31.0078 4.3300 0.5784 7
vehicle.car 4.2269 1178.7272 0.1472 -0.7209 0.9133 -66.9845 4.6350 2.1608 1.6715 -8.0844 -0.6314 0.5022 13
vehicle.car 66.5309 1144.9966 0.0793 0.4295 0.9151 151.0418 4.6350 2.1608 1.6713 -4.7442 12.7663 0.1722 16
vehicle.car 12.0205 1201.3938 0.0450 -0.4975 0.1660 61.0816 4.9145 2.1034 1.4979 13.7475 18.6964 -0.1224 32
vehicle.car 118.7122 1194.5501 0.0974 1.3927 0.2671 -119.0035 4.6495 2.1154 1.5585 -4.7443 12.7663 0.1722 12
vehicle.truck 84.9346 1227.9589 1.0198 0.2621 0.9932 60.9993 8.8288 3.1457 3.4955 -4.7443 12.7663 0.1722 30
vehicle.car 30.3790 1140.0087 0.1469 1.3749 1.2411 -119.1523 4.6350 2.1608 1.6762 -21.3360 7.5028 0.4017 26
vehicle.car 54.7611 1173.6263 0.1915 1.2264 0.5232 61.1914 4.7997 2.0992 1.7220 1.6007 14.8018 0.0751 22
vehicle.bus.rigid 45.9766 1209.7306 1.0650 0.2826 0.2544 -29.0708 12.0306 2.8726 3.5495 -4.7443 12.7663 0.1722 9
vehicle.car 26.3381 1112.9391 -0.0606 -1.0243 -1.3134 -177.5593 4.9145 2.1583 1.5012 -4.7443 12.7663 0.1722 18
vehicle.truck 123.7072 1203.5699 0.5847 1.5503 0.7343 -117.9518 6.5575 2.5166 2.5069 -4.7443 12.7663 0.1722 6
vehicle.car 22.8707 1165.2619 0.0177 -0.5880 0.3521 -28.8020 4.8306 2.0307 1.4369 -4.7442 12.7663 0.1724 15
vehicle.car 34.9889 1215.8490 0.0490 0.3274 -0.1854 -27.3212 4.9954 2.1385 1.4884 -4.7445 12.7671 0.1746 8
vehicle.car 7.2304 1180.5634 0.1876 -0.6297 0.5198 124.0373 4.7997 2.0992 1.7226 -4.4510 13.7410 0.1475 5
