vehicle.car 0.3339 1094.2091 -0.0437 2.1416 0.2876 -119.2723 4.3470 2.1044 1.6213 -14.4858 13.7447 1.1524 28
vehicle.car 57.9543 1149.7437 0.0089 0.5987 0.1161 151.1376 4.9145 2.1034 1.5079 -14.4858 13.7447 1.1524 4
vehicle.car 15.8952 1103.5750 0.0947 1.5421 0.1526 61.0792 4.9954 2.1385 1.4855 17.6767 33.9043 0.0438 29
vehicle.car 25.6576 1131.5285 0.0814 1.5549 0.1184 -118.9955 4.9954 2.1385 1.4837 -29.9911 4.0426 1.6889 21
vehicle.car 31.0760 1120.6564 -0.0800 0.8492 1.8009 2.4169 4.9047 2.1309 1.4801 -14.4858 13.7448 1.1524 17
vehicle.truck 15.2722 1121.2859 0.4060 -3.0034 0.7297 60.9002 6.5575 2.5166 2.5104 -14.4858 13.7447 1.1524 27
vehicle.car 30.4840 1161.0574 0.1846 -0.6663 0.4404 -28.9566 4.7997 2.0992 1.7192 -14.4858 13.7447 1.1525 19
vehicle.car 60.8888 1194.9767 0.7899 0.4571 0.2422 -119.0836 6.1926 2.4695 2.8623 -35.8646 0.3578 1.8880 7
vehicle.car 3.3878 1191.7409 0.1090 -0.9954 0.9047 -111.5255 4.6350 2.1608 1.6715 -25.1622 4.0193 1.5353 13
vehicle.car 66.5310 1144.9964 0.0793 0.4295 0.9151 151.0418 4.6350 2.1608 1.6713 -14.4858 13.7447 1.1524 16
vehicle.bus.rigid -5.7222 1075.0208 1.0956 1.3833 0.3799 -118.8367 12.0306 2.8726 3.5515 -40.9960 -2.8878 2.1548 31
vehicle.car 6.7541 1191.0552 0.0473 -0.9270 0.3266 73.7252 4.9145 2.1034 1.4979 -12.1587 15.6236 1.0659 32
vehicle.car 39.6744 1156.7090 0.1488 -0.0435 1.0059 -118.9523 4.6350 2.1608 1.6762 -29.7751 4.1726 1.5382 26
vehicle.car 46.4390 1158.4966 0.1796 0.1453 0.8193 60.9542 4.7997 2.0992 1.7220 14.3667 31.8228 -0.0373 22
vehicle.bus.rigid 45.9766 1209.7304 1.0650 0.2826 0.2544 -29.0708 12.0306 2.8726 3.5495 -14.4858 13.7447 1.1524 9
vehicle.car 26.3381 1112.9389 -0.0606 -1.0243 -1.3134 -177.5593 4.9145 2.1583 1.5012 -14.4858 13.7447 1.1525 18
vehicle.car 17.8387 1168.0235 0.0094 -0.6145 0.3870 -28.7673 4.8306 2.0307 1.4369 -7.5567 2.8540 0.9659 15
vehicle.car 9.6300 1177.4401 0.1765 -0.6163 0.1928 138.9449 4.7997 2.0992 1.7226 -17.6335 24.4525 1.2767 5
