vehicle.car 0.3339 1094.2096 -0.0437 2.1416 0.2876 -119.2722 4.3470 2.1044 1.6213 46.1984 0.2070 -0.2115 28
vehicle.car 57.9543 1149.7441 0.0089 0.5987 0.1161 151.1376 4.9145 2.1034 1.5079 46.1984 0.2069 -0.2115 4
vehicle.car 53.2279 1148.5209 0.0505 -0.3381 0.2364 -24.3307 4.9954 2.1385 1.4855 35.1612 -6.2040 -0.1294 29
vehicle.truck 48.0748 1171.9048 1.0514 0.7273 0.7914 -118.9463 8.8288 3.1457 3.5018 34.4168 19.7870 0.0910 25
vehicle.car 22.3122 1125.5122 0.0818 1.5894 0.0902 -118.9734 4.9954 2.1385 1.4837 46.1984 0.2070 -0.2115 21
vehicle.car 31.0760 1120.6568 -0.0800 0.8492 1.8009 2.4169 4.9047 2.1309 1.4801 46.1984 0.2069 -0.2115 17
vehicle.car 127.3428 1213.7310 0.8273 0.4114 0.2275 -85.8512 6.1926 2.4695 2.8623 46.1984 0.2070 -0.2115 11
vehicle.truck 15.2722 1121.2863 0.4060 -3.0034 0.7297 60.9002 6.5575 2.5166 2.5104 46.1984 0.2070 -0.2115 27
vehicle.car 30.4840 1161.0578 0.1846 -0.6663 0.4404 -28.9566 4.7997 2.0992 1.7192 46.1984 0.2069 -0.2116 19
vehicle.car 36.3063 1150.6157 0.7997 0.0014 0.0662 -118.9255 6.1926 2.4695 2.8623 37.8037 14.0740 0.0216 7
vehicle.car 66.5309 1144.9968 0.0793 0.4295 0.9151 151.0418 4.6350 2.1608 1.6713 46.1984 0.2070 -0.2115 16
vehicle.car 74.8352 1220.0690 0.1899 0.5620 0.6474 -119.0659 4.7000 2.2032 1.7322 33.2569 21.7726 0.0701 24
vehicle.car 118.7122 1194.5503 0.0974 1.3927 0.2671 -119.0034 4.6495 2.1154 1.5585 46.1984 0.2070 -0.2115 12
vehicle.truck 84.9345 1227.9591 1.0198 0.2621 0.9932 60.9994 8.8288 3.1457 3.4955 46.1984 0.2070 -0.2115 30
vehicle.car 27.0115 1133.9670 0.1427 1.5559 0.9844 -118.8748 4.6350 2.1608 1.6762 46.1983 0.2070 -0.2122 26
vehicle.car 54.9713 1174.0054 0.1917 1.2349 0.4349 61.1692 4.7997 2.0992 1.7220 46.1984 0.2070 -0.2115 22
vehicle.bus.rigid 45.9766 1209.7308 1.0650 0.2826 0.2544 -29.0708 12.0306 2.8726 3.5495 46.1984 0.2070 -0.2115 9
vehicle.car 26.3381 1112.9393 -0.0606 -1.0243 -1.3134 -177.5592 4.9145 2.1583 1.5012 46.1984 0.2070 -0.2114 18
vehicle.car 61.6475 1196.3320 0.0516 0.5811 -0.1187 -119.0919 4.9145 2.1034 1.5006 33.6621 21.2418 0.2658 14
vehicle.car 78.9247 1217.1262 0.1196 0.4489 0.3464 60.9308 4.3470 2.0651 1.5943 46.1984 0.2069 -0.2116 10
vehicle.truck 123.7071 1203.5701 0.5847 1.5503 0.7343 -117.9518 6.5575 2.5166 2.5069 46.1984 0.2070 -0.2115 6
vehicle.car 57.3000 1178.2145 0.0465 1.2228 0.3871 61.1456 4.8306 2.0307 1.4361 46.1984 0.2070 -0.2115 2
vehicle.car 34.9888 1215.8492 0.0490 0.3273 -0.1852 -27.3212 4.9954 2.1385 1.4884 46.1984 0.2070 -0.2115 8
vehicle.car 5.9433 1187.6642 0.1661 -1.0659 0.6367 89.3458 4.7997 2.0992 1.7226 55.0298 -7.0282 -0.4122 5
