vehicle.car 0.3339 1094.2091 -0.0437 2.1416 0.2876 -119.2723 4.3470 2.1044 1.6213 -12.0292 11.7003 0.8331 28
vehicle.car 57.9543 1149.7437 0.0089 0.5987 0.1161 151.1376 4.9145 2.1034 1.5079 -12.0291 11.7004 0.8331 4
vehicle.car 25.6825 1121.2301 0.0853 1.5424 0.1032 61.0975 4.9954 2.1385 1.4855 20.7361 31.9450 -0.1615 29
vehicle.truck 67.8197 1207.4518 1.0072 0.4808 0.6549 -119.0308 8.8288 3.1457 3.5018 -31.0090 0.0058 1.3409 25
vehicle.car 22.3388 1125.5587 0.0823 1.5856 0.2869 -118.9694 4.9954 2.1385 1.4837 -14.4375 10.2594 0.9092 21
vehicle.car 31.0760 1120.6564 -0.0800 0.8492 1.8009 2.4169 4.9047 2.1309 1.4801 -12.0292 11.7004 0.8331 17
vehicle.truck 15.2722 1121.2859 0.4060 -3.0034 0.7297 60.9002 6.5575 2.5166 2.5104 -12.0292 11.7004 0.8331 27
vehicle.car 30.4840 1161.0574 0.1846 -0.6663 0.4404 -28.9566 4.7997 2.0992 1.7192 -12.0292 11.7004 0.8330 19
vehicle.car 54.2155 1182.9718 0.8192 0.8384 0.0595 -119.0269 6.1926 2.4695 2.8623 -34.7146 -2.1518 2.0487 7
vehicle.car 2.4606 1184.2617 0.1331 -0.6774 0.6803 -89.9481 4.6350 2.1608 1.6715 -17.7910 -1.3182 1.1922 13
vehicle.car 66.5310 1144.9963 0.0793 0.4295 0.9151 151.0418 4.6350 2.1608 1.6713 -12.0292 11.7004 0.8331 16
vehicle.bus.rigid -14.3461 1060.9028 1.0626 -0.0616 0.5150 -124.5662 12.0306 2.8726 3.5515 -40.8178 -0.9531 1.5845 31
vehicle.truck 84.9346 1227.9587 1.0198 0.2621 0.9932 60.9993 8.8288 3.1457 3.4955 -12.0292 11.7004 0.8331 30
vehicle.car 34.4635 1147.2886 0.1518 0.3265 0.6472 -118.9324 4.6350 2.1608 1.6762 -30.6296 0.3193 1.6268 26
vehicle.car 52.6743 1169.8398 0.1892 1.1756 0.5189 61.4363 4.7997 2.0992 1.7220 -0.1016 19.1461 0.4762 22
vehicle.bus.rigid 45.9766 1209.7304 1.0650 0.2826 0.2545 -29.0708 12.0306 2.8726 3.5495 -12.0292 11.7004 0.8331 9
vehicle.car 26.3381 1112.9388 -0.0606 -1.0243 -1.3134 -177.5593 4.9145 2.1583 1.5012 -12.0292 11.7004 0.8331 18
vehicle.car 22.7336 1165.3377 0.0179 -0.5861 0.5475 -28.8094 4.8306 2.0307 1.4369 -9.8866 8.2548 0.8503 15
vehicle.car 33.1784 1216.8273 0.0518 0.0364 0.0401 -24.0780 4.9954 2.1385 1.4884 -6.0052 2.3929 0.7502 8
vehicle.car 7.2806 1180.4690 0.1882 -0.6130 0.5080 124.5599 4.7997 2.0992 1.7226 -12.0294 11.7010 0.8309 5
