vehicle.car 0.3338 1094.2094 -0.0437 2.1416 0.2876 -119.2723 4.3470 2.1044 1.6213 16.3728 12.3352 -0.1981 28
vehicle.car 57.9543 1149.7440 0.0089 0.5987 0.1161 151.1376 4.9145 2.1034 1.5079 16.3728 12.3352 -0.1981 4
vehicle.car 42.0236 1147.8479 0.0759 -0.4918 0.1323 43.1286 4.9954 2.1385 1.4855 31.2247 -4.7780 -0.3852 29
vehicle.truck 56.8949 1187.7838 1.0127 0.2907 0.8757 -118.9832 8.8288 3.1457 3.5018 -6.4381 23.9839 0.2594 25
vehicle.car 22.3122 1125.5120 0.0818 1.5894 0.0902 -118.9734 4.9954 2.1385 1.4837 16.3728 12.3352 -0.1981 21
vehicle.car 31.0760 1120.6567 -0.0800 0.8492 1.8009 2.4169 4.9047 2.1309 1.4801 16.3728 12.3352 -0.1981 17
vehicle.car 127.3428 1213.7308 0.8273 0.4114 0.2275 -85.8512 6.1926 2.4695 2.8623 16.3728 12.3352 -0.1981 11
vehicle.truck 15.2722 1121.2862 0.4060 -3.0034 0.7297 60.9002 6.5575 2.5166 2.5104 16.3728 12.3352 -0.1981 27
vehicle.car 30.4840 1161.0577 0.1846 -0.6663 0.4404 -28.9566 4.7997 2.0992 1.7192 16.3728 12.3353 -0.1980 19
vehicle.car 42.3788 1161.6002 0.8022 0.0978 -0.2097 -118.9987 6.1926 2.4695 2.8623 -1.2719 21.3242 0.2999 7
vehicle.car 8.4438 1173.7030 0.1358 -0.7034 1.0914 -44.9051 4.6350 2.1608 1.6715 8.6741 2.5551 0.0597 13
vehicle.car 66.5310 1144.9967 0.0793 0.4295 0.9151 151.0418 4.6350 2.1608 1.6713 16.3728 12.3352 -0.1981 16
vehicle.car 83.7069 1236.5690 0.1360 0.3854 0.4419 -114.7731 4.7000 2.2032 1.7322 -6.5453 22.1752 0.2838 24
vehicle.truck 84.9346 1227.9589 1.0198 0.2621 0.9932 60.9993 8.8288 3.1457 3.4955 16.3728 12.3353 -0.1981 30
vehicle.car 27.2092 1134.3165 0.1420 1.5467 1.1423 -118.9306 4.6350 2.1608 1.6762 8.6455 16.2968 -0.0526 26
vehicle.car 54.9713 1174.0052 0.1917 1.2349 0.4349 61.1692 4.7997 2.0992 1.7220 16.3728 12.3352 -0.1981 22
vehicle.bus.rigid 45.9766 1209.7307 1.0650 0.2826 0.2544 -29.0708 12.0306 2.8726 3.5495 16.3728 12.3352 -0.1981 9
vehicle.car 26.3381 1112.9392 -0.0606 -1.0244 -1.3134 -177.5593 4.9145 2.1583 1.5012 16.3728 12.3353 -0.1981 18
vehicle.car 70.1313 1211.5919 0.0361 0.3977 0.1828 -119.0000 4.9145 2.1034 1.5006 -2.7457 22.1044 0.0462 14
vehicle.car 78.9248 1217.1261 0.1196 0.4488 0.3464 60.9309 4.3470 2.0651 1.5943 16.3729 12.3353 -0.1981 10
vehicle.truck 123.7072 1203.5699 0.5847 1.5503 0.7343 -117.9518 6.5575 2.5166 2.5069 16.3728 12.3352 -0.1981 6
vehicle.car 57.3001 1178.2143 0.0465 1.2228 0.3870 61.1456 4.8306 2.0307 1.4361 16.3728 12.3352 -0.1983 2
vehicle.car 6.6687 1181.7968 0.1857 -0.5611 0.7252 117.5123 4.7997 2.0992 1.7226 20.6555 14.0163 -0.3263 5
