vehicle.car 0.3339 1094.2093 -0.0437 2.1416 0.2876 -119.2723 4.3470 2.1044 1.6213 35.4795 0.9055 -0.2533 28
vehicle.car 57.9543 1149.7438 0.0089 0.5987 0.1161 151.1376 4.9145 2.1034 1.5079 35.4794 0.9055 -0.2533 4
vehicle.car 48.5402 1150.1401 0.0647 -0.5180 0.5530 5.0796 4.9954 2.1385 1.4855 27.3391 -12.1528 -0.3026 29
vehicle.truck 52.1890 1179.3225 1.0566 0.7768 0.7854 -118.9962 8.8288 3.1457 3.5018 22.2036 21.0761 0.0562 25
vehicle.car 22.3122 1125.5119 0.0818 1.5894 0.0902 -118.9734 4.9954 2.1385 1.4837 35.4794 0.9054 -0.2533 21
vehicle.car 31.0760 1120.6566 -0.0800 0.8492 1.8009 2.4169 4.9047 2.1309 1.4801 35.4794 0.9054 -0.2533 17
vehicle.car 127.3428 1213.7307 0.8273 0.4114 0.2275 -85.8512 6.1926 2.4695 2.8623 35.4794 0.9054 -0.2533 11
vehicle.truck 15.2722 1121.2861 0.4060 -3.0034 0.7297 60.9002 6.5575 2.5166 2.5104 35.4795 0.9055 -0.2533 27
vehicle.car 39.2445 1155.9492 0.8100 0.3256 0.2832 -118.9574 6.1926 2.4695 2.8623 26.2922 14.8396 -0.1442 7
vehicle.car 66.5310 1144.9965 0.0793 0.4295 0.9151 151.0418 4.6350 2.1608 1.6713 35.4794 0.9054 -0.2533 16
vehicle.car 19.9678 1215.0256 0.0539 -0.2181 0.0744 56.7844 4.9145 2.1034 1.4979 41.7603 -12.0632 -0.2035 32
vehicle.car 79.2386 1227.9697 0.2083 1.0339 0.3638 -118.7067 4.7000 2.2032 1.7322 21.7696 21.7472 0.1075 24
vehicle.car 118.7123 1194.5500 0.0974 1.3926 0.2671 -119.0035 4.6495 2.1154 1.5585 35.4795 0.9055 -0.2534 12
vehicle.truck 84.9346 1227.9588 1.0198 0.2621 0.9932 60.9993 8.8288 3.1457 3.4955 35.4794 0.9054 -0.2533 30
vehicle.car 27.0115 1133.9667 0.1428 1.5556 0.9879 -118.8746 4.6350 2.1608 1.6762 35.4832 0.9032 -0.2155 26
vehicle.car 54.9713 1174.0051 0.1917 1.2349 0.4349 61.1692 4.7997 2.0992 1.7220 35.4794 0.9054 -0.2533 22
vehicle.bus.rigid 45.9766 1209.7305 1.0650 0.2826 0.2544 -29.0708 12.0306 2.8726 3.5495 35.4794 0.9055 -0.2533 9
vehicle.car 26.3381 1112.9390 -0.0606 -1.0243 -1.3134 -177.5593 4.9145 2.1583 1.5012 35.4795 0.9054 -0.2533 18
vehicle.car 65.8817 1203.9484 0.0344 0.4329 0.3268 -119.0316 4.9145 2.1034 1.5006 22.5589 20.6070 0.2234 14
vehicle.truck 123.7072 1203.5698 0.5847 1.5503 0.7343 -117.9518 6.5575 2.5166 2.5069 35.4794 0.9054 -0.2533 6
vehicle.car 57.3001 1178.2142 0.0465 1.2228 0.3870 61.1456 4.8306 2.0307 1.4361 35.4794 0.9054 -0.2533 2
vehicle.car 34.9889 1215.8489 0.0490 0.3274 -0.1852 -27.3212 4.9954 2.1385 1.4884 35.4794 0.9054 -0.2533 8
vehicle.car 6.0344 1184.1527 0.1770 -0.7438 0.7537 105.2882 4.7997 2.0992 1.7226 43.0116 -1.9544 -0.4243 5
