vehicle.car 0.3339 1094.2094 -0.0437 2.1416 0.2876 -119.2723 4.3470 2.1044 1.6213 47.1047 0.6199 -0.2301 28
vehicle.car 57.9543 1149.7439 0.0089 0.5987 0.1161 151.1376 4.9145 2.1034 1.5079 47.1047 0.6200 -0.2301 4
vehicle.car 54.1326 1148.0013 0.0483 -0.2558 0.3104 -27.2145 4.9954 2.1385 1.4855 36.4007 -5.4456 -0.1242 29
vehicle.truck 47.1581 1170.2525 1.0506 0.7240 0.7890 -118.9618 8.8288 3.1457 3.5018 35.4271 19.8380 0.1062 25
vehicle.car 22.3122 1125.5120 0.0818 1.5894 0.0902 -118.9734 4.9954 2.1385 1.4837 47.1047 0.6199 -0.2300 21
vehicle.car 31.0760 1120.6567 -0.0800 0.8492 1.8009 2.4169 4.9047 2.1309 1.4801 47.1047 0.6199 -0.2301 17
vehicle.car 127.3428 1213.7308 0.8273 0.4114 0.2275 -85.8512 6.1926 2.4695 2.8623 47.1047 0.6199 -0.2300 11
vehicle.truck 15.2722 1121.2862 0.4060 -3.0034 0.7297 60.9002 6.5575 2.5166 2.5104 47.1047 0.6199 -0.2300 27
vehicle.car 30.4840 1161.0576 0.1846 -0.6663 0.4404 -28.9566 4.7997 2.0992 1.7192 47.1047 0.6200 -0.2300 19
vehicle.car 35.6687 1149.4472 0.7998 -0.2918 0.0948 -118.9290 6.1926 2.4695 2.8623 38.9381 13.9366 0.0435 7
vehicle.car 66.5310 1144.9966 0.0793 0.4295 0.9151 151.0418 4.6350 2.1608 1.6713 47.1047 0.6199 -0.2300 16
vehicle.bus.rigid 88.5616 1247.2250 1.0477 0.9695 0.3722 -114.6261 12.0306 2.8726 3.5489 34.9552 17.3049 0.0788 20
vehicle.car 73.8109 1218.2290 0.1644 0.6046 1.3993 -119.0088 4.7000 2.2032 1.7322 34.0065 22.1361 0.2558 24
vehicle.car 118.7123 1194.5501 0.0974 1.3926 0.2671 -119.0035 4.6495 2.1154 1.5585 47.1047 0.6199 -0.2300 12
vehicle.truck 84.9346 1227.9589 1.0198 0.2621 0.9932 60.9993 8.8288 3.1457 3.4955 47.1047 0.6199 -0.2300 30
vehicle.car 27.0115 1133.9668 0.1428 1.5559 0.9838 -118.8748 4.6350 2.1608 1.6762 47.1048 0.6199 -0.2291 26
vehicle.car 54.9713 1174.0052 0.1917 1.2349 0.4349 61.1692 4.7997 2.0992 1.7220 47.1047 0.6199 -0.2301 22
vehicle.bus.rigid 45.9766 1209.7306 1.0650 0.2826 0.2544 -29.0708 12.0306 2.8726 3.5495 47.1047 0.6199 -0.2300 9
vehicle.car 26.3381 1112.9391 -0.0606 -1.0243 -1.3134 -177.5593 4.9145 2.1583 1.5012 47.1048 0.6199 -0.2300 18
vehicle.car 60.6512 1194.5445 0.0572 0.6195 0.2313 -119.0705 4.9145 2.1034 1.5006 34.4027 21.6113 0.1230 14
vehicle.car 78.9248 1217.1260 0.1196 0.4488 0.3464 60.9309 4.3470 2.0651 1.5943 47.1047 0.6199 -0.2300 10
vehicle.truck 123.7072 1203.5699 0.5847 1.5503 0.7343 -117.9518 6.5575 2.5166 2.5069 47.1047 0.6199 -0.2301 6
vehicle.car 57.3001 1178.2143 0.0465 1.2228 0.3870 61.1456 4.8306 2.0307 1.4361 47.1047 0.6199 -0.2301 2
vehicle.car 34.9889 1215.8490 0.0490 0.3273 -0.1852 -27.3212 4.9954 2.1385 1.4884 47.1047 0.6199 -0.2300 8
vehicle.car 6.1073 1188.6386 0.1631 -0.9839 0.6960 84.4671 4.7997 2.0992 1.7226 56.1686 -7.6977 -0.4981 5
