vehicle.car 57.9543 1149.7440 0.0089 0.5987 0.1161 151.1376 4.9145 2.1034 1.5079 0.9323 19.2576 0.1130 4
vehicle.car 71.6191 1138.2190 0.0234 -0.0257 0.0947 -28.1837 4.9954 2.1385 1.4855 -0.2143 -2.6497 0.5702 29
vehicle.truck 38.4180 1154.4470 1.0353 0.2075 0.9464 -118.9061 8.8288 3.1457 3.5018 -8.0617 19.9458 0.2107 25
vehicle.car 31.0760 1120.6567 -0.0800 0.8492 1.8009 2.4169 4.9047 2.1309 1.4801 0.9324 19.2576 0.1130 17
vehicle.car 127.3429 1213.7308 0.8273 0.4114 0.2275 -85.8512 6.1926 2.4695 2.8623 0.9324 19.2576 0.1130 11
vehicle.truck 15.2722 1121.2862 0.4060 -3.0034 0.7297 60.9002 6.5575 2.5166 2.5104 0.9324 19.2576 0.1130 27
vehicle.car 32.1030 1143.0949 0.8185 1.1199 0.3775 -119.0504 6.1926 2.4695 2.8623 0.9323 19.2576 0.1130 7
vehicle.car 14.9614 1169.6246 0.1202 -0.7338 1.0400 -29.7350 4.6350 2.1608 1.6715 0.9324 19.2576 0.1130 13
vehicle.car 66.5310 1144.9967 0.0793 0.4295 0.9151 151.0418 4.6350 2.1608 1.6713 0.9324 19.2576 0.1130 16
vehicle.bus.rigid 79.2155 1228.0227 1.0976 1.0835 0.2536 -118.2060 12.0306 2.8726 3.5489 -9.0950 20.0695 0.2772 20
vehicle.car 60.5041 1194.2857 0.1777 0.6940 0.5399 -119.0423 4.7000 2.2032 1.7322 -23.0768 21.2587 0.4857 24
vehicle.car 118.7123 1194.5501 0.0974 1.3927 0.2671 -119.0035 4.6495 2.1154 1.5585 0.9323 19.2576 0.1130 12
vehicle.truck 84.9346 1227.9590 1.0198 0.2621 0.9932 60.9994 8.8288 3.1457 3.4955 0.9324 19.2576 0.1130 30
vehicle.car 27.0115 1133.9669 0.1428 1.5559 0.9838 -118.8749 4.6350 2.1608 1.6762 0.9324 19.2576 0.1130 26
vehicle.car 54.9713 1174.0052 0.1917 1.2349 0.4349 61.1692 4.7997 2.0992 1.7220 0.9324 19.2576 0.1130 22
vehicle.bus.rigid 45.9766 1209.7307 1.0650 0.2826 0.2544 -29.0708 12.0306 2.8726 3.5495 0.9324 19.2576 0.1130 9
vehicle.car 26.3381 1112.9392 -0.0606 -1.0243 -1.3134 -177.5593 4.9145 2.1583 1.5012 0.9324 19.2576 0.1130 18
vehicle.car 47.6195 1171.0554 0.0845 0.7121 0.2581 -118.9704 4.9145 2.1034 1.5006 -18.3228 20.8027 0.4341 14
vehicle.car 78.9248 1217.1261 0.1196 0.4488 0.3464 60.9308 4.3470 2.0651 1.5943 0.9324 19.2576 0.1130 10
vehicle.truck 123.7072 1203.5699 0.5847 1.5503 0.7343 -117.9518 6.5575 2.5166 2.5069 0.9324 19.2576 0.1130 6
vehicle.car 57.3001 1178.2143 0.0465 1.2228 0.3871 61.1456 4.8306 2.0307 1.4361 0.9324 19.2576 0.1130 2
vehicle.car 22.8708 1165.2619 0.0177 -0.5880 0.3521 -28.8020 4.8306 2.0307 1.4369 0.9324 19.2575 0.1130 15
