vehicle.car 0.3338 1094.2098 -0.0437 2.1416 0.2876 -119.2723 4.3470 2.1044 1.6213 40.2494 -0.1993 -0.1878 28
vehicle.car 57.9542 1149.7444 0.0089 0.5987 0.1161 151.1376 4.9145 2.1034 1.5079 40.2494 -0.1993 -0.1878 4
vehicle.car 50.5254 1149.7484 0.0598 -0.1721 0.4858 -8.9708 4.9954 2.1385 1.4855 29.5345 -9.3487 -0.1787 29
vehicle.truck 50.5794 1176.4221 1.0550 0.7544 0.7969 -118.9662 8.8288 3.1457 3.5018 28.0361 20.0345 0.1212 25
vehicle.car 22.3121 1125.5124 0.0818 1.5894 0.0902 -118.9734 4.9954 2.1385 1.4837 40.2494 -0.1993 -0.1878 21
vehicle.car 31.0759 1120.6571 -0.0800 0.8492 1.8009 2.4169 4.9047 2.1309 1.4801 40.2494 -0.1993 -0.1878 17
vehicle.car 127.3428 1213.7312 0.8273 0.4114 0.2275 -85.8512 6.1926 2.4695 2.8623 40.2494 -0.1993 -0.1878 11
vehicle.truck 15.2721 1121.2866 0.4060 -3.0034 0.7297 60.9002 6.5575 2.5166 2.5104 40.2494 -0.1993 -0.1878 27
vehicle.car 30.4840 1161.0581 0.1846 -0.6663 0.4404 -28.9566 4.7997 2.0992 1.7192 40.2494 -0.1993 -0.1878 19
vehicle.car 38.1102 1153.8963 0.8044 0.3079 0.4531 -118.9200 6.1926 2.4695 2.8623 31.4456 14.3542 0.0294 7
vehicle.car 66.5309 1144.9970 0.0793 0.4295 0.9151 151.0418 4.6350 2.1608 1.6713 40.2494 -0.1993 -0.1878 16
vehicle.car 21.2115 1216.5401 0.0546 -0.7400 0.1558 50.8240 4.9145 2.1034 1.4979 43.7002 -13.6594 -0.4331 32
vehicle.car 77.5487 1224.9397 0.2105 1.0182 0.5445 -119.0799 4.7000 2.2032 1.7322 27.3893 21.2621 0.1073 24
vehicle.car 118.7122 1194.5505 0.0974 1.3927 0.2671 -119.0035 4.6495 2.1154 1.5585 40.2494 -0.1993 -0.1878 12
vehicle.truck 84.9345 1227.9593 1.0198 0.2621 0.9932 60.9994 8.8288 3.1457 3.4955 40.2494 -0.1993 -0.1878 30
vehicle.car 27.0114 1133.9673 0.1425 1.5557 0.9870 -118.8747 4.6350 2.1608 1.6762 40.2487 -0.1987 -0.1932 26
vehicle.car 54.9713 1174.0056 0.1917 1.2349 0.4349 61.1692 4.7997 2.0992 1.7220 40.2494 -0.1993 -0.1878 22
vehicle.bus.rigid 45.9766 1209.7311 1.0650 0.2826 0.2544 -29.0708 12.0306 2.8726 3.5495 40.2494 -0.1993 -0.1878 9
vehicle.car 26.3380 1112.9396 -0.0606 -1.0243 -1.3134 -177.5593 4.9145 2.1583 1.5012 40.2494 -0.1993 -0.1878 18
vehicle.car 64.2741 1201.0537 0.0472 0.2834 0.2244 -119.0104 4.9145 2.1034 1.5006 27.7743 20.4310 0.3987 14
vehicle.car 78.9247 1217.1264 0.1196 0.4489 0.3464 60.9309 4.3470 2.0651 1.5943 40.2494 -0.1993 -0.1878 10
vehicle.truck 123.7071 1203.5703 0.5847 1.5503 0.7343 -117.9518 6.5575 2.5166 2.5069 40.2494 -0.1993 -0.1878 6
vehicle.car 57.3000 1178.2147 0.0465 1.2228 0.3871 61.1456 4.8306 2.0307 1.4361 40.2494 -0.1993 -0.1878 2
vehicle.car 5.9031 1185.3550 0.1727 -0.7075 0.6881 99.5281 4.7997 2.0992 1.7226 48.5743 -4.5219 -0.3499 5
