vehicle.car 57.9542 1149.7442 0.0089 0.5987 0.1161 151.1375 4.9145 2.1034 1.5079 -1.1983 20.7700 -0.2730 4
vehicle.car 103.1096 1181.4986 0.0482 0.8292 -0.2221 137.4083 4.9954 2.1385 1.4855 -15.6867 14.6607 0.0112 29
vehicle.truck 37.8860 1153.4863 1.0343 0.1786 0.8987 -118.8788 8.8288 3.1457 3.5018 -1.1982 20.7700 -0.2729 25
vehicle.car 22.3120 1125.5123 0.0818 1.5894 0.0902 -118.9735 4.9954 2.1385 1.4837 -1.1982 20.7700 -0.2729 21
vehicle.car 31.0758 1120.6569 -0.0801 0.8492 1.8009 2.4169 4.9047 2.1309 1.4801 -1.1982 20.7700 -0.2730 17
vehicle.car 127.3428 1213.7310 0.8273 0.4114 0.2275 -85.8513 6.1926 2.4695 2.8623 -1.1982 20.7700 -0.2730 11
vehicle.truck 15.2720 1121.2865 0.4060 -3.0034 0.7297 60.9001 6.5575 2.5166 2.5104 -1.1982 20.7700 -0.2730 27
vehicle.car 30.4839 1161.0580 0.1846 -0.6663 0.4404 -28.9567 4.7997 2.0992 1.7192 -1.1983 20.7700 -0.2729 19
vehicle.car 32.1029 1143.0952 0.8185 1.1199 0.3775 -119.0504 6.1926 2.4695 2.8623 -1.1982 20.7700 -0.2729 7
vehicle.car 14.9612 1169.6249 0.1202 -0.7338 1.0400 -29.7350 4.6350 2.1608 1.6715 -1.1982 20.7700 -0.2730 13
vehicle.car 66.5308 1144.9969 0.0793 0.4295 0.9151 151.0417 4.6350 2.1608 1.6713 -1.1982 20.7700 -0.2730 16
vehicle.bus.rigid 77.3164 1224.5915 1.0944 0.9725 0.5475 -118.7035 12.0306 2.8726 3.5489 -1.1982 20.7700 -0.2729 20
vehicle.car 47.0797 1170.0863 0.2044 0.7211 0.5264 -118.9407 4.7000 2.2032 1.7322 -1.1983 20.7700 -0.2729 24
vehicle.car 118.7122 1194.5504 0.0975 1.3927 0.2671 -119.0035 4.6495 2.1154 1.5585 -1.1982 20.7700 -0.2729 12
vehicle.truck 84.9345 1227.9592 1.0198 0.2621 0.9932 60.9993 8.8288 3.1457 3.4955 -1.1982 20.7700 -0.2730 30
vehicle.car 27.0113 1133.9671 0.1428 1.5559 0.9838 -118.8750 4.6350 2.1608 1.6762 -1.1982 20.7700 -0.2730 26
vehicle.car 54.9712 1174.0055 0.1917 1.2349 0.4349 61.1692 4.7997 2.0992 1.7220 -1.1983 20.7700 -0.2729 22
vehicle.bus.rigid 45.9765 1209.7310 1.0650 0.2827 0.2544 -29.0709 12.0306 2.8726 3.5495 -1.1982 20.7700 -0.2730 9
vehicle.car 26.3379 1112.9394 -0.0607 -1.0244 -1.3133 -177.5594 4.9145 2.1583 1.5012 -1.1983 20.7700 -0.2729 18
vehicle.car 43.3937 1163.4387 0.0604 0.3332 0.1749 -119.0707 4.9145 2.1034 1.5006 -1.1982 20.7700 -0.2729 14
vehicle.car 78.9247 1217.1263 0.1197 0.4489 0.3464 60.9308 4.3470 2.0651 1.5943 -1.1982 20.7700 -0.2730 10
vehicle.truck 123.7071 1203.5701 0.5847 1.5503 0.7343 -117.9519 6.5575 2.5166 2.5069 -1.1982 20.7700 -0.2730 6
vehicle.car 57.2999 1178.2146 0.0465 1.2228 0.3870 61.1455 4.8306 2.0307 1.4361 -1.1982 20.7700 -0.2730 2
vehicle.car 22.8706 1165.2622 0.0177 -0.5880 0.3521 -28.8021 4.8306 2.0307 1.4369 -1.1983 20.7700 -0.2730 15
vehicle.car 21.7362 1217.0644 0.1670 -0.1353 0.5257 48.2571 4.7997 2.0992 1.7226 -1.1983 20.7700 -0.2730 5
