vehicle.car 0.3339 1094.2091 -0.0437 2.1416 0.2876 -119.2723 4.3470 2.1044 1.6213 47.2878 0.7341 -0.2356 28
vehicle.car 57.9543 1149.7437 0.0089 0.5987 0.1161 151.1377 4.9145 2.1034 1.5079 47.2878 0.7341 -0.2356 4
vehicle.car 54.4259 1147.8292 0.0483 -0.2683 0.3334 -27.8595 4.9954 2.1385 1.4855 36.6918 -5.3032 -0.1303 29
vehicle.truck 46.8555 1169.7082 1.0505 0.7257 0.7798 -118.9794 8.8288 3.1457 3.5018 35.6496 19.8172 0.1081 25
vehicle.car 22.3122 1125.5117 0.0818 1.5893 0.0902 -118.9734 4.9954 2.1385 1.4837 47.2878 0.7341 -0.2356 21
vehicle.car 31.0760 1120.6564 -0.0800 0.8492 1.8009 2.4169 4.9047 2.1309 1.4801 47.2878 0.7341 -0.2356 17
vehicle.car 127.3428 1213.7305 0.8273 0.4114 0.2275 -85.8512 6.1926 2.4695 2.8623 47.2878 0.7341 -0.2356 11
vehicle.truck 15.2722 1121.2859 0.4060 -3.0034 0.7297 60.9002 6.5575 2.5166 2.5104 47.2878 0.7341 -0.2356 27
vehicle.car 30.4840 1161.0574 0.1846 -0.6663 0.4404 -28.9566 4.7997 2.0992 1.7192 47.2879 0.7341 -0.2356 19
vehicle.car 35.4614 1149.0662 0.8030 -0.4080 0.1526 -118.9312 6.1926 2.4695 2.8623 39.1771 13.9186 0.1237 7
vehicle.car 66.5310 1144.9964 0.0793 0.4295 0.9151 151.0418 4.6350 2.1608 1.6713 47.2878 0.7341 -0.2356 16
vehicle.bus.rigid 88.3322 1246.6948 1.0495 0.5825 0.4794 -114.6110 12.0306 2.8726 3.5489 35.0165 17.4559 0.0984 20
vehicle.car 73.4714 1217.6184 0.1674 0.6391 1.2386 -119.0030 4.7000 2.2032 1.7322 34.1617 22.2460 0.2091 24
vehicle.car 118.7122 1194.5498 0.0974 1.3926 0.2671 -119.0034 4.6495 2.1154 1.5585 47.2879 0.7342 -0.2357 12
vehicle.truck 84.9346 1227.9586 1.0198 0.2621 0.9932 60.9994 8.8288 3.1457 3.4955 47.2878 0.7341 -0.2356 30
vehicle.car 27.0115 1133.9666 0.1428 1.5559 0.9835 -118.8748 4.6350 2.1608 1.6762 47.2879 0.7341 -0.2354 26
vehicle.car 54.9713 1174.0049 0.1917 1.2349 0.4349 61.1692 4.7997 2.0992 1.7220 47.2878 0.7341 -0.2356 22
vehicle.bus.rigid 45.9766 1209.7304 1.0650 0.2826 0.2544 -29.0708 12.0306 2.8726 3.5495 47.2878 0.7341 -0.2356 9
vehicle.car 26.3381 1112.9389 -0.0606 -1.0243 -1.3134 -177.5593 4.9145 2.1583 1.5012 47.2879 0.7341 -0.2356 18
vehicle.car 60.3178 1193.9503 0.0566 0.8151 0.2990 -119.0300 4.9145 2.1034 1.5006 34.5831 21.6699 0.1246 14
vehicle.car 78.9248 1217.1258 0.1196 0.4488 0.3464 60.9308 4.3470 2.0651 1.5943 47.2878 0.7341 -0.2356 10
vehicle.truck 123.7072 1203.5696 0.5847 1.5503 0.7343 -117.9518 6.5575 2.5166 2.5069 47.2878 0.7341 -0.2356 6
vehicle.car 57.3001 1178.2140 0.0465 1.2228 0.3871 61.1456 4.8306 2.0307 1.4361 47.2879 0.7341 -0.2356 2
vehicle.car 34.9889 1215.8488 0.0490 0.3273 -0.1852 -27.3212 4.9954 2.1385 1.4884 47.2878 0.7341 -0.2356 8
vehicle.car 6.1784 1188.9763 0.1620 -0.9383 0.6837 82.9821 4.7997 2.0992 1.7226 56.5024 -7.8500 -0.4716 5
