vehicle.car 0.3338 1094.2094 -0.0437 2.1416 0.2876 -119.2723 4.3470 2.1044 1.6213 13.1944 23.2788 0.0579 28
vehicle.car 66.8719 1140.8126 0.0256 -0.0015 0.1328 -29.0176 4.9954 2.1385 1.4855 5.2944 4.3177 0.2202 29
vehicle.truck 39.6494 1156.6691 1.0440 0.0900 0.8778 -118.9391 8.8288 3.1457 3.5018 3.1348 27.4502 0.1348 25
vehicle.car 22.3121 1125.5120 0.0818 1.5894 0.0902 -118.9734 4.9954 2.1385 1.4837 13.1944 23.2788 0.0580 21
vehicle.car 31.0760 1120.6567 -0.0800 0.8492 1.8009 2.4169 4.9047 2.1309 1.4801 13.1944 23.2788 0.0579 17
vehicle.car 127.3428 1213.7308 0.8273 0.4114 0.2275 -85.8512 6.1926 2.4695 2.8623 13.1944 23.2788 0.0579 11
vehicle.truck 15.2721 1121.2862 0.4060 -3.0034 0.7297 60.9002 6.5575 2.5166 2.5104 13.1944 23.2788 0.0579 27
vehicle.car 32.1030 1143.0949 0.8185 1.1199 0.3775 -119.0504 6.1926 2.4695 2.8623 13.1944 23.2788 0.0581 7
vehicle.car 66.5309 1144.9966 0.0793 0.4295 0.9151 151.0418 4.6350 2.1608 1.6713 13.1944 23.2788 0.0579 16
vehicle.bus.rigid 80.5334 1230.4199 1.0780 0.9270 0.0286 -117.4516 12.0306 2.8726 3.5489 0.8543 28.3680 0.5280 20
vehicle.car 63.4084 1199.5004 0.1677 0.5876 0.8480 -119.0037 4.7000 2.2032 1.7322 -8.5743 32.4795 0.3108 24
vehicle.car 118.7122 1194.5501 0.0974 1.3926 0.2671 -119.0035 4.6495 2.1154 1.5585 13.1944 23.2788 0.0579 12
vehicle.truck 84.9345 1227.9589 1.0198 0.2621 0.9932 60.9994 8.8288 3.1457 3.4955 13.1944 23.2788 0.0579 30
vehicle.car 27.0115 1133.9669 0.1428 1.5559 0.9838 -118.8749 4.6350 2.1608 1.6762 13.1944 23.2788 0.0579 26
vehicle.car 54.9713 1174.0052 0.1917 1.2349 0.4349 61.1692 4.7997 2.0992 1.7220 13.1944 23.2788 0.0580 22
vehicle.bus.rigid 45.9766 1209.7307 1.0650 0.2826 0.2544 -29.0708 12.0306 2.8726 3.5495 13.1944 23.2788 0.0579 9
vehicle.car 26.3381 1112.9391 -0.0606 -1.0243 -1.3134 -177.5593 4.9145 2.1583 1.5012 13.1944 23.2788 0.0580 18
vehicle.car 50.0914 1175.5158 0.0881 0.7376 0.2681 -118.9688 4.9145 2.1034 1.5006 -6.4949 31.5072 0.3545 14
vehicle.truck 123.7071 1203.5699 0.5847 1.5503 0.7343 -117.9518 6.5575 2.5166 2.5069 13.1944 23.2788 0.0580 6
vehicle.car 57.3000 1178.2143 0.0465 1.2228 0.3871 61.1456 4.8306 2.0307 1.4361 13.1944 23.2788 0.0579 2
vehicle.car 34.9888 1215.8491 0.0490 0.3273 -0.1852 -27.3212 4.9954 2.1385 1.4884 13.1944 23.2788 0.0580 8
vehicle.car 12.4689 1202.2116 0.1545 -0.4880 0.4522 60.8580 4.7997 2.0992 1.7226 30.8714 15.8196 -0.2234 5
