vehicle.car 57.9542 1149.7443 0.0089 0.5987 0.1161 151.1375 4.9145 2.1034 1.5079 4.0892 2.7408 0.1779 4
vehicle.car 107.9325 1170.1763 0.0168 -0.0331 -0.1551 75.6229 4.9954 2.1385 1.4855 1.6483 19.1097 -0.0063 29
vehicle.truck 37.8860 1153.4864 1.0343 0.1787 0.8987 -118.8788 8.8288 3.1457 3.5018 4.0892 2.7408 0.1779 25
vehicle.car 127.3428 1213.7311 0.8273 0.4114 0.2275 -85.8513 6.1926 2.4695 2.8623 4.0892 2.7408 0.1779 11
vehicle.car 30.4839 1161.0581 0.1846 -0.6663 0.4404 -28.9567 4.7997 2.0992 1.7192 4.0892 2.7408 0.1779 19
vehicle.car 32.1029 1143.0953 0.8185 1.1199 0.3775 -119.0504 6.1926 2.4695 2.8623 4.0891 2.7408 0.1779 7
vehicle.car 14.9613 1169.6250 0.1202 -0.7338 1.0400 -29.7350 4.6350 2.1608 1.6715 4.0892 2.7408 0.1779 13
vehicle.truck 83.7564 1236.6691 0.5159 0.4504 0.6358 -114.5057 6.5575 2.5166 2.5270 4.0892 2.7408 0.1779 23
vehicle.car 66.5309 1144.9970 0.0793 0.4295 0.9151 151.0417 4.6350 2.1608 1.6713 4.0892 2.7408 0.1779 16
vehicle.bus.rigid 77.3164 1224.5916 1.0944 0.9725 0.5474 -118.7035 12.0306 2.8726 3.5489 4.0892 2.7408 0.1779 20
vehicle.car 26.2829 1218.7665 0.0687 0.6116 -0.2641 12.0464 4.9145 2.1034 1.4979 4.0891 2.7408 0.1779 32
vehicle.car 47.0798 1170.0864 0.2044 0.7211 0.5264 -118.9407 4.7000 2.2032 1.7322 4.0892 2.7408 0.1779 24
vehicle.car 118.7122 1194.5504 0.0974 1.3927 0.2671 -119.0035 4.6495 2.1154 1.5585 4.0892 2.7408 0.1780 12
vehicle.truck 84.9345 1227.9593 1.0198 0.2621 0.9932 60.9993 8.8288 3.1457 3.4955 4.0892 2.7408 0.1779 30
vehicle.car 54.9712 1174.0056 0.1917 1.2349 0.4349 61.1692 4.7997 2.0992 1.7220 4.0892 2.7408 0.1779 22
vehicle.bus.rigid 45.9766 1209.7310 1.0650 0.2826 0.2544 -29.0708 12.0306 2.8726 3.5495 4.0892 2.7408 0.1779 9
vehicle.car 43.3937 1163.4388 0.0604 0.3332 0.1749 -119.0706 4.9145 2.1034 1.5006 4.0892 2.7408 0.1779 14
vehicle.car 78.9247 1217.1264 0.1196 0.4488 0.3464 60.9308 4.3470 2.0651 1.5943 4.0891 2.7408 0.1779 10
vehicle.truck 123.7071 1203.5702 0.5847 1.5503 0.7343 -117.9519 6.5575 2.5166 2.5069 4.0892 2.7408 0.1779 6
vehicle.car 57.3000 1178.2147 0.0465 1.2228 0.3870 61.1455 4.8306 2.0307 1.4361 4.0892 2.7408 0.1779 2
vehicle.car 21.7363 1217.0644 0.1670 -0.1353 0.5257 48.2571 4.7997 2.0992 1.7226 4.0892 2.7408 0.1779 5
