vehicle.car 57.9543 1149.7435 0.0089 0.5987 0.1161 151.1376 4.9145 2.1034 1.5079 0.1912 19.7848 -0.2970 4
vehicle.car 106.4176 1178.1328 0.0410 -0.1650 0.2993 116.0038 4.9954 2.1385 1.4855 -12.3580 18.8939 -0.2259 29
vehicle.truck 37.8861 1153.4856 1.0343 0.1786 0.8987 -118.8787 8.8288 3.1457 3.5018 0.1912 19.7848 -0.2970 25
vehicle.car 22.3121 1125.5116 0.0818 1.5894 0.0902 -118.9734 4.9954 2.1385 1.4837 0.1912 19.7848 -0.2970 21
vehicle.car 127.3428 1213.7304 0.8273 0.4114 0.2275 -85.8512 6.1926 2.4695 2.8623 0.1912 19.7848 -0.2970 11
vehicle.car 30.4840 1161.0572 0.1846 -0.6664 0.4403 -28.9566 4.7997 2.0992 1.7192 0.1912 19.7849 -0.2971 19
vehicle.car 32.1030 1143.0945 0.8185 1.1199 0.3775 -119.0504 6.1926 2.4695 2.8623 0.1912 19.7848 -0.2970 7
vehicle.car 66.5309 1144.9962 0.0793 0.4295 0.9151 151.0418 4.6350 2.1608 1.6713 0.1912 19.7848 -0.2970 16
vehicle.bus.rigid 77.3164 1224.5908 1.0944 0.9725 0.5474 -118.7035 12.0306 2.8726 3.5489 0.1912 19.7848 -0.2970 20
vehicle.car 47.0798 1170.0855 0.2044 0.7211 0.5264 -118.9406 4.7000 2.2032 1.7322 0.1912 19.7848 -0.2970 24
vehicle.car 118.7122 1194.5497 0.0974 1.3927 0.2671 -119.0034 4.6495 2.1154 1.5585 0.1912 19.7848 -0.2970 12
vehicle.truck 84.9345 1227.9585 1.0198 0.2621 0.9932 60.9994 8.8288 3.1457 3.4955 0.1912 19.7848 -0.2970 30
vehicle.car 27.0115 1133.9664 0.1428 1.5559 0.9838 -118.8749 4.6350 2.1608 1.6762 0.1912 19.7848 -0.2970 26
vehicle.car 54.9713 1174.0047 0.1917 1.2349 0.4349 61.1692 4.7997 2.0992 1.7220 0.1913 19.7848 -0.2970 22
vehicle.bus.rigid 45.9766 1209.7302 1.0650 0.2826 0.2544 -29.0708 12.0306 2.8726 3.5495 0.1912 19.7848 -0.2970 9
vehicle.car 43.3937 1163.4380 0.0604 0.3331 0.1749 -119.0705 4.9145 2.1034 1.5006 0.1912 19.7848 -0.2970 14
vehicle.car 78.9247 1217.1256 0.1196 0.4488 0.3464 60.9309 4.3470 2.0651 1.5943 0.1913 19.7848 -0.2970 10
vehicle.truck 123.7071 1203.5695 0.5847 1.5503 0.7343 -117.9518 6.5575 2.5166 2.5069 0.1912 19.7848 -0.2970 6
vehicle.car 57.3000 1178.2139 0.0465 1.2228 0.3870 61.1456 4.8306 2.0307 1.4361 0.1913 19.7848 -0.2970 2
vehicle.car 21.7362 1217.0636 0.1670 -0.1353 0.5257 48.2572 4.7997 2.0992 1.7226 0.1912 19.7848 -0.2970 5
