vehicle.car 57.9543 1149.7439 0.0089 0.5987 0.1161 151.1376 4.9145 2.1034 1.5079 2.4850 1.0594 0.1855 4
vehicle.car 107.6279 1168.7898 0.0110 0.0201 -0.0310 70.6346 4.9954 2.1385 1.4855 3.8994 18.7702 0.0740 29
vehicle.truck 37.8861 1153.4860 1.0343 0.1786 0.8987 -118.8788 8.8288 3.1457 3.5018 2.4850 1.0594 0.1855 25
vehicle.car 127.3428 1213.7307 0.8273 0.4114 0.2275 -85.8512 6.1926 2.4695 2.8623 2.4850 1.0594 0.1855 11
vehicle.car 30.4840 1161.0576 0.1846 -0.6664 0.4403 -28.9566 4.7997 2.0992 1.7192 2.4850 1.0595 0.1856 19
vehicle.car 32.1030 1143.0949 0.8185 1.1199 0.3775 -119.0504 6.1926 2.4695 2.8623 2.4850 1.0594 0.1855 7
vehicle.truck 83.7565 1236.6687 0.5159 0.4504 0.6358 -114.5057 6.5575 2.5166 2.5270 2.4850 1.0594 0.1855 23
vehicle.car 66.5310 1144.9966 0.0793 0.4295 0.9151 151.0418 4.6350 2.1608 1.6713 2.4850 1.0594 0.1855 16
vehicle.bus.rigid 77.3164 1224.5912 1.0944 0.9725 0.5474 -118.7035 12.0306 2.8726 3.5489 2.4850 1.0594 0.1855 20
vehicle.car 26.2830 1218.7660 0.0687 0.6116 -0.2641 12.0465 4.9145 2.1034 1.4979 2.4850 1.0594 0.1856 32
vehicle.car 47.0799 1170.0860 0.2044 0.7211 0.5264 -118.9406 4.7000 2.2032 1.7322 2.4850 1.0594 0.1855 24
vehicle.car 118.7123 1194.5501 0.0974 1.3927 0.2671 -119.0035 4.6495 2.1154 1.5585 2.4850 1.0594 0.1855 12
vehicle.truck 84.9346 1227.9589 1.0198 0.2621 0.9932 60.9994 8.8288 3.1457 3.4955 2.4850 1.0594 0.1855 30
vehicle.car 54.9713 1174.0051 0.1917 1.2349 0.4349 61.1692 4.7997 2.0992 1.7220 2.4850 1.0594 0.1855 22
vehicle.bus.rigid 45.9766 1209.7306 1.0650 0.2826 0.2544 -29.0708 12.0306 2.8726 3.5495 2.4850 1.0594 0.1855 9
vehicle.car 43.3938 1163.4384 0.0604 0.3332 0.1749 -119.0706 4.9145 2.1034 1.5006 2.4850 1.0594 0.1855 14
vehicle.car 78.9248 1217.1260 0.1196 0.4488 0.3464 60.9309 4.3470 2.0651 1.5943 2.4850 1.0594 0.1855 10
vehicle.truck 123.7072 1203.5698 0.5847 1.5503 0.7343 -117.9518 6.5575 2.5166 2.5069 2.4850 1.0594 0.1855 6
vehicle.car 57.3001 1178.2143 0.0465 1.2228 0.3871 61.1456 4.8306 2.0307 1.4361 2.4850 1.0594 0.1855 2
vehicle.car 21.7363 1217.0640 0.1670 -0.1353 0.5257 48.2572 4.7997 2.0992 1.7226 2.4850 1.0594 0.1856 5
