vehicle.car 92.4211 1187.9581 0.0861 1.3281 0.0053 151.8019 4.9954 2.1385 1.4855 -1.1963 36.9160 -0.2075 29
vehicle.car 127.3429 1213.7306 0.8273 0.4114 0.2275 -85.8512 6.1926 2.4695 2.8623 -1.1963 36.9160 -0.2075 11
vehicle.truck 83.7565 1236.6686 0.5159 0.4504 0.6358 -114.5057 6.5575 2.5166 2.5270 -1.1963 36.9160 -0.2075 23
vehicle.bus.rigid 2.8300 1272.0557 1.1555 -0.2701 0.4452 59.2280 12.0306 2.8726 3.5515 -14.9906 58.0242 -0.5841 31
vehicle.bus.rigid 77.3165 1224.5910 1.0944 0.9725 0.5474 -118.7035 12.0306 2.8726 3.5489 -1.1963 36.9160 -0.2075 20
vehicle.car 26.2830 1218.7658 0.0687 0.6116 -0.2641 12.0464 4.9145 2.1034 1.4979 -1.1963 36.9160 -0.2075 32
vehicle.car 118.7123 1194.5499 0.0974 1.3926 0.2671 -119.0035 4.6495 2.1154 1.5585 -1.1963 36.9160 -0.2075 12
vehicle.bus.rigid 45.9766 1209.7304 1.0650 0.2826 0.2544 -29.0708 12.0306 2.8726 3.5495 -1.1963 36.9160 -0.2075 9
vehicle.car 78.9248 1217.1258 0.1196 0.4488 0.3464 60.9308 4.3470 2.0651 1.5943 -1.1963 36.9160 -0.2075 10
vehicle.truck 123.7072 1203.5697 0.5847 1.5503 0.7343 -117.9518 6.5575 2.5166 2.5069 -1.1963 36.9160 -0.2075 6
vehicle.car 34.9889 1215.8488 0.0490 0.3273 -0.1852 -27.3212 4.9954 2.1385 1.4884 -1.1963 36.9160 -0.2075 8
