vehicle.car 0.3338 1094.2089 -0.0437 2.1416 0.2876 -119.2723 4.3470 2.1044 1.6213 -9.7613 11.9603 0.6046 28
vehicle.car 57.9543 1149.7434 0.0089 0.5987 0.1161 151.1376 4.9145 2.1034 1.5079 -9.7613 11.9603 0.6046 4
vehicle.car 29.3213 1127.8010 0.0841 1.4072 0.1200 61.0944 4.9954 2.1385 1.4855 24.3088 30.3530 -0.3249 29
vehicle.truck 65.6499 1203.5448 1.0162 0.4101 0.5592 -119.0109 8.8288 3.1457 3.5018 -30.5217 0.7401 1.2327 25
vehicle.car 22.3122 1125.5115 0.0817 1.5894 0.0895 -118.9734 4.9954 2.1385 1.4837 -9.7610 11.9606 0.6067 21
vehicle.car 31.0760 1120.6561 -0.0800 0.8492 1.8009 2.4169 4.9047 2.1309 1.4801 -9.7613 11.9603 0.6046 17
vehicle.truck 15.2722 1121.2856 0.4060 -3.0034 0.7297 60.9002 6.5575 2.5166 2.5104 -9.7613 11.9603 0.6046 27
vehicle.car 30.4840 1161.0571 0.1846 -0.6663 0.4404 -28.9566 4.7997 2.0992 1.7192 -9.7613 11.9603 0.6046 19
vehicle.car 51.6801 1178.4020 0.8247 0.7613 0.2607 -118.9548 6.1926 2.4695 2.8623 -33.6062 -0.9059 1.2182 7
vehicle.car 3.0035 1181.5681 0.1430 -0.6511 0.7588 -79.3759 4.6350 2.1608 1.6715 -13.5445 -1.5900 1.0347 13
vehicle.car 66.5309 1144.9961 0.0793 0.4295 0.9151 151.0418 4.6350 2.1608 1.6713 -9.7613 11.9603 0.6046 16
vehicle.bus.rigid -18.1912 1056.1474 1.0547 0.3369 0.3483 -129.4178 12.0306 2.8726 3.5515 -40.1834 3.7223 1.1726 31
vehicle.car 10.0608 1197.8390 0.0441 -0.6468 0.1451 61.9570 4.9145 2.1034 1.4979 5.0752 20.0647 0.2050 32
vehicle.truck 84.9346 1227.9584 1.0198 0.2621 0.9932 60.9993 8.8288 3.1457 3.4955 -9.7613 11.9603 0.6046 30
vehicle.car 32.4433 1143.6871 0.1598 1.0908 1.2183 -119.1093 4.6350 2.1608 1.6762 -27.7667 2.3309 1.0433 26
vehicle.car 53.8308 1171.9440 0.1905 1.2024 0.5274 61.2949 4.7997 2.0992 1.7220 -0.3351 17.0712 0.3608 22
vehicle.bus.rigid 45.9766 1209.7301 1.0650 0.2826 0.2544 -29.0708 12.0306 2.8726 3.5495 -9.7613 11.9603 0.6046 9
vehicle.car 26.3381 1112.9386 -0.0606 -1.0243 -1.3134 -177.5593 4.9145 2.1583 1.5012 -9.7613 11.9603 0.6046 18
vehicle.car 78.4450 1226.5372 0.0911 1.0360 0.1271 -118.9697 4.9145 2.1034 1.5006 -31.2723 0.4554 1.1993 14
vehicle.car 78.9248 1217.1255 0.1196 0.4489 0.3464 60.9309 4.3470 2.0651 1.5943 -9.7613 11.9603 0.6045 10
vehicle.car 22.8707 1165.2614 0.0178 -0.5880 0.3521 -28.8020 4.8306 2.0307 1.4369 -9.7605 11.9580 0.5920 15
vehicle.car 34.8068 1215.9512 0.0502 0.3268 0.0360 -27.0801 4.9954 2.1385 1.4884 -7.2250 7.0366 0.5560 8
vehicle.car 7.2798 1180.4698 0.1878 -0.6150 0.5179 124.5503 4.7997 2.0992 1.7226 -9.7531 12.0279 0.6035 5
