vehicle.car 0.3338 1094.2092 -0.0437 2.1416 0.2876 -119.2723 4.3470 2.1044 1.6213 16.0052 22.1221 0.0182 28
vehicle.car 65.8862 1141.3569 0.0269 -0.0080 0.1396 -29.0524 4.9954 2.1385 1.4855 6.9532 4.3095 0.1973 29
vehicle.truck 39.9404 1157.1996 1.0467 0.1647 0.8154 -118.9412 8.8288 3.1457 3.5018 6.3597 27.0341 0.1723 25
vehicle.car 22.3122 1125.5118 0.0818 1.5894 0.0902 -118.9734 4.9954 2.1385 1.4837 16.0052 22.1221 0.0182 21
vehicle.car 31.0760 1120.6564 -0.0800 0.8492 1.8009 2.4169 4.9047 2.1309 1.4801 16.0051 22.1221 0.0182 17
vehicle.car 127.3428 1213.7305 0.8273 0.4114 0.2275 -85.8512 6.1926 2.4695 2.8623 16.0051 22.1221 0.0182 11
vehicle.truck 15.2722 1121.2860 0.4060 -3.0034 0.7297 60.9002 6.5575 2.5166 2.5104 16.0051 22.1221 0.0182 27
vehicle.car 32.1030 1143.0947 0.8185 1.1199 0.3774 -119.0504 6.1926 2.4695 2.8623 16.0051 22.1221 0.0178 7
vehicle.car 66.5309 1144.9964 0.0793 0.4295 0.9151 151.0418 4.6350 2.1608 1.6713 16.0051 22.1221 0.0182 16
vehicle.bus.rigid 80.9197 1231.1167 1.0636 0.6419 -0.2106 -117.1591 12.0306 2.8726 3.5489 2.3202 29.0036 0.3082 20
vehicle.car 64.0469 1200.6435 0.1713 0.2748 0.9290 -118.9989 4.7000 2.2032 1.7322 -4.9634 32.8136 0.3264 24
vehicle.car 118.7122 1194.5498 0.0974 1.3926 0.2671 -119.0035 4.6495 2.1154 1.5585 16.0052 22.1221 0.0182 12
vehicle.truck 84.9346 1227.9587 1.0198 0.2621 0.9932 60.9994 8.8288 3.1457 3.4955 16.0051 22.1221 0.0182 30
vehicle.car 27.0115 1133.9666 0.1428 1.5559 0.9838 -118.8749 4.6350 2.1608 1.6762 16.0051 22.1221 0.0182 26
vehicle.car 54.9713 1174.0049 0.1917 1.2349 0.4349 61.1692 4.7997 2.0992 1.7220 16.0052 22.1221 0.0182 22
vehicle.bus.rigid 45.9766 1209.7304 1.0650 0.2826 0.2544 -29.0708 12.0306 2.8726 3.5495 16.0052 22.1221 0.0182 9
vehicle.car 26.3381 1112.9389 -0.0606 -1.0243 -1.3134 -177.5593 4.9145 2.1583 1.5012 16.0051 22.1221 0.0182 18
vehicle.car 50.6728 1176.5649 0.0888 0.7387 0.2609 -118.9704 4.9145 2.1034 1.5006 -3.4797 32.0774 0.3258 14
vehicle.truck 123.7072 1203.5696 0.5847 1.5503 0.7343 -117.9518 6.5575 2.5166 2.5069 16.0052 22.1221 0.0182 6
vehicle.car 57.3001 1178.2140 0.0465 1.2228 0.3871 61.1456 4.8306 2.0307 1.4361 16.0052 22.1221 0.0182 2
vehicle.car 11.9509 1201.2836 0.1542 -0.5231 0.4531 60.9076 4.7997 2.0992 1.7226 32.9378 13.4039 -0.2556 5
