vehicle.car 57.9543 1149.7437 0.0089 0.5987 0.1161 151.1376 4.9145 2.1034 1.5079 42.7964 -0.2774 -0.1821 4
vehicle.car 51.5962 1149.3432 0.0520 -0.4363 0.2194 -16.0273 4.9954 2.1385 1.4855 31.6366 -8.0427 -0.1478 29
vehicle.truck 49.6304 1174.7098 1.0538 0.7446 0.7932 -118.9547 8.8288 3.1457 3.5018 30.8451 19.7738 0.1217 25
vehicle.car 22.3122 1125.5118 0.0818 1.5894 0.0902 -118.9734 4.9954 2.1385 1.4837 42.7964 -0.2774 -0.1821 21
vehicle.car 31.0760 1120.6564 -0.0800 0.8492 1.8009 2.4169 4.9047 2.1309 1.4801 42.7964 -0.2774 -0.1821 17
vehicle.car 127.3428 1213.7305 0.8273 0.4114 0.2275 -85.8512 6.1926 2.4695 2.8623 42.7964 -0.2774 -0.1821 11
vehicle.truck 15.2722 1121.2860 0.4060 -3.0034 0.7297 60.9002 6.5575 2.5166 2.5104 42.7964 -0.2774 -0.1821 27
vehicle.car 30.4840 1161.0574 0.1846 -0.6663 0.4404 -28.9566 4.7997 2.0992 1.7192 42.7964 -0.2773 -0.1821 19
vehicle.car 37.4253 1152.6500 0.8014 0.1977 0.3889 -118.9158 6.1926 2.4695 2.8623 34.0018 14.4084 0.0430 7
vehicle.car 66.5310 1144.9964 0.0793 0.4295 0.9151 151.0418 4.6350 2.1608 1.6713 42.7964 -0.2774 -0.1821 16
vehicle.car 22.0388 1217.2615 0.0605 -0.0291 0.2435 45.3561 4.9145 2.1034 1.4979 44.3358 -12.5892 -0.2230 32
vehicle.car 76.5297 1223.1152 0.2040 0.9327 0.7747 -119.1387 4.7000 2.2032 1.7322 30.0340 21.3046 0.0331 24
vehicle.car 118.7123 1194.5499 0.0974 1.3927 0.2671 -119.0035 4.6495 2.1154 1.5585 42.7964 -0.2774 -0.1821 12
vehicle.truck 84.9346 1227.9587 1.0198 0.2621 0.9932 60.9993 8.8288 3.1457 3.4955 42.7964 -0.2774 -0.1821 30
vehicle.car 27.0115 1133.9666 0.1428 1.5559 0.9843 -118.8747 4.6350 2.1608 1.6762 42.7970 -0.2778 -0.1762 26
vehicle.car 54.9713 1174.0050 0.1917 1.2349 0.4349 61.1692 4.7997 2.0992 1.7220 42.7964 -0.2774 -0.1821 22
vehicle.bus.rigid 45.9766 1209.7304 1.0650 0.2826 0.2544 -29.0708 12.0306 2.8726 3.5495 42.7964 -0.2774 -0.1821 9
vehicle.car 26.3381 1112.9389 -0.0606 -1.0243 -1.3134 -177.5593 4.9145 2.1583 1.5012 42.7964 -0.2774 -0.1820 18
vehicle.car 63.2923 1199.2894 0.0464 0.5476 0.4439 -119.0049 4.9145 2.1034 1.5006 30.3926 20.5693 0.1303 14
vehicle.car 78.9248 1217.1258 0.1196 0.4489 0.3464 60.9309 4.3470 2.0651 1.5943 42.7964 -0.2774 -0.1821 10
vehicle.truck 123.7072 1203.5697 0.5847 1.5503 0.7343 -117.9518 6.5575 2.5166 2.5069 42.7964 -0.2774 -0.1821 6
vehicle.car 57.3001 1178.2141 0.0465 1.2228 0.3871 61.1456 4.8306 2.0307 1.4361 42.7964 -0.2774 -0.1821 2
vehicle.car 5.8716 1186.1667 0.1692 -0.8507 0.6415 95.9431 4.7997 2.0992 1.7226 51.4712 -5.5676 -0.3935 5
