vehicle.car -60.6462 1226.8922 0.1117 0.3075 0.2566 34.9881 4.6495 2.1154 1.5596 -0.8395 55.2752 -0.2395 3
vehicle.car 57.9544 1149.7437 0.0089 0.5987 0.1161 151.1376 4.9145 2.1034 1.5079 0.7995 28.1791 0.4034 4
vehicle.car 92.4211 1187.9580 0.0861 1.3281 0.0053 151.8019 4.9954 2.1385 1.4855 0.7994 28.1792 0.4034 29
vehicle.truck 37.8862 1153.4857 1.0343 0.1786 0.8987 -118.8788 8.8288 3.1457 3.5018 0.7995 28.1791 0.4035 25
vehicle.car 22.3123 1125.5117 0.0818 1.5894 0.0902 -118.9734 4.9954 2.1385 1.4837 0.7995 28.1791 0.4035 21
vehicle.car 127.3429 1213.7305 0.8273 0.4114 0.2275 -85.8512 6.1926 2.4695 2.8623 0.7995 28.1791 0.4034 11
vehicle.truck 15.2723 1121.2859 0.4060 -3.0034 0.7297 60.9002 6.5575 2.5166 2.5104 0.7995 28.1791 0.4035 27
vehicle.car 30.4841 1161.0574 0.1846 -0.6663 0.4404 -28.9566 4.7997 2.0992 1.7192 0.7995 28.1791 0.4035 19
vehicle.car 32.1031 1143.0946 0.8185 1.1199 0.3775 -119.0504 6.1926 2.4695 2.8623 0.7995 28.1791 0.4035 7
vehicle.car 14.9614 1169.6243 0.1202 -0.7338 1.0400 -29.7350 4.6350 2.1608 1.6715 0.7995 28.1791 0.4035 13
vehicle.truck 83.7565 1236.6685 0.5159 0.4504 0.6358 -114.5057 6.5575 2.5166 2.5270 0.7995 28.1791 0.4034 23
vehicle.bus.rigid 7.1996 1281.5927 1.1521 -0.2814 0.4099 67.5154 12.0306 2.8726 3.5515 -15.2005 47.6407 -0.4911 31
vehicle.bus.rigid 77.3165 1224.5910 1.0944 0.9725 0.5474 -118.7035 12.0306 2.8726 3.5489 0.7995 28.1791 0.4034 20
vehicle.car 26.2830 1218.7658 0.0687 0.6116 -0.2641 12.0465 4.9145 2.1034 1.4979 0.7995 28.1791 0.4034 32
vehicle.car 47.0799 1170.0857 0.2044 0.7211 0.5264 -118.9406 4.7000 2.2032 1.7322 0.7995 28.1791 0.4034 24
vehicle.car 118.7123 1194.5498 0.0974 1.3926 0.2671 -119.0035 4.6495 2.1154 1.5585 0.7995 28.1791 0.4034 12
vehicle.car 27.0116 1133.9665 0.1428 1.5559 0.9838 -118.8749 4.6350 2.1608 1.6762 0.7995 28.1791 0.4035 26
vehicle.car 54.9714 1174.0049 0.1917 1.2349 0.4349 61.1692 4.7997 2.0992 1.7220 0.7995 28.1791 0.4034 22
vehicle.bus.rigid 45.9767 1209.7304 1.0650 0.2826 0.2544 -29.0708 12.0306 2.8726 3.5495 0.7995 28.1791 0.4034 9
vehicle.car 43.3939 1163.4381 0.0604 0.3332 0.1749 -119.0706 4.9145 2.1034 1.5006 0.7995 28.1791 0.4035 14
vehicle.car 78.9249 1217.1258 0.1196 0.4489 0.3464 60.9309 4.3470 2.0651 1.5943 0.7995 28.1791 0.4034 10
vehicle.truck 123.7073 1203.5696 0.5847 1.5503 0.7343 -117.9518 6.5575 2.5166 2.5069 0.7995 28.1791 0.4035 6
vehicle.car 22.8708 1165.2616 0.0177 -0.5880 0.3521 -28.8021 4.8306 2.0307 1.4369 0.7995 28.1791 0.4034 15
vehicle.car 34.9889 1215.8488 0.0490 0.3273 -0.1852 -27.3212 4.9954 2.1385 1.4884 0.7995 28.1791 0.4034 8
vehicle.car 21.7364 1217.0637 0.1670 -0.1353 0.5257 48.2572 4.7997 2.0992 1.7226 0.7995 28.1791 0.4035 5
