vehicle.car -61.2673 1226.4665 0.1113 0.3083 0.2796 35.4462 4.6495 2.1154 1.5596 -1.4994 56.4230 -0.2061 3
vehicle.car 57.9543 1149.7442 0.0089 0.5987 0.1161 151.1376 4.9145 2.1034 1.5079 0.4995 29.4124 0.3840 4
vehicle.car 92.4210 1187.9585 0.0861 1.3281 0.0053 151.8019 4.9954 2.1385 1.4855 0.4995 29.4124 0.3839 29
vehicle.truck 37.8861 1153.4862 1.0343 0.1786 0.8987 -118.8787 8.8288 3.1457 3.5018 0.4995 29.4124 0.3840 25
vehicle.car 22.3121 1125.5122 0.0818 1.5894 0.0902 -118.9734 4.9954 2.1385 1.4837 0.4995 29.4124 0.3840 21
vehicle.car 127.3428 1213.7310 0.8273 0.4114 0.2275 -85.8512 6.1926 2.4695 2.8623 0.4995 29.4124 0.3840 11
vehicle.truck 15.2721 1121.2864 0.4060 -3.0034 0.7297 60.9002 6.5575 2.5166 2.5104 0.4995 29.4124 0.3840 27
vehicle.car 30.4840 1161.0579 0.1846 -0.6663 0.4404 -28.9566 4.7997 2.0992 1.7192 0.4995 29.4124 0.3840 19
vehicle.car 32.1030 1143.0951 0.8185 1.1199 0.3775 -119.0504 6.1926 2.4695 2.8623 0.4995 29.4124 0.3840 7
vehicle.car 14.9613 1169.6248 0.1202 -0.7338 1.0400 -29.7350 4.6350 2.1608 1.6715 0.4995 29.4124 0.3840 13
vehicle.truck 83.7564 1236.6690 0.5159 0.4504 0.6358 -114.5057 6.5575 2.5166 2.5270 0.4995 29.4124 0.3840 23
vehicle.bus.rigid 6.9511 1280.9387 1.1522 -0.2692 0.3977 66.9719 12.0306 2.8726 3.5515 -15.4424 48.9256 -0.4462 31
vehicle.bus.rigid 77.3164 1224.5915 1.0944 0.9725 0.5474 -118.7035 12.0306 2.8726 3.5489 0.4995 29.4124 0.3840 20
vehicle.car 26.2829 1218.7663 0.0687 0.6116 -0.2641 12.0464 4.9145 2.1034 1.4979 0.4995 29.4124 0.3840 32
vehicle.car 47.0798 1170.0862 0.2044 0.7211 0.5264 -118.9406 4.7000 2.2032 1.7322 0.4995 29.4124 0.3840 24
vehicle.car 118.7122 1194.5503 0.0974 1.3926 0.2671 -119.0035 4.6495 2.1154 1.5585 0.4995 29.4124 0.3840 12
vehicle.car 27.0114 1133.9671 0.1428 1.5559 0.9838 -118.8749 4.6350 2.1608 1.6762 0.4995 29.4124 0.3840 26
vehicle.bus.rigid 45.9766 1209.7309 1.0650 0.2826 0.2544 -29.0708 12.0306 2.8726 3.5495 0.4995 29.4124 0.3840 9
vehicle.car 43.3937 1163.4386 0.0604 0.3332 0.1749 -119.0706 4.9145 2.1034 1.5006 0.4995 29.4124 0.3840 14
vehicle.car 78.9248 1217.1263 0.1196 0.4488 0.3464 60.9308 4.3470 2.0651 1.5943 0.4995 29.4124 0.3840 10
vehicle.truck 123.7072 1203.5701 0.5847 1.5503 0.7343 -117.9518 6.5575 2.5166 2.5069 0.4995 29.4124 0.3840 6
vehicle.car 22.8707 1165.2621 0.0177 -0.5880 0.3521 -28.8021 4.8306 2.0307 1.4369 0.4995 29.4124 0.3840 15
vehicle.car 34.9888 1215.8493 0.0490 0.3273 -0.1852 -27.3212 4.9954 2.1385 1.4884 0.4995 29.4124 0.3840 8
vehicle.car 21.7363 1217.0643 0.1670 -0.1353 0.5257 48.2572 4.7997 2.0992 1.7226 0.4995 29.4124 0.3840 5
