vehicle.car 57.9544 1149.7443 0.0089 0.5987 0.1161 151.1376 4.9145 2.1034 1.5079 -0.8004 0.7301 0.0426 4
vehicle.car 97.3337 1148.7836 -0.0093 1.4070 -0.2330 61.6034 4.9954 2.1385 1.4855 -0.8004 0.7301 0.0426 29
vehicle.truck 37.8862 1153.4863 1.0343 0.1786 0.8987 -118.8788 8.8288 3.1457 3.5018 -0.8004 0.7301 0.0426 25
vehicle.car 22.3122 1125.5123 0.0818 1.5893 0.0902 -118.9734 4.9954 2.1385 1.4837 -0.8004 0.7301 0.0427 21
vehicle.car 127.3429 1213.7311 0.8273 0.4114 0.2275 -85.8512 6.1926 2.4695 2.8623 -0.8004 0.7301 0.0426 11
vehicle.truck 15.2722 1121.2865 0.4060 -3.0034 0.7297 60.9001 6.5575 2.5166 2.5104 -0.8004 0.7301 0.0427 27
vehicle.car 30.4841 1161.0580 0.1846 -0.6664 0.4404 -28.9566 4.7997 2.0992 1.7192 -0.8003 0.7301 0.0425 19
vehicle.car 32.1031 1143.0952 0.8185 1.1199 0.3775 -119.0503 6.1926 2.4695 2.8623 -0.8004 0.7301 0.0426 7
vehicle.car 14.9614 1169.6249 0.1202 -0.7338 1.0400 -29.7350 4.6350 2.1608 1.6715 -0.8004 0.7301 0.0427 13
vehicle.truck 83.7566 1236.6691 0.5159 0.4504 0.6358 -114.5057 6.5575 2.5166 2.5270 -0.8004 0.7301 0.0426 23
vehicle.car 66.5310 1144.9970 0.0793 0.4295 0.9151 151.0418 4.6350 2.1608 1.6713 -0.8004 0.7301 0.0426 16
vehicle.bus.rigid 77.3165 1224.5916 1.0944 0.9724 0.5474 -118.7035 12.0306 2.8726 3.5489 -0.8004 0.7301 0.0426 20
vehicle.car 26.2831 1218.7664 0.0687 0.6116 -0.2641 12.0464 4.9145 2.1034 1.4979 -0.8004 0.7301 0.0426 32
vehicle.car 47.0799 1170.0863 0.2044 0.7211 0.5264 -118.9406 4.7000 2.2032 1.7322 -0.8004 0.7301 0.0426 24
vehicle.car 118.7123 1194.5504 0.0974 1.3926 0.2671 -119.0035 4.6495 2.1154 1.5585 -0.8004 0.7301 0.0427 12
vehicle.truck 84.9347 1227.9592 1.0198 0.2621 0.9932 60.9993 8.8288 3.1457 3.4955 -0.8004 0.7301 0.0426 30
vehicle.car 27.0116 1133.9672 0.1428 1.5559 0.9838 -118.8749 4.6350 2.1608 1.6762 -0.8004 0.7301 0.0426 26
vehicle.car 54.9714 1174.0055 0.1917 1.2349 0.4349 61.1692 4.7997 2.0992 1.7220 -0.8004 0.7301 0.0426 22
vehicle.bus.rigid 45.9767 1209.7310 1.0650 0.2826 0.2544 -29.0708 12.0306 2.8726 3.5495 -0.8004 0.7301 0.0427 9
vehicle.car 43.3939 1163.4387 0.0604 0.3332 0.1749 -119.0706 4.9145 2.1034 1.5006 -0.8004 0.7301 0.0426 14
vehicle.car 78.9249 1217.1264 0.1197 0.4489 0.3464 60.9309 4.3470 2.0651 1.5943 -0.8004 0.7301 0.0427 10
vehicle.truck 123.7073 1203.5702 0.5847 1.5503 0.7343 -117.9518 6.5575 2.5166 2.5069 -0.8004 0.7301 0.0426 6
vehicle.car 57.3001 1178.2146 0.0465 1.2228 0.3871 61.1456 4.8306 2.0307 1.4361 -0.8004 0.7301 0.0426 2
vehicle.car 34.9890 1215.8494 0.0490 0.3274 -0.1851 -27.3212 4.9954 2.1385 1.4884 -0.8004 0.7301 0.0426 8
vehicle.car 21.7364 1217.0644 0.1670 -0.1353 0.5257 48.2572 4.7997 2.0992 1.7226 -0.8004 0.7301 0.0426 5
