vehicle.car 0.3339 1094.2092 -0.0437 2.1416 0.2876 -119.2722 4.3470 2.1044 1.6213 -14.4922 13.7453 1.1181 28
vehicle.car 57.9543 1149.7437 0.0089 0.5987 0.1161 151.1376 4.9145 2.1034 1.5079 -14.4922 13.7453 1.1181 4
vehicle.car 17.9438 1107.2709 0.0941 1.5135 0.1330 61.0912 4.9954 2.1385 1.4855 17.7601 33.9737 0.0381 29
vehicle.truck 72.3401 1215.6022 1.0015 0.6916 0.7878 -119.0867 8.8288 3.1457 3.5018 -34.9819 0.9520 1.6871 25
vehicle.car 24.7137 1129.8291 0.0816 1.5556 0.1398 -118.9946 4.9954 2.1385 1.4837 -28.5655 4.9356 1.5846 21
vehicle.car 31.0760 1120.6564 -0.0800 0.8492 1.8009 2.4169 4.9047 2.1309 1.4801 -14.4922 13.7453 1.1181 17
vehicle.truck 15.2722 1121.2860 0.4060 -3.0034 0.7297 60.9002 6.5575 2.5166 2.5104 -14.4922 13.7453 1.1181 27
vehicle.car 30.4841 1161.0575 0.1846 -0.6663 0.4404 -28.9566 4.7997 2.0992 1.7192 -14.4922 13.7453 1.1181 19
vehicle.car 59.5040 1192.5083 0.7867 0.8352 0.3741 -119.0031 6.1926 2.4695 2.8623 -36.2256 0.1309 1.7376 7
vehicle.car 2.9306 1190.2028 0.1104 -0.9455 0.8582 -108.1701 4.6350 2.1608 1.6715 -24.4047 3.2350 1.4827 13
vehicle.car 66.5310 1144.9964 0.0793 0.4295 0.9151 151.0418 4.6350 2.1608 1.6713 -14.4922 13.7453 1.1181 16
vehicle.bus.rigid -7.4124 1071.9775 1.0973 1.0261 0.4587 -119.1173 12.0306 2.8726 3.5515 -41.1953 -2.6105 1.9358 31
vehicle.car 6.9326 1191.5075 0.0461 -0.8807 0.3144 72.0711 4.9145 2.1034 1.4979 -10.0605 17.1990 0.9541 32
vehicle.car 38.6643 1154.8961 0.1464 0.4241 0.9981 -118.9319 4.6350 2.1608 1.6762 -30.6701 3.5805 1.5353 26
vehicle.car 48.2414 1161.7633 0.1643 0.1508 0.6900 61.1996 4.7997 2.0992 1.7220 13.3831 31.4018 0.2043 22
vehicle.bus.rigid 45.9767 1209.7304 1.0650 0.2826 0.2544 -29.0708 12.0306 2.8726 3.5495 -14.4922 13.7453 1.1181 9
vehicle.car 26.3381 1112.9389 -0.0606 -1.0243 -1.3134 -177.5593 4.9145 2.1583 1.5012 -14.4922 13.7453 1.1181 18
vehicle.car 19.0627 1167.3551 0.0112 -0.6140 0.3923 -28.7430 4.8306 2.0307 1.4369 -7.9490 3.4278 0.9513 15
vehicle.car 8.7859 1178.3216 0.1812 -0.7791 0.2896 135.4202 4.7997 2.0992 1.7226 -16.5348 24.3856 1.2049 5
