vehicle.car 0.3339 1094.2092 -0.0437 2.1416 0.2876 -119.2723 4.3470 2.1044 1.6213 -14.4829 13.7381 1.1273 28
vehicle.car 57.9543 1149.7437 0.0089 0.5987 0.1161 151.1376 4.9145 2.1034 1.5079 -14.4830 13.7381 1.1273 4
vehicle.car 17.4310 1106.3453 0.0940 1.5343 0.0592 61.0884 4.9954 2.1385 1.4855 17.7418 33.9567 0.0475 29
vehicle.truck 72.6655 1216.1857 1.0043 0.6753 0.9101 -119.1054 8.8288 3.1457 3.5018 -34.9688 0.9647 1.7149 25
vehicle.car 24.9407 1130.2380 0.0816 1.5613 0.1363 -118.9943 4.9954 2.1385 1.4837 -28.9549 4.6771 1.6019 21
vehicle.car 31.0760 1120.6564 -0.0800 0.8492 1.8009 2.4169 4.9047 2.1309 1.4801 -14.4830 13.7381 1.1273 17
vehicle.truck 15.2722 1121.2859 0.4060 -3.0034 0.7297 60.9001 6.5575 2.5166 2.5104 -14.4830 13.7381 1.1273 27
vehicle.car 30.4840 1161.0574 0.1846 -0.6663 0.4404 -28.9566 4.7997 2.0992 1.7192 -14.4829 13.7381 1.1273 19
vehicle.car 59.8483 1193.1303 0.7889 0.8909 0.3895 -119.0123 6.1926 2.4695 2.8623 -36.1451 0.1989 1.7942 7
vehicle.car 3.0337 1190.5904 0.1099 -0.9622 0.8800 -109.0994 4.6350 2.1608 1.6715 -24.5449 3.4062 1.4770 13
vehicle.car 66.5310 1144.9964 0.0793 0.4295 0.9151 151.0418 4.6350 2.1608 1.6713 -14.4830 13.7381 1.1273 16
vehicle.bus.rigid -6.9859 1072.7354 1.0993 1.0554 0.4734 -119.0132 12.0306 2.8726 3.5515 -41.1286 -2.7035 1.9490 31
vehicle.car 6.8766 1191.3702 0.0466 -0.8986 0.3208 72.5853 4.9145 2.1034 1.4979 -10.5550 16.8339 0.9770 32
vehicle.car 38.9198 1155.3587 0.1477 0.4369 0.9304 -118.9379 4.6350 2.1608 1.6762 -30.4714 3.6981 1.6869 26
vehicle.car 47.7979 1160.9563 0.1664 0.1110 0.7548 61.1239 4.7997 2.0992 1.7220 13.6829 31.5529 0.0385 22
vehicle.bus.rigid 45.9766 1209.7304 1.0650 0.2826 0.2544 -29.0708 12.0306 2.8726 3.5495 -14.4830 13.7381 1.1273 9
vehicle.car 26.3381 1112.9389 -0.0606 -1.0243 -1.3134 -177.5593 4.9145 2.1583 1.5012 -14.4830 13.7381 1.1273 18
vehicle.car 18.7630 1167.5188 0.0107 -0.6101 0.3883 -28.7406 4.8306 2.0307 1.4369 -7.8462 3.2807 0.9506 15
vehicle.car 8.9877 1178.0966 0.1797 -0.7594 0.2545 136.3800 4.7997 2.0992 1.7226 -16.8163 24.4039 1.2198 5
