vehicle.car 0.3338 1094.2095 -0.0437 2.1416 0.2876 -119.2723 4.3470 2.1044 1.6213 8.7280 16.0829 -0.1559 28
vehicle.car 57.9543 1149.7440 0.0089 0.5987 0.1161 151.1376 4.9145 2.1034 1.5079 8.7280 16.0829 -0.1558 4
vehicle.car 39.1739 1144.7848 0.0720 -0.4243 0.1321 54.6565 4.9954 2.1385 1.4855 35.3269 6.9830 -0.4094 29
vehicle.truck 58.9570 1191.5315 1.0210 0.8278 0.6720 -119.0093 8.8288 3.1457 3.5018 -16.3604 20.8827 0.2720 25
vehicle.car 22.3121 1125.5121 0.0818 1.5894 0.0902 -118.9734 4.9954 2.1385 1.4837 8.7280 16.0829 -0.1559 21
vehicle.car 31.0759 1120.6567 -0.0800 0.8492 1.8009 2.4169 4.9047 2.1309 1.4801 8.7280 16.0829 -0.1559 17
vehicle.car 127.3428 1213.7308 0.8273 0.4114 0.2275 -85.8512 6.1926 2.4695 2.8623 8.7280 16.0829 -0.1559 11
vehicle.truck 15.2722 1121.2863 0.4060 -3.0034 0.7297 60.9001 6.5575 2.5166 2.5104 8.7280 16.0829 -0.1559 27
vehicle.car 30.4840 1161.0577 0.1846 -0.6663 0.4404 -28.9566 4.7997 2.0992 1.7192 8.7279 16.0829 -0.1559 19
vehicle.car 44.2543 1165.0104 0.8049 0.4835 0.6681 -118.9589 6.1926 2.4695 2.8623 -17.9020 21.1302 -0.0839 7
vehicle.car 6.9000 1175.1500 0.1414 -0.7274 1.0980 -51.5248 4.6350 2.1608 1.6715 2.5386 4.6842 0.1717 13
vehicle.car 66.5309 1144.9967 0.0793 0.4295 0.9151 151.0418 4.6350 2.1608 1.6713 8.7280 16.0829 -0.1559 16
vehicle.car 15.1872 1207.0951 0.0413 -0.2052 0.4327 60.9926 4.9145 2.1034 1.4979 26.9580 12.5833 -0.5832 32
vehicle.car 85.4359 1240.3426 0.1336 0.7179 0.6191 -114.5695 4.7000 2.2032 1.7322 -15.9742 18.8535 0.2800 24
vehicle.car 118.7122 1194.5502 0.0974 1.3927 0.2671 -119.0035 4.6495 2.1154 1.5585 8.7280 16.0829 -0.1559 12
vehicle.truck 84.9346 1227.9590 1.0198 0.2621 0.9932 60.9993 8.8288 3.1457 3.4955 8.7280 16.0829 -0.1559 30
vehicle.car 28.0236 1135.7819 0.1424 1.5244 1.1607 -118.9809 4.6350 2.1608 1.6762 -2.6036 18.2612 0.0139 26
vehicle.car 54.9713 1174.0052 0.1917 1.2349 0.4351 61.1692 4.7997 2.0992 1.7220 8.7280 16.0829 -0.1556 22
vehicle.bus.rigid 45.9766 1209.7307 1.0650 0.2826 0.2544 -29.0708 12.0306 2.8726 3.5495 8.7280 16.0829 -0.1558 9
vehicle.car 26.3381 1112.9392 -0.0606 -1.0243 -1.3134 -177.5593 4.9145 2.1583 1.5012 8.7280 16.0829 -0.1558 18
vehicle.truck 123.7072 1203.5699 0.5847 1.5503 0.7343 -117.9518 6.5575 2.5166 2.5069 8.7280 16.0829 -0.1559 6
vehicle.car 57.3000 1178.2143 0.0466 1.2228 0.3851 61.1456 4.8306 2.0307 1.4361 8.7281 16.0829 -0.1568 2
vehicle.car 22.8707 1165.2620 0.0177 -0.5880 0.3521 -28.8020 4.8306 2.0307 1.4369 8.7280 16.0829 -0.1559 15
vehicle.car 6.9236 1181.1914 0.1867 -0.6382 0.6000 120.6636 4.7997 2.0992 1.7226 11.2274 18.2030 -0.2582 5
