vehicle.car 0.3338 1094.2089 -0.0437 2.1416 0.2876 -119.2722 4.3470 2.1044 1.6213 -14.4297 13.7073 0.9364 28
vehicle.car 57.9543 1149.7434 0.0089 0.5987 0.1162 151.1376 4.9145 2.1034 1.5079 -14.4297 13.7073 0.9364 4
vehicle.car 22.0598 1114.6954 0.0906 1.4341 0.1095 61.0773 4.9954 2.1385 1.4855 18.0280 34.0506 0.0148 29
vehicle.truck 69.8767 1211.1526 1.0026 0.4368 0.7300 -119.0107 8.8288 3.1457 3.5018 -32.6435 2.3141 1.3883 25
vehicle.car 23.1549 1127.0231 0.0817 1.5754 0.1644 -118.9911 4.9954 2.1385 1.4837 -24.6995 7.2809 1.2248 21
vehicle.car 31.0760 1120.6561 -0.0800 0.8492 1.8009 2.4169 4.9047 2.1309 1.4801 -14.4297 13.7073 0.9364 17
vehicle.truck 15.2722 1121.2857 0.4060 -3.0034 0.7297 60.9002 6.5575 2.5166 2.5104 -14.4297 13.7073 0.9364 27
vehicle.car 30.4840 1161.0571 0.1846 -0.6663 0.4404 -28.9566 4.7997 2.0992 1.7192 -14.4297 13.7073 0.9365 19
vehicle.car 56.7178 1187.4501 0.7865 0.1506 0.5461 -118.9812 6.1926 2.4695 2.8623 -36.6583 -0.2814 1.5131 7
vehicle.car 2.4293 1187.0387 0.1202 -0.7857 0.6789 -98.7953 4.6350 2.1608 1.6715 -22.1920 1.5946 1.2543 13
vehicle.car 66.5310 1144.9961 0.0793 0.4295 0.9151 151.0418 4.6350 2.1608 1.6713 -14.4297 13.7073 0.9364 16
vehicle.bus.rigid -10.9412 1065.9674 1.0801 0.2975 0.6431 -121.0168 12.0306 2.8726 3.5515 -41.9534 -1.3530 1.6774 31
vehicle.car 7.6373 1193.1175 0.0431 -0.7951 0.2578 67.5941 4.9145 2.1034 1.4979 -6.2584 19.6073 0.6996 32
vehicle.car 36.5025 1150.9639 0.1352 -0.1543 0.8418 -118.9058 4.6350 2.1608 1.6762 -32.3099 2.4255 1.4850 26
vehicle.car 51.1463 1167.0436 0.1874 1.1143 0.7199 61.4601 4.7997 2.0992 1.7220 2.8987 24.7029 0.4542 22
vehicle.bus.rigid 45.9766 1209.7301 1.0650 0.2826 0.2544 -29.0708 12.0306 2.8726 3.5495 -14.4297 13.7073 0.9364 9
vehicle.car 26.3381 1112.9386 -0.0606 -1.0244 -1.3133 -177.5593 4.9145 2.1583 1.5012 -14.4297 13.7073 0.9364 18
vehicle.car 21.3136 1166.1193 0.0150 -0.5981 0.3841 -28.7746 4.8306 2.0307 1.4369 -8.6478 4.5510 0.8518 15
vehicle.car 31.1536 1217.7757 0.0573 0.4031 0.4379 -18.1991 4.9954 2.1385 1.4884 -7.4015 4.2530 0.8195 8
vehicle.car 7.4578 1180.1516 0.1896 -0.5558 0.7809 126.3663 4.7997 2.0992 1.7226 -14.4420 20.5591 0.8489 5
