vehicle.car -52.1453 1232.0621 0.1156 0.4025 0.2658 29.1818 4.6495 2.1154 1.5596 7.4184 41.4797 -0.3429 3
vehicle.car 57.9543 1149.7441 0.0089 0.5987 0.1161 151.1376 4.9145 2.1034 1.5079 3.4369 13.8065 0.0413 4
vehicle.car 92.4210 1187.9585 0.0861 1.3281 0.0053 151.8020 4.9954 2.1385 1.4855 3.4369 13.8066 0.0412 29
vehicle.truck 37.8861 1153.4862 1.0343 0.1786 0.8987 -118.8787 8.8288 3.1457 3.5018 3.4369 13.8066 0.0412 25
vehicle.car 22.3122 1125.5122 0.0818 1.5894 0.0902 -118.9734 4.9954 2.1385 1.4837 3.4369 13.8066 0.0412 21
vehicle.car 127.3428 1213.7310 0.8273 0.4114 0.2275 -85.8512 6.1926 2.4695 2.8623 3.4369 13.8066 0.0412 11
vehicle.car 30.4840 1161.0578 0.1846 -0.6663 0.4404 -28.9566 4.7997 2.0992 1.7192 3.4369 13.8065 0.0412 19
vehicle.car 32.1030 1143.0951 0.8185 1.1199 0.3775 -119.0503 6.1926 2.4695 2.8623 3.4369 13.8065 0.0412 7
vehicle.car 14.9613 1169.6247 0.1202 -0.7338 1.0400 -29.7350 4.6350 2.1608 1.6715 3.4369 13.8066 0.0412 13
vehicle.truck 83.7564 1236.6690 0.5159 0.4504 0.6358 -114.5057 6.5575 2.5166 2.5270 3.4369 13.8066 0.0412 23
vehicle.car 66.5310 1144.9968 0.0793 0.4295 0.9151 151.0418 4.6350 2.1608 1.6713 3.4369 13.8066 0.0412 16
vehicle.bus.rigid 9.8464 1290.2831 1.1580 -0.2273 0.3150 74.7334 12.0306 2.8726 3.5515 -13.0410 32.8464 -0.3919 31
vehicle.bus.rigid 77.3164 1224.5914 1.0944 0.9725 0.5474 -118.7035 12.0306 2.8726 3.5489 3.4369 13.8066 0.0412 20
vehicle.car 26.2829 1218.7662 0.0687 0.6116 -0.2641 12.0465 4.9145 2.1034 1.4979 3.4369 13.8065 0.0412 32
vehicle.car 47.0798 1170.0862 0.2044 0.7211 0.5264 -118.9406 4.7000 2.2032 1.7322 3.4369 13.8066 0.0412 24
vehicle.car 118.7122 1194.5503 0.0974 1.3927 0.2671 -119.0035 4.6495 2.1154 1.5585 3.4369 13.8066 0.0412 12
vehicle.truck 84.9345 1227.9591 1.0198 0.2621 0.9932 60.9994 8.8288 3.1457 3.4955 3.4369 13.8065 0.0412 30
vehicle.car 27.0115 1133.9670 0.1428 1.5559 0.9838 -118.8749 4.6350 2.1608 1.6762 3.4369 13.8066 0.0412 26
vehicle.car 54.9713 1174.0054 0.1917 1.2349 0.4349 61.1692 4.7997 2.0992 1.7220 3.4369 13.8066 0.0412 22
vehicle.bus.rigid 45.9766 1209.7308 1.0650 0.2826 0.2544 -29.0708 12.0306 2.8726 3.5495 3.4369 13.8066 0.0412 9
vehicle.car 43.3938 1163.4386 0.0604 0.3332 0.1749 -119.0705 4.9145 2.1034 1.5006 3.4369 13.8066 0.0412 14
vehicle.car 78.9247 1217.1262 0.1196 0.4488 0.3464 60.9309 4.3470 2.0651 1.5943 3.4369 13.8065 0.0412 10
vehicle.truck 123.7072 1203.5701 0.5847 1.5503 0.7343 -117.9517 6.5575 2.5166 2.5069 3.4369 13.8065 0.0412 6
vehicle.car 57.3000 1178.2145 0.0465 1.2228 0.3871 61.1456 4.8306 2.0307 1.4361 3.4369 13.8065 0.0413 2
vehicle.car 22.8707 1165.2621 0.0177 -0.5880 0.3521 -28.8020 4.8306 2.0307 1.4369 3.4369 13.8066 0.0412 15
vehicle.car 34.9888 1215.8492 0.0490 0.3273 -0.1852 -27.3212 4.9954 2.1385 1.4884 3.4369 13.8066 0.0412 8
vehicle.car 21.7363 1217.0642 0.1670 -0.1353 0.5257 48.2572 4.7997 2.0992 1.7226 3.4369 13.8066 0.0412 5
