vehicle.car 57.9543 1149.7437 0.0090 0.5987 0.1161 151.1377 4.9145 2.1034 1.5079 5.7361 8.9671 0.0782 4
vehicle.car 108.0862 1172.8053 0.0236 -0.0472 -0.0087 86.6668 4.9954 2.1385 1.4855 -3.2398 21.3086 -0.1583 29
vehicle.truck 37.8861 1153.4858 1.0343 0.1786 0.8987 -118.8787 8.8288 3.1457 3.5018 5.7361 8.9671 0.0782 25
vehicle.car 22.3121 1125.5118 0.0818 1.5894 0.0902 -118.9734 4.9954 2.1385 1.4837 5.7361 8.9671 0.0782 21
vehicle.car 31.0760 1120.6564 -0.0800 0.8492 1.8009 2.4169 4.9047 2.1309 1.4801 5.7361 8.9672 0.0782 17
vehicle.car 127.3428 1213.7306 0.8273 0.4114 0.2275 -85.8512 6.1926 2.4695 2.8623 5.7361 8.9671 0.0782 11
vehicle.car 30.4840 1161.0575 0.1847 -0.6663 0.4404 -28.9566 4.7997 2.0992 1.7192 5.7360 8.9671 0.0782 19
vehicle.car 32.1030 1143.0947 0.8185 1.1199 0.3775 -119.0503 6.1926 2.4695 2.8623 5.7361 8.9671 0.0782 7
vehicle.truck 83.7564 1236.6686 0.5159 0.4504 0.6358 -114.5057 6.5575 2.5166 2.5270 5.7361 8.9671 0.0782 23
vehicle.car 66.5309 1144.9964 0.0793 0.4295 0.9151 151.0418 4.6350 2.1608 1.6713 5.7361 8.9671 0.0782 16
vehicle.bus.rigid 77.3164 1224.5911 1.0944 0.9725 0.5474 -118.7034 12.0306 2.8726 3.5489 5.7361 8.9671 0.0782 20
vehicle.car 26.2829 1218.7658 0.0687 0.6116 -0.2641 12.0465 4.9145 2.1034 1.4979 5.7361 8.9671 0.0782 32
vehicle.car 47.0798 1170.0858 0.2044 0.7211 0.5264 -118.9406 4.7000 2.2032 1.7322 5.7361 8.9671 0.0782 24
vehicle.car 118.7122 1194.5499 0.0974 1.3926 0.2671 -119.0034 4.6495 2.1154 1.5585 5.7361 8.9671 0.0782 12
vehicle.truck 84.9345 1227.9587 1.0198 0.2621 0.9932 60.9994 8.8288 3.1457 3.4955 5.7361 8.9671 0.0782 30
vehicle.car 27.0115 1133.9666 0.1428 1.5559 0.9838 -118.8749 4.6350 2.1608 1.6762 5.7361 8.9671 0.0782 26
vehicle.car 54.9713 1174.0050 0.1917 1.2349 0.4349 61.1692 4.7997 2.0992 1.7220 5.7361 8.9671 0.0782 22
vehicle.bus.rigid 45.9765 1209.7304 1.0650 0.2826 0.2544 -29.0707 12.0306 2.8726 3.5495 5.7361 8.9671 0.0782 9
vehicle.car 43.3937 1163.4382 0.0604 0.3332 0.1749 -119.0706 4.9145 2.1034 1.5006 5.7361 8.9671 0.0782 14
vehicle.car 78.9247 1217.1258 0.1196 0.4489 0.3464 60.9309 4.3470 2.0651 1.5943 5.7361 8.9671 0.0782 10
vehicle.truck 123.7071 1203.5697 0.5847 1.5503 0.7343 -117.9517 6.5575 2.5166 2.5069 5.7361 8.9671 0.0782 6
vehicle.car 57.3000 1178.2141 0.0465 1.2228 0.3871 61.1456 4.8306 2.0307 1.4361 5.7361 8.9671 0.0782 2
vehicle.car 21.7362 1217.0638 0.1670 -0.1353 0.5257 48.2572 4.7997 2.0992 1.7226 5.7361 8.9671 0.0782 5
