vehicle.car 92.4211 1187.9578 0.0861 1.3281 0.0053 151.8018 4.9954 2.1385 1.4855 -0.5477 35.5738 0.1301 29
vehicle.car 127.3429 1213.7303 0.8273 0.4114 0.2275 -85.8513 6.1926 2.4695 2.8623 -0.5477 35.5738 0.1301 11
vehicle.truck 15.2722 1121.2858 0.4060 -3.0034 0.7297 60.9001 6.5575 2.5166 2.5104 -0.5477 35.5738 0.1301 27
vehicle.car 14.9614 1169.6242 0.1202 -0.7338 1.0400 -29.7351 4.6350 2.1608 1.6715 -0.5477 35.5738 0.1301 13
vehicle.truck 83.7565 1236.6683 0.5159 0.4504 0.6358 -114.5058 6.5575 2.5166 2.5270 -0.5477 35.5738 0.1301 23
vehicle.bus.rigid 5.8942 1278.3455 1.1524 -0.2672 0.3936 64.8112 12.0306 2.8726 3.5515 -16.1399 55.3776 -0.4597 31
vehicle.bus.rigid 77.3165 1224.5908 1.0944 0.9725 0.5474 -118.7035 12.0306 2.8726 3.5489 -0.5477 35.5738 0.1301 20
vehicle.car 26.2830 1218.7656 0.0687 0.6116 -0.2641 12.0464 4.9145 2.1034 1.4979 -0.5477 35.5738 0.1301 32
vehicle.car 118.7123 1194.5496 0.0974 1.3926 0.2671 -119.0035 4.6495 2.1154 1.5585 -0.5477 35.5738 0.1301 12
vehicle.truck 84.9347 1227.9585 1.0198 0.2621 0.9932 60.9993 8.8288 3.1457 3.4955 -0.5477 35.5738 0.1301 30
vehicle.bus.rigid 45.9767 1209.7302 1.0650 0.2826 0.2544 -29.0709 12.0306 2.8726 3.5495 -0.5477 35.5738 0.1301 9
vehicle.car 78.9248 1217.1256 0.1197 0.4488 0.3464 60.9308 4.3470 2.0651 1.5943 -0.5477 35.5738 0.1301 10
vehicle.truck 123.7072 1203.5694 0.5847 1.5503 0.7343 -117.9518 6.5575 2.5166 2.5069 -0.5477 35.5738 0.1301 6
vehicle.car 22.8708 1165.2615 0.0177 -0.5880 0.3521 -28.8021 4.8306 2.0307 1.4369 -0.5477 35.5737 0.1302 15
vehicle.car 34.9889 1215.8486 0.0490 0.3274 -0.1852 -27.3213 4.9954 2.1385 1.4884 -0.5477 35.5738 0.1301 8
vehicle.car 21.7364 1217.0636 0.1670 -0.1353 0.5257 48.2571 4.7997 2.0992 1.7226 -0.5477 35.5738 0.1301 5
