vehicle.car 92.4210 1187.9580 0.0861 1.3281 0.0053 151.8019 4.9954 2.1385 1.4855 -1.2403 37.3416 -0.0445 29
vehicle.car 127.3428 1213.7305 0.8273 0.4114 0.2275 -85.8512 6.1926 2.4695 2.8623 -1.2403 37.3416 -0.0445 11
vehicle.truck 83.7565 1236.6685 0.5159 0.4504 0.6358 -114.5057 6.5575 2.5166 2.5270 -1.2403 37.3416 -0.0445 23
vehicle.bus.rigid 3.4916 1273.2897 1.1552 -0.2549 0.4432 60.3649 12.0306 2.8726 3.5515 -15.4631 58.1592 -0.6066 31
vehicle.bus.rigid 77.3164 1224.5910 1.0944 0.9725 0.5474 -118.7035 12.0306 2.8726 3.5489 -1.2403 37.3416 -0.0445 20
vehicle.car 26.2830 1218.7658 0.0687 0.6116 -0.2640 12.0464 4.9145 2.1034 1.4979 -1.2403 37.3416 -0.0445 32
vehicle.car 118.7123 1194.5498 0.0974 1.3926 0.2671 -119.0035 4.6495 2.1154 1.5585 -1.2403 37.3416 -0.0446 12
vehicle.bus.rigid 45.9766 1209.7304 1.0650 0.2826 0.2544 -29.0708 12.0306 2.8726 3.5495 -1.2403 37.3416 -0.0445 9
vehicle.car 78.9248 1217.1258 0.1196 0.4488 0.3464 60.9308 4.3470 2.0651 1.5943 -1.2403 37.3416 -0.0445 10
vehicle.truck 123.7072 1203.5696 0.5847 1.5503 0.7343 -117.9518 6.5575 2.5166 2.5069 -1.2403 37.3416 -0.0445 6
vehicle.car 34.9889 1215.8488 0.0490 0.3273 -0.1851 -27.3212 4.9954 2.1385 1.4884 -1.2403 37.3416 -0.0445 8
vehicle.car 21.7363 1217.0637 0.1670 -0.1353 0.5257 48.2572 4.7997 2.0992 1.7226 -1.2403 37.3416 -0.0445 5
