vehicle.car 0.3338 1094.2093 -0.0437 2.1416 0.2876 -119.2723 4.3470 2.1044 1.6213 14.6116 22.7870 0.0313 28
vehicle.car 66.3757 1141.0866 0.0263 -0.0040 0.1364 -29.0304 4.9954 2.1385 1.4855 6.1246 4.3898 0.2017 29
vehicle.truck 39.7948 1156.9351 1.0457 0.1455 0.8395 -118.9394 8.8288 3.1457 3.5018 4.7387 27.3428 0.1255 25
vehicle.car 22.3122 1125.5119 0.0818 1.5894 0.0902 -118.9734 4.9954 2.1385 1.4837 14.6116 22.7870 0.0312 21
vehicle.car 31.0760 1120.6566 -0.0800 0.8492 1.8009 2.4169 4.9047 2.1309 1.4801 14.6116 22.7870 0.0312 17
vehicle.car 127.3428 1213.7307 0.8273 0.4114 0.2275 -85.8512 6.1926 2.4695 2.8623 14.6116 22.7870 0.0313 11
vehicle.truck 15.2722 1121.2861 0.4060 -3.0034 0.7297 60.9002 6.5575 2.5166 2.5104 14.6116 22.7870 0.0312 27
vehicle.car 32.1030 1143.0948 0.8185 1.1199 0.3775 -119.0503 6.1926 2.4695 2.8623 14.6116 22.7870 0.0312 7
vehicle.car 66.5309 1144.9965 0.0793 0.4295 0.9151 151.0418 4.6350 2.1608 1.6713 14.6116 22.7870 0.0312 16
vehicle.bus.rigid 80.7184 1230.7579 1.0689 0.8949 -0.1283 -117.3084 12.0306 2.8726 3.5489 1.5926 28.8399 0.4263 20
vehicle.car 63.7293 1200.0698 0.1720 0.2461 1.1033 -118.9998 4.7000 2.2032 1.7322 -6.7741 32.7138 0.3698 24
vehicle.car 118.7122 1194.5500 0.0974 1.3926 0.2671 -119.0034 4.6495 2.1154 1.5585 14.6116 22.7870 0.0313 12
vehicle.truck 84.9345 1227.9588 1.0198 0.2621 0.9932 60.9993 8.8288 3.1457 3.4955 14.6116 22.7870 0.0313 30
vehicle.car 27.0115 1133.9667 0.1428 1.5559 0.9838 -118.8749 4.6350 2.1608 1.6762 14.6116 22.7870 0.0312 26
vehicle.car 54.9713 1174.0051 0.1917 1.2349 0.4349 61.1692 4.7997 2.0992 1.7220 14.6116 22.7870 0.0313 22
vehicle.bus.rigid 45.9766 1209.7305 1.0650 0.2826 0.2544 -29.0708 12.0306 2.8726 3.5495 14.6116 22.7870 0.0312 9
vehicle.car 26.3381 1112.9390 -0.0606 -1.0243 -1.3134 -177.5593 4.9145 2.1583 1.5012 14.6116 22.7870 0.0312 18
vehicle.car 50.3800 1176.0369 0.0884 0.7465 0.2708 -118.9707 4.9145 2.1034 1.5006 -4.9748 31.8697 0.3281 14
vehicle.truck 123.7071 1203.5698 0.5847 1.5503 0.7343 -117.9518 6.5575 2.5166 2.5069 14.6116 22.7870 0.0313 6
vehicle.car 57.3000 1178.2142 0.0465 1.2228 0.3870 61.1456 4.8306 2.0307 1.4361 14.6116 22.7870 0.0312 2
vehicle.car 12.2094 1201.7469 0.1544 -0.5077 0.4524 60.8780 4.7997 2.0992 1.7226 31.9354 14.6916 -0.2384 5
