vehicle.car -54.8420 1230.5457 0.1135 0.4211 0.2021 30.8916 4.6495 2.1154 1.5596 4.1515 46.2319 -0.5707 3
vehicle.car 92.4210 1187.9582 0.0861 1.3281 0.0053 151.8018 4.9954 2.1385 1.4855 2.3675 18.5781 -0.0266 29
vehicle.truck 37.8860 1153.4859 1.0343 0.1786 0.8987 -118.8788 8.8288 3.1457 3.5018 2.3674 18.5782 -0.0266 25
vehicle.car 22.3121 1125.5119 0.0818 1.5894 0.0902 -118.9735 4.9954 2.1385 1.4837 2.3674 18.5782 -0.0266 21
vehicle.car 127.3428 1213.7306 0.8273 0.4114 0.2275 -85.8512 6.1926 2.4695 2.8623 2.3675 18.5782 -0.0266 11
vehicle.truck 15.2721 1121.2861 0.4060 -3.0034 0.7297 60.9001 6.5575 2.5166 2.5104 2.3675 18.5782 -0.0266 27
vehicle.car 30.4839 1161.0576 0.1846 -0.6664 0.4404 -28.9567 4.7997 2.0992 1.7192 2.3674 18.5782 -0.0265 19
vehicle.car 32.1029 1143.0948 0.8185 1.1199 0.3775 -119.0504 6.1926 2.4695 2.8623 2.3674 18.5782 -0.0266 7
vehicle.car 14.9613 1169.6245 0.1202 -0.7338 1.0400 -29.7351 4.6350 2.1608 1.6715 2.3675 18.5782 -0.0266 13
vehicle.truck 83.7565 1236.6686 0.5159 0.4504 0.6358 -114.5058 6.5575 2.5166 2.5270 2.3675 18.5782 -0.0266 23
vehicle.bus.rigid 9.1511 1287.5755 1.1541 -0.2939 0.3251 72.4378 12.0306 2.8726 3.5515 -14.2779 37.4715 -0.4485 31
vehicle.bus.rigid 77.3164 1224.5911 1.0944 0.9725 0.5474 -118.7035 12.0306 2.8726 3.5489 2.3675 18.5782 -0.0266 20
vehicle.car 26.2829 1218.7660 0.0687 0.6116 -0.2641 12.0464 4.9145 2.1034 1.4979 2.3674 18.5782 -0.0265 32
vehicle.car 47.0798 1170.0859 0.2044 0.7211 0.5264 -118.9407 4.7000 2.2032 1.7322 2.3675 18.5782 -0.0266 24
vehicle.car 118.7122 1194.5499 0.0974 1.3926 0.2671 -119.0035 4.6495 2.1154 1.5585 2.3674 18.5782 -0.0266 12
vehicle.truck 84.9346 1227.9588 1.0198 0.2621 0.9932 60.9993 8.8288 3.1457 3.4955 2.3674 18.5782 -0.0265 30
vehicle.car 27.0114 1133.9667 0.1428 1.5559 0.9838 -118.8749 4.6350 2.1608 1.6762 2.3675 18.5782 -0.0266 26
vehicle.car 54.9712 1174.0051 0.1917 1.2349 0.4349 61.1691 4.7997 2.0992 1.7220 2.3675 18.5782 -0.0266 22
vehicle.bus.rigid 45.9766 1209.7305 1.0650 0.2826 0.2544 -29.0709 12.0306 2.8726 3.5495 2.3674 18.5782 -0.0266 9
vehicle.car 43.3937 1163.4383 0.0604 0.3332 0.1749 -119.0707 4.9145 2.1034 1.5006 2.3674 18.5782 -0.0266 14
vehicle.car 78.9248 1217.1259 0.1196 0.4488 0.3464 60.9308 4.3470 2.0651 1.5943 2.3675 18.5782 -0.0266 10
vehicle.truck 123.7072 1203.5697 0.5847 1.5503 0.7343 -117.9519 6.5575 2.5166 2.5069 2.3674 18.5782 -0.0266 6
vehicle.car 57.3000 1178.2142 0.0465 1.2228 0.3871 61.1455 4.8306 2.0307 1.4361 2.3674 18.5782 -0.0266 2
vehicle.car 22.8707 1165.2618 0.0177 -0.5880 0.3521 -28.8021 4.8306 2.0307 1.4369 2.3674 18.5782 -0.0266 15
vehicle.car 34.9888 1215.8490 0.0490 0.3273 -0.1852 -27.3213 4.9954 2.1385 1.4884 2.3674 18.5782 -0.0266 8
vehicle.car 21.7363 1217.0639 0.1670 -0.1353 0.5257 48.2571 4.7997 2.0992 1.7226 2.3674 18.5782 -0.0265 5
