vehicle.car 0.3338 1094.2096 -0.0437 2.1416 0.2876 -119.2723 4.3470 2.1044 1.6213 -1.1122 15.0741 0.0242 28
vehicle.car 57.9543 1149.7442 0.0089 0.5987 0.1161 151.1376 4.9145 2.1034 1.5079 -1.1122 15.0741 0.0242 4
vehicle.car 35.8924 1139.5902 0.0705 0.6808 0.0608 60.3420 4.9954 2.1385 1.4855 32.7949 19.5119 -0.2764 29
vehicle.truck 61.3602 1195.8345 1.0155 0.5769 0.5886 -119.0638 8.8288 3.1457 3.5018 -25.9367 11.4551 0.3332 25
vehicle.car 22.3122 1125.5122 0.0818 1.5894 0.0902 -118.9734 4.9954 2.1385 1.4837 -1.1122 15.0741 0.0242 21
vehicle.car 31.0760 1120.6569 -0.0800 0.8492 1.8009 2.4169 4.9047 2.1309 1.4801 -1.1122 15.0741 0.0242 17
vehicle.truck 15.2722 1121.2864 0.4060 -3.0034 0.7297 60.9002 6.5575 2.5166 2.5104 -1.1122 15.0741 0.0242 27
vehicle.car 30.4840 1161.0579 0.1846 -0.6664 0.4404 -28.9566 4.7997 2.0992 1.7192 -1.1122 15.0741 0.0241 19
vehicle.car 46.8646 1169.7202 0.8182 0.7203 0.2445 -119.0141 6.1926 2.4695 2.8623 -28.6337 11.0286 0.3558 7
vehicle.car 5.2579 1177.1342 0.1465 -0.7559 0.9924 -59.7117 4.6350 2.1608 1.6715 -4.9236 2.0813 0.2574 13
vehicle.car 66.5309 1144.9968 0.0793 0.4295 0.9151 151.0418 4.6350 2.1608 1.6713 -1.1122 15.0741 0.0242 16
vehicle.car 13.3549 1203.7969 0.0455 -0.4388 0.1710 60.9512 4.9145 2.1034 1.4979 18.7150 17.9990 -0.1960 32
vehicle.car 118.7122 1194.5503 0.0974 1.3927 0.2671 -119.0034 4.6495 2.1154 1.5585 -1.1122 15.0741 0.0241 12
vehicle.truck 84.9346 1227.9591 1.0198 0.2621 0.9932 60.9993 8.8288 3.1457 3.4955 -1.1122 15.0741 0.0242 30
vehicle.car 29.2797 1138.0412 0.1432 1.4854 1.1824 -119.0734 4.6350 2.1608 1.6762 -16.0162 12.8928 0.1863 26
vehicle.car 54.9717 1174.0059 0.1925 1.2386 0.3198 61.1689 4.7997 2.0992 1.7220 -1.1522 15.0694 -0.0981 22
vehicle.bus.rigid 45.9766 1209.7309 1.0650 0.2826 0.2544 -29.0708 12.0306 2.8726 3.5495 -1.1122 15.0741 0.0242 9
vehicle.car 26.3381 1112.9394 -0.0606 -1.0243 -1.3134 -177.5593 4.9145 2.1583 1.5012 -1.1122 15.0741 0.0242 18
vehicle.car 78.9248 1217.1262 0.1196 0.4489 0.3464 60.9308 4.3470 2.0651 1.5943 -1.1122 15.0741 0.0242 10
vehicle.truck 123.7072 1203.5701 0.5847 1.5503 0.7343 -117.9518 6.5575 2.5166 2.5069 -1.1122 15.0741 0.0242 6
vehicle.car 57.3009 1178.2162 0.0452 1.2197 0.5611 61.1492 4.8306 2.0307 1.4361 -1.1655 15.0648 0.2423 2
vehicle.car 22.8707 1165.2621 0.0177 -0.5880 0.3521 -28.8021 4.8306 2.0307 1.4369 -1.1122 15.0741 0.0243 15
vehicle.car 34.9889 1215.8493 0.0490 0.3274 -0.1852 -27.3212 4.9954 2.1385 1.4884 -1.1122 15.0741 0.0243 8
vehicle.car 7.1403 1180.7417 0.1878 -0.6135 0.5398 123.0336 4.7997 2.0992 1.7226 -0.2237 16.7242 -0.0143 5
