vehicle.car 57.9543 1149.7438 0.0089 0.5987 0.1161 151.1376 4.9145 2.1034 1.5079 -9.6181 8.8354 0.7006 4
vehicle.car 87.2149 1137.2706 0.0172 -0.1637 0.3297 21.4844 4.9954 2.1385 1.4855 7.1375 8.2803 0.1498 29
vehicle.truck 37.8862 1153.4858 1.0343 0.1786 0.8987 -118.8788 8.8288 3.1457 3.5018 -9.6181 8.8354 0.7006 25
vehicle.car 22.3122 1125.5118 0.0818 1.5894 0.0902 -118.9734 4.9954 2.1385 1.4837 -9.6181 8.8354 0.7006 21
vehicle.car 31.0760 1120.6565 -0.0800 0.8492 1.8009 2.4169 4.9047 2.1309 1.4801 -9.6181 8.8354 0.7007 17
vehicle.car 127.3429 1213.7306 0.8273 0.4114 0.2275 -85.8512 6.1926 2.4695 2.8623 -9.6181 8.8354 0.7007 11
vehicle.truck 15.2722 1121.2860 0.4060 -3.0034 0.7297 60.9001 6.5575 2.5166 2.5104 -9.6181 8.8354 0.7007 27
vehicle.car 30.4841 1161.0575 0.1846 -0.6663 0.4404 -28.9566 4.7997 2.0992 1.7192 -9.6181 8.8354 0.7007 19
vehicle.car 32.1030 1143.0947 0.8185 1.1199 0.3775 -119.0504 6.1926 2.4695 2.8623 -9.6181 8.8354 0.7006 7
vehicle.truck 83.7589 1236.6743 0.5138 0.4460 0.3640 -114.5077 6.5575 2.5166 2.5270 -9.5828 8.8591 0.8781 23
vehicle.car 66.5310 1144.9965 0.0793 0.4295 0.9151 151.0418 4.6350 2.1608 1.6713 -9.6181 8.8354 0.7007 16
vehicle.bus.rigid 77.3164 1224.5909 1.0939 0.9724 0.5559 -118.7033 12.0306 2.8726 3.5489 -9.6166 8.8362 0.7060 20
vehicle.car 26.2830 1218.7659 0.0687 0.6116 -0.2641 12.0464 4.9145 2.1034 1.4979 -9.6181 8.8354 0.7007 32
vehicle.car 49.7843 1174.9611 0.2081 0.7419 0.6079 -118.9590 4.7000 2.2032 1.7322 -25.8963 -1.5984 1.2033 24
vehicle.car 118.7123 1194.5499 0.0974 1.3927 0.2671 -119.0035 4.6495 2.1154 1.5585 -9.6181 8.8354 0.7007 12
vehicle.truck 84.9346 1227.9587 1.0198 0.2621 0.9932 60.9993 8.8288 3.1457 3.4955 -9.6181 8.8354 0.7006 30
vehicle.car 27.0115 1133.9667 0.1428 1.5559 0.9838 -118.8749 4.6350 2.1608 1.6762 -9.6181 8.8354 0.7007 26
vehicle.car 54.9714 1174.0050 0.1917 1.2349 0.4349 61.1692 4.7997 2.0992 1.7220 -9.6181 8.8354 0.7006 22
vehicle.bus.rigid 45.9767 1209.7305 1.0650 0.2826 0.2544 -29.0708 12.0306 2.8726 3.5495 -9.6181 8.8354 0.7006 9
vehicle.car 26.3381 1112.9390 -0.0606 -1.0243 -1.3134 -177.5593 4.9145 2.1583 1.5012 -9.6181 8.8355 0.7007 18
vehicle.car 43.3938 1163.4382 0.0604 0.3332 0.1749 -119.0706 4.9145 2.1034 1.5006 -9.6182 8.8354 0.7006 14
vehicle.car 78.9248 1217.1259 0.1196 0.4488 0.3464 60.9309 4.3470 2.0651 1.5943 -9.6181 8.8354 0.7007 10
vehicle.truck 123.7072 1203.5697 0.5847 1.5503 0.7343 -117.9518 6.5575 2.5166 2.5069 -9.6181 8.8354 0.7007 6
vehicle.car 57.3001 1178.2141 0.0465 1.2228 0.3871 61.1456 4.8306 2.0307 1.4361 -9.6181 8.8354 0.7006 2
vehicle.car 22.8708 1165.2617 0.0177 -0.5880 0.3521 -28.8021 4.8306 2.0307 1.4369 -9.6181 8.8354 0.7007 15
vehicle.car 34.9889 1215.8489 0.0490 0.3274 -0.1852 -27.3212 4.9954 2.1385 1.4884 -9.6181 8.8354 0.7007 8
vehicle.car 21.7365 1217.0639 0.1669 -0.1328 0.5258 48.2571 4.7997 2.0992 1.7226 -9.6377 8.8319 0.7302 5
