vehicle.car 0.3338 1094.2093 -0.0437 2.1416 0.2876 -119.2723 4.3470 2.1044 1.6213 -14.4772 13.6932 1.2563 28
vehicle.car -14.1334 1061.1707 0.0839 -0.0245 0.4657 -125.0303 4.6495 2.1154 1.5596 -40.6558 1.4699 2.2587 3
vehicle.car -2.4079 1070.6503 0.0732 1.3491 -0.1936 60.4918 4.9954 2.1385 1.4855 17.5518 33.3745 0.2528 29
vehicle.car 36.3318 1150.6583 0.0751 -0.0437 -0.0770 -118.8981 4.9954 2.1385 1.4837 -34.1398 1.2587 1.9408 21
vehicle.car 31.0759 1120.6566 -0.0800 0.8492 1.8009 2.4169 4.9047 2.1309 1.4801 -14.4772 13.6932 1.2562 17
vehicle.car 30.4839 1161.0576 0.1846 -0.6663 0.4404 -28.9566 4.7997 2.0992 1.7192 -14.4772 13.6932 1.2563 19
vehicle.car 66.5309 1144.9965 0.0793 0.4295 0.9139 151.0417 4.6350 2.1608 1.6713 -14.4775 13.6934 1.2535 16
vehicle.bus.rigid 9.4752 1102.4365 1.0925 1.7812 0.3581 -118.8875 12.0306 2.8726 3.5515 -41.0697 -3.0012 2.2552 31
vehicle.car 50.7008 1176.6209 0.1609 0.7524 1.0256 -118.9625 4.6350 2.1608 1.6762 -37.4612 -0.7469 2.0890 26
vehicle.car 28.8970 1127.0300 0.1873 1.4262 0.4694 61.0919 4.7997 2.0992 1.7220 16.5154 33.1915 0.0918 22
vehicle.car 26.3380 1112.9390 -0.0606 -1.0243 -1.3134 -177.5592 4.9145 2.1583 1.5012 -14.4772 13.6932 1.2563 18
