vehicle.car 0.3338 1094.2089 -0.0437 2.1416 0.2876 -119.2723 4.3470 2.1044 1.6213 -10.3799 11.9115 0.6207 28
vehicle.car 57.9543 1149.7435 0.0089 0.5987 0.1161 151.1376 4.9145 2.1034 1.5079 -10.3799 11.9115 0.6206 4
vehicle.car 28.8001 1126.8599 0.0843 1.4169 0.0771 61.0978 4.9954 2.1385 1.4855 23.3815 30.8083 -0.2564 29
vehicle.truck 65.9635 1204.1170 1.0123 0.5551 0.6245 -119.0106 8.8288 3.1457 3.5018 -30.8392 0.4886 1.3911 25
vehicle.car 22.3121 1125.5115 0.0817 1.5894 0.0927 -118.9734 4.9954 2.1385 1.4837 -10.3790 11.9119 0.6197 21
vehicle.car 31.0760 1120.6562 -0.0800 0.8492 1.8009 2.4169 4.9047 2.1309 1.4801 -10.3799 11.9115 0.6206 17
vehicle.truck 15.2722 1121.2857 0.4060 -3.0034 0.7297 60.9001 6.5575 2.5166 2.5104 -10.3799 11.9115 0.6207 27
vehicle.car 30.4840 1161.0572 0.1846 -0.6663 0.4404 -28.9566 4.7997 2.0992 1.7192 -10.3799 11.9115 0.6207 19
vehicle.car 52.0447 1179.0595 0.8252 0.7627 0.2586 -118.9585 6.1926 2.4695 2.8623 -33.9678 -1.2788 1.2139 7
vehicle.car 2.8940 1181.9438 0.1415 -0.6621 0.7553 -80.9401 4.6350 2.1608 1.6715 -14.3747 -1.6193 1.0346 13
vehicle.car 66.5310 1144.9961 0.0793 0.4295 0.9151 151.0418 4.6350 2.1608 1.6713 -10.3799 11.9115 0.6206 16
vehicle.bus.rigid -17.6170 1056.8067 1.0557 0.3495 0.3803 -128.6820 12.0306 2.8726 3.5515 -40.5275 2.7539 1.2390 31
vehicle.car 9.8388 1197.4311 0.0439 -0.6720 0.1405 62.1840 4.9145 2.1034 1.4979 3.9706 20.0634 0.2570 32
vehicle.truck 84.9346 1227.9584 1.0198 0.2621 0.9932 60.9993 8.8288 3.1457 3.4955 -10.3799 11.9115 0.6206 30
vehicle.car 32.7218 1144.1857 0.1600 1.1085 1.2282 -119.0853 4.6350 2.1608 1.6762 -28.4884 1.8829 1.1254 26
vehicle.car 53.6851 1171.6790 0.1902 1.2014 0.5256 61.3101 4.7997 2.0992 1.7220 -0.6883 17.3557 0.3819 22
vehicle.bus.rigid 45.9766 1209.7302 1.0650 0.2826 0.2544 -29.0708 12.0306 2.8726 3.5495 -10.3799 11.9115 0.6206 9
vehicle.car 26.3381 1112.9387 -0.0606 -1.0243 -1.3134 -177.5593 4.9145 2.1583 1.5012 -10.3799 11.9115 0.6207 18
vehicle.car 78.7754 1227.1297 0.0894 1.0307 0.1012 -118.8828 4.9145 2.1034 1.5006 -31.7179 0.0616 1.2217 14
vehicle.car 78.9248 1217.1255 0.1196 0.4488 0.3464 60.9309 4.3470 2.0651 1.5943 -10.3799 11.9115 0.6206 10
vehicle.car 22.8706 1165.2614 0.0180 -0.5876 0.3384 -28.8019 4.8306 2.0307 1.4369 -10.3783 11.9084 0.6152 15
vehicle.car 34.6544 1216.0383 0.0524 0.1260 0.1399 -26.8369 4.9954 2.1385 1.4884 -6.8851 5.5543 0.7124 8
vehicle.car 7.2804 1180.4689 0.1878 -0.6129 0.5232 124.5584 4.7997 2.0992 1.7226 -10.3776 11.9300 0.6201 5
