vehicle.car 0.3338 1094.2097 -0.0437 2.1416 0.2876 -119.2722 4.3470 2.1044 1.6213 -14.4894 13.7505 1.1564 28
vehicle.car 57.9543 1149.7443 0.0089 0.5987 0.1161 151.1376 4.9145 2.1034 1.5079 -14.4894 13.7505 1.1564 4
vehicle.car 15.3838 1102.6537 0.0956 1.5375 0.2072 61.0847 4.9954 2.1385 1.4855 17.6563 33.8922 0.0199 29
vehicle.car 25.9067 1131.9777 0.0813 1.5421 0.1173 -118.9949 4.9954 2.1385 1.4837 -30.2874 3.8586 1.6960 21
vehicle.car 31.0759 1120.6570 -0.0800 0.8492 1.8009 2.4169 4.9047 2.1309 1.4801 -14.4894 13.7505 1.1565 17
vehicle.truck 15.2721 1121.2865 0.4060 -3.0034 0.7297 60.9002 6.5575 2.5166 2.5104 -14.4894 13.7505 1.1564 27
vehicle.car 30.4840 1161.0580 0.1846 -0.6663 0.4403 -28.9566 4.7997 2.0992 1.7192 -14.4894 13.7505 1.1564 19
vehicle.car 61.2279 1195.5923 0.7861 0.5653 0.0938 -119.0855 6.1926 2.4695 2.8623 -35.7835 0.4275 1.9024 7
vehicle.car 3.5187 1192.1205 0.1087 -1.0377 0.9103 -112.2467 4.6350 2.1608 1.6715 -25.3516 4.2174 1.5445 13
vehicle.car 66.5309 1144.9970 0.0793 0.4295 0.9151 151.0418 4.6350 2.1608 1.6713 -14.4894 13.7505 1.1564 16
vehicle.bus.rigid -5.3027 1075.7841 1.0947 1.4967 0.3557 -118.8140 12.0306 2.8726 3.5515 -41.0051 -2.8964 2.0423 31
vehicle.car 39.9150 1157.1433 0.1530 -0.0964 1.0453 -118.9542 4.6350 2.1608 1.6762 -29.4367 4.3456 1.5117 26
vehicle.car 45.9774 1157.6681 0.1832 0.1215 0.8211 60.9286 4.7997 2.0992 1.7220 14.5815 31.8813 0.0852 22
vehicle.bus.rigid 45.9766 1209.7310 1.0650 0.2826 0.2544 -29.0708 12.0306 2.8726 3.5495 -14.4894 13.7505 1.1564 9
vehicle.car 26.3381 1112.9395 -0.0606 -1.0243 -1.3134 -177.5593 4.9145 2.1583 1.5012 -14.4894 13.7505 1.1565 18
vehicle.car 17.5220 1168.1968 0.0090 -0.6273 0.3975 -28.7956 4.8306 2.0307 1.4369 -7.4544 2.7128 0.9730 15
vehicle.car 27.2288 1218.8538 0.0753 0.6501 -0.1217 6.0878 4.9954 2.1385 1.4884 -5.7316 7.6864 0.8134 8
vehicle.car 9.8525 1177.2238 0.1751 -0.7137 0.1854 139.7576 4.7997 2.0992 1.7226 -17.5161 24.5649 1.2830 5
