vehicle.car -48.6804 1233.8609 0.1157 0.3337 0.2509 27.0186 4.6495 2.1154 1.5596 14.8895 35.9090 -0.1113 3
vehicle.car 92.4210 1187.9583 0.0861 1.3281 0.0053 151.8019 4.9954 2.1385 1.4855 5.7021 9.1932 0.2467 29
vehicle.truck 37.8861 1153.4860 1.0343 0.1786 0.8987 -118.8787 8.8288 3.1457 3.5018 5.7020 9.1932 0.2468 25
vehicle.car 22.3122 1125.5120 0.0818 1.5894 0.0902 -118.9734 4.9954 2.1385 1.4837 5.7020 9.1932 0.2467 21
vehicle.car 127.3428 1213.7308 0.8273 0.4114 0.2275 -85.8512 6.1926 2.4695 2.8623 5.7020 9.1932 0.2468 11
vehicle.truck 15.2722 1121.2861 0.4060 -3.0034 0.7297 60.9002 6.5575 2.5166 2.5104 5.7020 9.1932 0.2468 27
vehicle.car 30.4840 1161.0576 0.1846 -0.6663 0.4404 -28.9566 4.7997 2.0992 1.7192 5.7020 9.1933 0.2467 19
vehicle.car 32.1030 1143.0949 0.8185 1.1199 0.3775 -119.0503 6.1926 2.4695 2.8623 5.7020 9.1932 0.2467 7
vehicle.car 14.9613 1169.6245 0.1202 -0.7338 1.0400 -29.7350 4.6350 2.1608 1.6715 5.7020 9.1932 0.2468 13
vehicle.truck 83.7565 1236.6688 0.5159 0.4504 0.6358 -114.5057 6.5575 2.5166 2.5270 5.7020 9.1932 0.2468 23
vehicle.bus.rigid 10.5562 1293.7075 1.1606 -0.2679 0.3657 77.6443 12.0306 2.8726 3.5515 -8.8091 29.7693 -0.2549 31
vehicle.bus.rigid 77.3164 1224.5912 1.0944 0.9725 0.5474 -118.7035 12.0306 2.8726 3.5489 5.7020 9.1932 0.2468 20
vehicle.car 26.2830 1218.7660 0.0687 0.6116 -0.2641 12.0465 4.9145 2.1034 1.4979 5.7020 9.1933 0.2468 32
vehicle.car 47.0799 1170.0860 0.2044 0.7211 0.5264 -118.9407 4.7000 2.2032 1.7322 5.7020 9.1932 0.2468 24
vehicle.car 118.7122 1194.5501 0.0974 1.3926 0.2671 -119.0034 4.6495 2.1154 1.5585 5.7020 9.1932 0.2468 12
vehicle.truck 84.9346 1227.9589 1.0198 0.2621 0.9932 60.9993 8.8288 3.1457 3.4955 5.7020 9.1932 0.2468 30
vehicle.car 27.0115 1133.9668 0.1428 1.5559 0.9838 -118.8749 4.6350 2.1608 1.6762 5.7020 9.1932 0.2468 26
vehicle.car 54.9713 1174.0052 0.1917 1.2349 0.4349 61.1692 4.7997 2.0992 1.7220 5.7020 9.1932 0.2468 22
vehicle.bus.rigid 45.9766 1209.7306 1.0650 0.2826 0.2544 -29.0708 12.0306 2.8726 3.5495 5.7020 9.1932 0.2468 9
vehicle.car 43.3938 1163.4384 0.0604 0.3332 0.1749 -119.0706 4.9145 2.1034 1.5006 5.7020 9.1932 0.2468 14
vehicle.car 78.9248 1217.1260 0.1197 0.4488 0.3464 60.9309 4.3470 2.0651 1.5943 5.7021 9.1932 0.2467 10
vehicle.truck 123.7072 1203.5699 0.5847 1.5503 0.7343 -117.9518 6.5575 2.5166 2.5069 5.7020 9.1932 0.2468 6
vehicle.car 57.3000 1178.2143 0.0465 1.2228 0.3870 61.1456 4.8306 2.0307 1.4361 5.7020 9.1932 0.2467 2
vehicle.car 22.8707 1165.2619 0.0177 -0.5880 0.3521 -28.8021 4.8306 2.0307 1.4369 5.7020 9.1933 0.2468 15
vehicle.car 34.9888 1215.8490 0.0490 0.3273 -0.1852 -27.3212 4.9954 2.1385 1.4884 5.7020 9.1933 0.2468 8
vehicle.car 21.7363 1217.0640 0.1670 -0.1353 0.5257 48.2572 4.7997 2.0992 1.7226 5.7021 9.1932 0.2467 5
