vehicle.car 0.3338 1094.2091 -0.0437 2.1416 0.2876 -119.2723 4.3470 2.1044 1.6213 -14.4906 13.7210 1.0762 28
vehicle.car -21.3483 1052.8050 0.0671 0.2902 0.4468 -134.7481 4.6495 2.1154 1.5596 -38.7930 7.2688 1.7823 3
vehicle.car 57.9543 1149.7437 0.0089 0.5987 0.1161 151.1376 4.9145 2.1034 1.5079 -14.4906 13.7210 1.0761 4
vehicle.car 5.2469 1084.3030 0.0888 1.8865 0.1258 61.1770 4.9954 2.1385 1.4855 17.2920 33.7479 0.0777 29
vehicle.car 31.6190 1142.2227 0.0921 1.1806 0.2657 -119.1720 4.9954 2.1385 1.4837 -33.9494 1.6528 1.6553 21
vehicle.car 31.0760 1120.6564 -0.0800 0.8492 1.8009 2.4169 4.9047 2.1309 1.4801 -14.4906 13.7210 1.0761 17
vehicle.truck 15.2722 1121.2859 0.4060 -3.0034 0.7297 60.9001 6.5575 2.5166 2.5104 -14.4906 13.7210 1.0761 27
vehicle.car 30.4840 1161.0574 0.1846 -0.6663 0.4404 -28.9566 4.7997 2.0992 1.7192 -14.4906 13.7210 1.0761 19
vehicle.bus.rigid 3.1268 1091.0076 1.0954 1.7897 0.3762 -118.9404 12.0306 2.8726 3.5515 -41.0455 -2.9071 1.9355 31
vehicle.car 45.2895 1166.8633 0.1486 0.3339 1.2049 -119.0108 4.6350 2.1608 1.6762 -36.8722 -0.3823 1.5684 26
vehicle.car 36.2784 1140.2887 0.1746 0.7325 0.3882 60.6545 4.7997 2.0992 1.7220 16.3732 32.8083 0.1520 22
vehicle.car 26.3381 1112.9389 -0.0606 -1.0243 -1.3134 -177.5593 4.9145 2.1583 1.5012 -14.4906 13.7210 1.0761 18
vehicle.car 10.6067 1172.1503 0.0181 -0.7320 0.5198 -36.2528 4.8306 2.0307 1.4369 -7.3413 0.6615 0.8738 15
