vehicle.car 0.3338 1094.2089 -0.0437 2.1416 0.2876 -119.2723 4.3470 2.1044 1.6213 -11.4291 12.0718 0.7206 28
vehicle.car 57.9543 1149.7434 0.0089 0.5987 0.1161 151.1376 4.9145 2.1034 1.5079 -11.4291 12.0717 0.7206 4
vehicle.car 27.7596 1124.9802 0.0845 1.4638 0.0861 61.0933 4.9954 2.1385 1.4855 21.8599 31.6744 -0.1400 29
vehicle.truck 66.5915 1205.2455 1.0026 0.5392 0.7023 -119.0270 8.8288 3.1457 3.5018 -31.3389 0.3744 1.1919 25
vehicle.car 22.3123 1125.5116 0.0819 1.5892 0.0727 -118.9740 4.9954 2.1385 1.4837 -11.4342 12.0689 0.7209 21
vehicle.car 31.0759 1120.6561 -0.0800 0.8492 1.8009 2.4169 4.9047 2.1309 1.4801 -11.4291 12.0717 0.7206 17
vehicle.truck 15.2722 1121.2856 0.4060 -3.0034 0.7297 60.9002 6.5575 2.5166 2.5104 -11.4291 12.0718 0.7206 27
vehicle.car 30.4840 1161.0571 0.1846 -0.6663 0.4404 -28.9566 4.7997 2.0992 1.7192 -11.4290 12.0718 0.7206 19
vehicle.car 52.7711 1180.3698 0.8254 0.7664 0.2535 -118.9707 6.1926 2.4695 2.8623 -34.5990 -1.5622 1.3414 7
vehicle.car 2.7046 1182.7051 0.1388 -0.6504 0.7269 -84.0891 4.6350 2.1608 1.6715 -15.8510 -1.3483 0.9818 13
vehicle.car 66.5309 1144.9961 0.0793 0.4295 0.9151 151.0418 4.6350 2.1608 1.6713 -11.4291 12.0717 0.7206 16
vehicle.bus.rigid -16.4946 1058.1472 1.0524 0.3618 0.4142 -127.2604 12.0306 2.8726 3.5515 -41.1023 1.5350 1.4687 31
vehicle.car 9.4147 1196.6447 0.0434 -0.7144 0.1267 62.7398 4.9145 2.1034 1.4979 1.9184 20.1377 0.3848 32
vehicle.truck 84.9346 1227.9584 1.0198 0.2621 0.9932 60.9993 8.8288 3.1457 3.4955 -11.4291 12.0717 0.7206 30
vehicle.car 33.2948 1145.2006 0.1551 0.7377 0.8818 -119.0516 4.6350 2.1608 1.6762 -29.7262 1.4782 1.2667 26
vehicle.car 53.3737 1171.1144 0.1897 1.1869 0.5237 61.3553 4.7997 2.0992 1.7220 -0.9337 18.2873 0.4579 22
vehicle.bus.rigid 45.9766 1209.7301 1.0650 0.2826 0.2544 -29.0708 12.0306 2.8726 3.5495 -11.4291 12.0717 0.7206 9
vehicle.car 26.3381 1112.9386 -0.0606 -1.0243 -1.3134 -177.5593 4.9145 2.1583 1.5012 -11.4291 12.0718 0.7206 18
vehicle.car 79.4346 1228.3165 0.0871 1.0127 0.0530 -118.6397 4.9145 2.1034 1.5006 -32.4987 -0.3307 1.2963 14
vehicle.car 22.8713 1165.2612 0.0175 -0.5880 0.3975 -28.8026 4.8306 2.0307 1.4369 -11.4442 12.0989 0.7496 15
vehicle.car 34.2178 1216.2774 0.0505 0.0570 0.0823 -26.1492 4.9954 2.1385 1.4884 -6.3131 3.4826 0.7413 8
vehicle.car 7.2804 1180.4689 0.1878 -0.6117 0.5256 124.5598 4.7997 2.0992 1.7226 -11.4291 12.0715 0.7222 5
