vehicle.car 57.9543 1149.7442 0.0089 0.5987 0.1161 151.1376 4.9145 2.1034 1.5079 7.1346 23.1091 0.1501 4
vehicle.car 68.9244 1139.6766 0.0238 0.0137 0.1072 -28.9927 4.9954 2.1385 1.4855 1.7842 2.1406 0.3647 29
vehicle.truck 39.0695 1155.6325 1.0400 0.3040 0.9220 -118.9207 8.8288 3.1457 3.5018 -2.9203 25.6558 0.3603 25
vehicle.car 22.3122 1125.5123 0.0818 1.5894 0.0902 -118.9734 4.9954 2.1385 1.4837 7.1346 23.1091 0.1501 21
vehicle.car 31.0760 1120.6570 -0.0800 0.8492 1.8009 2.4169 4.9047 2.1309 1.4801 7.1346 23.1091 0.1501 17
vehicle.car 127.3428 1213.7311 0.8273 0.4114 0.2275 -85.8512 6.1926 2.4695 2.8623 7.1346 23.1091 0.1501 11
vehicle.truck 15.2722 1121.2865 0.4060 -3.0034 0.7297 60.9002 6.5575 2.5166 2.5104 7.1346 23.1091 0.1501 27
vehicle.car 32.1030 1143.0952 0.8185 1.1199 0.3775 -119.0504 6.1926 2.4695 2.8623 7.1346 23.1091 0.1501 7
vehicle.car 66.5310 1144.9969 0.0793 0.4295 0.9151 151.0418 4.6350 2.1608 1.6713 7.1346 23.1091 0.1501 16
vehicle.bus.rigid 79.9081 1229.2765 1.0893 0.9707 0.1612 -117.8704 12.0306 2.8726 3.5489 -3.1790 25.7353 0.4276 20
vehicle.car 62.1335 1197.1966 0.1680 0.2695 0.0671 -119.0610 4.7000 2.2032 1.7322 -15.9656 29.0988 0.7112 24
vehicle.car 118.7122 1194.5504 0.0974 1.3927 0.2671 -119.0035 4.6495 2.1154 1.5585 7.1346 23.1091 0.1501 12
vehicle.truck 84.9346 1227.9592 1.0198 0.2621 0.9932 60.9993 8.8288 3.1457 3.4955 7.1346 23.1091 0.1501 30
vehicle.car 27.0115 1133.9671 0.1428 1.5559 0.9838 -118.8749 4.6350 2.1608 1.6762 7.1346 23.1091 0.1501 26
vehicle.car 54.9713 1174.0055 0.1917 1.2349 0.4349 61.1692 4.7997 2.0992 1.7220 7.1346 23.1091 0.1501 22
vehicle.bus.rigid 45.9766 1209.7309 1.0650 0.2826 0.2544 -29.0708 12.0306 2.8726 3.5495 7.1346 23.1091 0.1501 9
vehicle.car 26.3381 1112.9394 -0.0606 -1.0243 -1.3134 -177.5593 4.9145 2.1583 1.5012 7.1346 23.1091 0.1501 18
vehicle.car 48.9604 1173.4747 0.0863 0.7274 0.2435 -118.9655 4.9145 2.1034 1.5006 -12.8596 28.2084 0.5275 14
vehicle.car 78.9248 1217.1263 0.1196 0.4488 0.3464 60.9308 4.3470 2.0651 1.5943 7.1346 23.1091 0.1501 10
vehicle.truck 123.7072 1203.5702 0.5847 1.5503 0.7343 -117.9518 6.5575 2.5166 2.5069 7.1346 23.1091 0.1501 6
vehicle.car 57.3000 1178.2146 0.0465 1.2228 0.3871 61.1456 4.8306 2.0307 1.4361 7.1346 23.1091 0.1501 2
vehicle.car 34.9889 1215.8493 0.0490 0.3273 -0.1852 -27.3212 4.9954 2.1385 1.4884 7.1346 23.1091 0.1501 8
vehicle.car 13.5117 1204.0805 0.1550 -0.4376 0.4526 60.8404 4.7997 2.0992 1.7226 25.7838 18.3055 -0.2068 5
