vehicle.car 57.9543 1149.7441 0.0089 0.5987 0.1161 151.1376 4.9145 2.1034 1.5079 13.5479 14.0716 -0.0737 4
vehicle.car 41.0628 1146.9706 0.0759 -0.4359 0.1966 47.3779 4.9954 2.1385 1.4855 32.5505 -1.1214 -0.3650 29
vehicle.truck 57.5814 1189.0343 1.0121 0.5084 0.7839 -118.9956 8.8288 3.1457 3.5018 -10.3094 23.4941 0.2046 25
vehicle.car 22.3122 1125.5121 0.0818 1.5894 0.0902 -118.9734 4.9954 2.1385 1.4837 13.5479 14.0716 -0.0737 21
vehicle.car 31.0760 1120.6568 -0.0800 0.8492 1.8009 2.4169 4.9047 2.1309 1.4801 13.5479 14.0716 -0.0737 17
vehicle.car 127.3428 1213.7309 0.8273 0.4114 0.2275 -85.8512 6.1926 2.4695 2.8623 13.5479 14.0716 -0.0737 11
vehicle.truck 15.2722 1121.2863 0.4060 -3.0034 0.7297 60.9002 6.5575 2.5166 2.5104 13.5479 14.0716 -0.0737 27
vehicle.car 30.4840 1161.0578 0.1846 -0.6663 0.4404 -28.9566 4.7997 2.0992 1.7192 13.5479 14.0716 -0.0737 19
vehicle.car 42.9301 1162.6095 0.7973 0.3738 0.0640 -118.9794 6.1926 2.4695 2.8623 -6.8328 22.1496 0.3945 7
vehicle.car 7.9176 1174.1585 0.1376 -0.6943 1.0949 -47.0847 4.6350 2.1608 1.6715 6.3778 3.6803 0.1190 13
vehicle.car 66.5310 1144.9967 0.0793 0.4295 0.9151 151.0417 4.6350 2.1608 1.6713 13.5479 14.0716 -0.0737 16
vehicle.car 84.2866 1237.8282 0.1338 0.5697 0.3855 -114.5560 4.7000 2.2032 1.7322 -10.2661 21.4279 0.4253 24
vehicle.truck 84.9346 1227.9590 1.0198 0.2621 0.9932 60.9993 8.8288 3.1457 3.4955 13.5479 14.0716 -0.0737 30
vehicle.car 27.4549 1134.7587 0.1421 1.5425 1.1500 -118.9440 4.6350 2.1608 1.6762 4.6253 17.6100 0.0994 26
vehicle.car 54.9713 1174.0053 0.1917 1.2349 0.4349 61.1692 4.7997 2.0992 1.7220 13.5479 14.0716 -0.0737 22
vehicle.bus.rigid 45.9766 1209.7308 1.0650 0.2826 0.2544 -29.0708 12.0306 2.8726 3.5495 13.5479 14.0716 -0.0737 9
vehicle.car 26.3381 1112.9393 -0.0606 -1.0244 -1.3133 -177.5593 4.9145 2.1583 1.5012 13.5480 14.0716 -0.0737 18
vehicle.car 70.7081 1212.6324 0.0410 0.4329 -0.1234 -118.9911 4.9145 2.1034 1.5006 -6.2630 21.9292 0.3215 14
vehicle.car 78.9248 1217.1261 0.1196 0.4488 0.3464 60.9308 4.3470 2.0651 1.5943 13.5479 14.0716 -0.0737 10
vehicle.truck 123.7072 1203.5700 0.5847 1.5503 0.7343 -117.9518 6.5575 2.5166 2.5069 13.5479 14.0716 -0.0737 6
vehicle.car 57.3001 1178.2144 0.0465 1.2228 0.3871 61.1456 4.8306 2.0307 1.4361 13.5479 14.0716 -0.0731 2
vehicle.car 34.9889 1215.8492 0.0490 0.3274 -0.1852 -27.3212 4.9954 2.1385 1.4884 13.5479 14.0716 -0.0737 8
vehicle.car 6.7574 1181.5707 0.1858 -0.5890 0.6811 118.7652 4.7997 2.0992 1.7226 17.1650 16.1305 -0.1766 5
