vehicle.car -58.7538 1228.1476 0.1116 0.3196 0.2933 33.6320 4.6495 2.1154 1.5596 1.0328 54.6297 -0.4614 3
vehicle.car 57.9543 1149.7435 0.0089 0.5987 0.1161 151.1376 4.9145 2.1034 1.5079 1.5426 27.2915 -0.0893 4
vehicle.car 92.4210 1187.9578 0.0861 1.3281 0.0053 151.8019 4.9954 2.1385 1.4855 1.5426 27.2915 -0.0893 29
vehicle.truck 37.8861 1153.4855 1.0343 0.1786 0.8987 -118.8787 8.8288 3.1457 3.5018 1.5426 27.2915 -0.0893 25
vehicle.car 22.3121 1125.5115 0.0818 1.5894 0.0902 -118.9734 4.9954 2.1385 1.4837 1.5426 27.2915 -0.0893 21
vehicle.car 127.3428 1213.7303 0.8273 0.4114 0.2275 -85.8512 6.1926 2.4695 2.8623 1.5426 27.2915 -0.0893 11
vehicle.truck 15.2722 1121.2857 0.4060 -3.0034 0.7298 60.9002 6.5575 2.5166 2.5104 1.5426 27.2915 -0.0893 27
vehicle.car 30.4840 1161.0572 0.1846 -0.6663 0.4404 -28.9566 4.7997 2.0992 1.7192 1.5427 27.2914 -0.0893 19
vehicle.car 32.1030 1143.0944 0.8185 1.1199 0.3775 -119.0504 6.1926 2.4695 2.8623 1.5426 27.2915 -0.0893 7
vehicle.car 14.9613 1169.6241 0.1202 -0.7338 1.0400 -29.7350 4.6350 2.1608 1.6715 1.5426 27.2915 -0.0893 13
vehicle.truck 83.7564 1236.6683 0.5159 0.4504 0.6358 -114.5057 6.5575 2.5166 2.5270 1.5426 27.2915 -0.0893 23
vehicle.bus.rigid 7.9089 1283.5673 1.1532 -0.2352 0.3750 69.1553 12.0306 2.8726 3.5515 -14.6770 46.5775 -0.4087 31
vehicle.bus.rigid 77.3164 1224.5908 1.0944 0.9725 0.5474 -118.7034 12.0306 2.8726 3.5489 1.5426 27.2915 -0.0893 20
vehicle.car 26.2829 1218.7656 0.0687 0.6116 -0.2640 12.0465 4.9145 2.1034 1.4979 1.5427 27.2915 -0.0893 32
vehicle.car 47.0798 1170.0855 0.2044 0.7211 0.5264 -118.9406 4.7000 2.2032 1.7322 1.5426 27.2915 -0.0893 24
vehicle.car 118.7122 1194.5496 0.0974 1.3927 0.2671 -119.0034 4.6495 2.1154 1.5585 1.5427 27.2915 -0.0892 12
vehicle.truck 84.9345 1227.9584 1.0198 0.2621 0.9932 60.9994 8.8288 3.1457 3.4955 1.5426 27.2915 -0.0893 30
vehicle.car 54.9713 1174.0047 0.1917 1.2349 0.4349 61.1692 4.7997 2.0992 1.7220 1.5426 27.2915 -0.0893 22
vehicle.bus.rigid 45.9766 1209.7302 1.0650 0.2826 0.2544 -29.0708 12.0306 2.8726 3.5495 1.5426 27.2915 -0.0893 9
vehicle.car 43.3937 1163.4379 0.0604 0.3332 0.1749 -119.0706 4.9145 2.1034 1.5006 1.5426 27.2915 -0.0893 14
vehicle.car 78.9247 1217.1256 0.1196 0.4488 0.3464 60.9309 4.3470 2.0651 1.5943 1.5426 27.2915 -0.0892 10
vehicle.truck 123.7071 1203.5694 0.5847 1.5503 0.7343 -117.9518 6.5575 2.5166 2.5069 1.5426 27.2915 -0.0893 6
vehicle.car 57.3000 1178.2138 0.0465 1.2228 0.3871 61.1456 4.8306 2.0307 1.4361 1.5426 27.2915 -0.0893 2
vehicle.car 22.8707 1165.2614 0.0177 -0.5880 0.3521 -28.8020 4.8306 2.0307 1.4369 1.5426 27.2915 -0.0893 15
vehicle.car 34.9888 1215.8486 0.0490 0.3273 -0.1851 -27.3212 4.9954 2.1385 1.4884 1.5426 27.2915 -0.0893 8
vehicle.car 21.7363 1217.0635 0.1670 -0.1353 0.5257 48.2572 4.7997 2.0992 1.7226 1.5426 27.2915 -0.0893 5
