vehicle.car 0.3338 1094.2091 -0.0437 2.1416 0.2876 -119.2723 4.3470 2.1044 1.6213 -14.5468 14.0901 1.2000 28
vehicle.car -9.6968 1067.9848 0.1085 0.8197 0.3677 -120.4193 4.6495 2.1154 1.5596 -40.3504 -0.6176 2.0796 3
vehicle.car -7.5747 1061.5250 0.0230 0.8123 -0.3091 61.0452 4.9954 2.1385 1.4855 17.7955 33.8854 0.3382 29
vehicle.car 39.4075 1156.2373 0.0868 0.3169 0.0751 -118.9372 4.9954 2.1385 1.4837 -33.6315 2.3429 1.9164 21
vehicle.car 31.0760 1120.6563 -0.0800 0.8492 1.8009 2.4169 4.9047 2.1309 1.4801 -14.5468 14.0901 1.2003 17
vehicle.truck 15.2722 1121.2858 0.4061 -3.0047 0.7319 60.9001 6.5575 2.5166 2.5104 -14.5466 14.0878 1.1978 27
vehicle.bus.rigid 13.7119 1110.0769 1.0884 1.7349 0.3624 -118.8700 12.0306 2.8726 3.5515 -41.3398 -2.4476 2.1165 31
vehicle.car 23.9336 1118.0699 0.1911 1.4834 0.5473 61.0752 4.7997 2.0992 1.7220 17.0742 33.6026 0.0555 22
vehicle.car 26.3381 1112.9388 -0.0606 -1.0243 -1.3134 -177.5593 4.9145 2.1583 1.5012 -14.5468 14.0901 1.2001 18
vehicle.car 26.7140 1167.1281 0.1759 -0.5255 0.6656 151.1639 4.7997 2.0992 1.7226 -26.0054 32.5361 1.5681 5
