vehicle.car 57.9544 1149.7437 0.0089 0.5987 0.1161 151.1376 4.9145 2.1034 1.5079 -5.6162 3.4544 0.2801 4
vehicle.car 102.5748 1158.2800 -0.0128 1.0225 0.1408 61.2178 4.9954 2.1385 1.4855 13.0989 18.0459 -0.0797 29
vehicle.truck 37.8862 1153.4858 1.0343 0.1786 0.8987 -118.8788 8.8288 3.1457 3.5018 -5.6162 3.4544 0.2802 25
vehicle.car 22.3123 1125.5118 0.0818 1.5894 0.0902 -118.9734 4.9954 2.1385 1.4837 -5.6161 3.4544 0.2802 21
vehicle.car 31.0761 1120.6564 -0.0800 0.8492 1.8009 2.4169 4.9047 2.1309 1.4801 -5.6161 3.4544 0.2801 17
vehicle.car 127.3429 1213.7305 0.8273 0.4114 0.2275 -85.8512 6.1926 2.4695 2.8623 -5.6161 3.4544 0.2802 11
vehicle.car 30.4841 1161.0574 0.1846 -0.6663 0.4404 -28.9566 4.7997 2.0992 1.7192 -5.6162 3.4544 0.2801 19
vehicle.car 32.1031 1143.0947 0.8185 1.1199 0.3775 -119.0504 6.1926 2.4695 2.8623 -5.6161 3.4544 0.2802 7
vehicle.car 14.9614 1169.6243 0.1202 -0.7338 1.0400 -29.7350 4.6350 2.1608 1.6715 -5.6161 3.4545 0.2801 13
vehicle.truck 83.7566 1236.6685 0.5159 0.4504 0.6358 -114.5057 6.5575 2.5166 2.5270 -5.6161 3.4544 0.2801 23
vehicle.car 66.5310 1144.9964 0.0793 0.4295 0.9151 151.0418 4.6350 2.1608 1.6713 -5.6162 3.4544 0.2801 16
vehicle.bus.rigid 77.3165 1224.5910 1.0944 0.9725 0.5474 -118.7035 12.0306 2.8726 3.5489 -5.6161 3.4544 0.2802 20
vehicle.car 26.2831 1218.7658 0.0687 0.6116 -0.2641 12.0464 4.9145 2.1034 1.4979 -5.6161 3.4544 0.2802 32
vehicle.car 47.0800 1170.0858 0.2044 0.7211 0.5264 -118.9407 4.7000 2.2032 1.7322 -5.6161 3.4544 0.2801 24
vehicle.car 118.7123 1194.5499 0.0974 1.3926 0.2671 -119.0035 4.6495 2.1154 1.5585 -5.6161 3.4544 0.2802 12
vehicle.truck 84.9347 1227.9587 1.0198 0.2621 0.9932 60.9993 8.8288 3.1457 3.4955 -5.6161 3.4544 0.2801 30
vehicle.car 27.0116 1133.9666 0.1428 1.5559 0.9838 -118.8749 4.6350 2.1608 1.6762 -5.6161 3.4544 0.2802 26
vehicle.car 54.9714 1174.0050 0.1917 1.2349 0.4349 61.1692 4.7997 2.0992 1.7220 -5.6162 3.4544 0.2802 22
vehicle.bus.rigid 45.9767 1209.7304 1.0650 0.2826 0.2544 -29.0708 12.0306 2.8726 3.5495 -5.6162 3.4544 0.2801 9
vehicle.car 26.3382 1112.9389 -0.0606 -1.0244 -1.3134 -177.5593 4.9145 2.1583 1.5012 -5.6162 3.4545 0.2801 18
vehicle.car 43.3939 1163.4382 0.0604 0.3332 0.1749 -119.0706 4.9145 2.1034 1.5006 -5.6162 3.4545 0.2801 14
vehicle.car 78.9249 1217.1258 0.1196 0.4488 0.3464 60.9309 4.3470 2.0651 1.5943 -5.6161 3.4544 0.2802 10
vehicle.truck 123.7073 1203.5696 0.5847 1.5503 0.7343 -117.9518 6.5575 2.5166 2.5069 -5.6161 3.4544 0.2802 6
vehicle.car 57.3001 1178.2141 0.0465 1.2228 0.3870 61.1456 4.8306 2.0307 1.4361 -5.6162 3.4544 0.2801 2
vehicle.car 22.8708 1165.2617 0.0177 -0.5880 0.3521 -28.8020 4.8306 2.0307 1.4369 -5.6161 3.4544 0.2802 15
vehicle.car 21.7364 1217.0638 0.1670 -0.1353 0.5257 48.2572 4.7997 2.0992 1.7226 -5.6161 3.4544 0.2801 5
