vehicle.car -20.8480 1053.2941 0.0677 0.3137 0.4290 -134.0328 4.6495 2.1154 1.5596 -38.7743 6.9160 1.8091 3
vehicle.car 57.9543 1149.7437 0.0089 0.5987 0.1161 151.1376 4.9145 2.1034 1.5079 -14.4859 13.7078 1.0733 4
vehicle.car 4.7419 1083.3893 0.0886 1.8657 0.0965 61.1461 4.9954 2.1385 1.4855 17.2939 33.7223 0.0488 29
vehicle.car 31.9313 1142.7781 0.0933 1.1451 0.2681 -119.1659 4.9954 2.1385 1.4837 -34.0092 1.5997 1.6557 21
vehicle.car 31.0760 1120.6564 -0.0800 0.8492 1.8009 2.4169 4.9047 2.1309 1.4801 -14.4858 13.7078 1.0733 17
vehicle.truck 15.2722 1121.2859 0.4060 -3.0034 0.7297 60.9001 6.5575 2.5166 2.5104 -14.4859 13.7078 1.0733 27
vehicle.car 30.4840 1161.0574 0.1846 -0.6663 0.4404 -28.9566 4.7997 2.0992 1.7192 -14.4858 13.7078 1.0732 19
vehicle.bus.rigid 3.5497 1091.7682 1.0950 1.7979 0.3758 -118.9372 12.0306 2.8726 3.5515 -41.0418 -2.9263 1.9239 31
vehicle.car 45.6439 1167.5098 0.1537 0.6481 1.0002 -119.0198 4.6350 2.1608 1.6762 -36.9445 -0.3897 1.6644 26
vehicle.car 35.7834 1139.4101 0.1731 0.7039 0.3997 60.6683 4.7997 2.0992 1.7220 16.3820 32.8086 0.1553 22
vehicle.car 26.3381 1112.9389 -0.0606 -1.0243 -1.3134 -177.5593 4.9145 2.1583 1.5012 -14.4859 13.7078 1.0733 18
vehicle.car 10.2629 1172.3796 0.0188 -0.7443 0.5207 -37.2247 4.8306 2.0307 1.4369 -7.5061 0.5435 0.8671 15
