vehicle.car 0.3338 1094.2095 -0.0437 2.1416 0.2876 -119.2723 4.3470 2.1044 1.6213 -12.3440 11.8769 0.9457 28
vehicle.car 57.9543 1149.7440 0.0089 0.5987 0.1161 151.1376 4.9145 2.1034 1.5079 -12.3441 11.8769 0.9457 4
vehicle.car 25.1639 1120.2949 0.0862 1.5250 0.1203 61.0963 4.9954 2.1385 1.4855 20.3595 32.1604 -0.1509 29
vehicle.truck 68.1189 1207.9902 1.0095 0.4650 0.7252 -119.0302 8.8288 3.1457 3.5018 -31.1377 0.2387 1.5860 25
vehicle.car 22.3904 1125.6507 0.0821 1.5889 0.2945 -118.9703 4.9954 2.1385 1.4837 -16.5873 9.2687 1.0908 21
vehicle.car 31.0760 1120.6567 -0.0800 0.8492 1.8009 2.4169 4.9047 2.1309 1.4801 -12.3441 11.8769 0.9457 17
vehicle.truck 15.2722 1121.2862 0.4060 -3.0034 0.7297 60.9002 6.5575 2.5166 2.5104 -12.3440 11.8769 0.9457 27
vehicle.car 30.4840 1161.0577 0.1846 -0.6663 0.4404 -28.9566 4.7997 2.0992 1.7192 -12.3441 11.8769 0.9457 19
vehicle.car 54.5894 1183.6221 0.7970 0.3729 -0.5334 -119.0451 6.1926 2.4695 2.8623 -34.9599 -2.0792 1.8851 7
vehicle.car 2.4271 1184.6562 0.1316 -0.6701 0.6769 -91.2876 4.6350 2.1608 1.6715 -18.3642 -1.0173 1.3554 13
vehicle.car 66.5310 1144.9967 0.0793 0.4295 0.9151 151.0418 4.6350 2.1608 1.6713 -12.3440 11.8769 0.9457 16
vehicle.bus.rigid -13.8322 1061.6092 1.0631 -0.0884 0.5122 -123.9258 12.0306 2.8726 3.5515 -40.9320 -1.1941 1.7920 31
vehicle.car 8.4863 1194.8679 0.0430 -0.7732 0.1574 64.6567 4.9145 2.1034 1.4979 -1.3732 19.1989 0.5772 32
vehicle.truck 84.9346 1227.9590 1.0198 0.2621 0.9932 60.9994 8.8288 3.1457 3.4955 -12.3440 11.8770 0.9457 30
vehicle.car 34.7622 1147.8157 0.1454 -0.1107 0.7769 -118.9220 4.6350 2.1608 1.6762 -30.9173 0.4391 1.7392 26
vehicle.car 52.4832 1169.4911 0.1892 1.1589 0.5196 61.4533 4.7997 2.0992 1.7220 -0.0166 19.6197 0.5474 22
vehicle.bus.rigid 45.9766 1209.7307 1.0650 0.2826 0.2544 -29.0708 12.0306 2.8726 3.5495 -12.3441 11.8769 0.9457 9
vehicle.car 26.3381 1112.9392 -0.0606 -1.0243 -1.3134 -177.5593 4.9145 2.1583 1.5012 -12.3440 11.8769 0.9457 18
vehicle.car 22.6197 1165.4009 0.0175 -0.5878 0.5534 -28.8094 4.8306 2.0307 1.4369 -9.4675 7.2648 0.9745 15
vehicle.car 32.9014 1216.9678 0.0533 0.0305 0.0125 -23.4234 4.9954 2.1385 1.4884 -6.0741 2.5336 1.0244 8
vehicle.car 7.2805 1180.4694 0.1879 -0.6103 0.5187 124.5599 4.7997 2.0992 1.7226 -12.3456 11.8604 0.9721 5
