vehicle.car 0.3338 1094.2096 -0.0437 2.1416 0.2876 -119.2722 4.3470 2.1044 1.6213 27.1489 9.8997 -0.2239 28
vehicle.car 57.9543 1149.7442 0.0089 0.5987 0.1161 151.1376 4.9145 2.1034 1.5079 27.1489 9.8996 -0.2239 4
vehicle.car 60.5372 1144.3302 0.0332 0.0082 0.1236 -29.4749 4.9954 2.1385 1.4855 14.7171 -1.1661 0.0254 29
vehicle.truck 41.9119 1160.7647 1.0374 0.1818 0.5412 -118.9830 8.8288 3.1457 3.5018 16.4062 21.8638 -0.0321 25
vehicle.car 22.3122 1125.5122 0.0818 1.5894 0.0902 -118.9734 4.9954 2.1385 1.4837 27.1489 9.8997 -0.2239 21
vehicle.car 31.0760 1120.6569 -0.0800 0.8492 1.8009 2.4169 4.9047 2.1309 1.4801 27.1489 9.8997 -0.2238 17
vehicle.car 127.3428 1213.7310 0.8273 0.4114 0.2275 -85.8512 6.1926 2.4695 2.8623 27.1489 9.8997 -0.2238 11
vehicle.truck 15.2722 1121.2864 0.4060 -3.0034 0.7297 60.9002 6.5575 2.5166 2.5104 27.1489 9.8997 -0.2238 27
vehicle.car 30.4840 1161.0579 0.1846 -0.6663 0.4404 -28.9566 4.7997 2.0992 1.7192 27.1488 9.8997 -0.2238 19
vehicle.car 32.3584 1143.5447 0.8204 1.0613 0.4223 -119.0136 6.1926 2.4695 2.8623 21.0649 16.7632 -0.1369 7
vehicle.car 66.5309 1144.9969 0.0793 0.4295 0.9151 151.0418 4.6350 2.1608 1.6713 27.1489 9.8997 -0.2238 16
vehicle.bus.rigid 83.8421 1236.8833 1.0257 0.5346 0.2960 -114.6512 12.0306 2.8726 3.5489 11.2852 25.3846 0.0747 20
vehicle.car 26.2829 1218.7663 0.0687 0.6116 -0.2639 12.0465 4.9145 2.1034 1.4979 27.1489 9.8997 -0.2237 32
vehicle.car 67.7755 1207.3614 0.1600 0.6137 0.3021 -119.0590 4.7000 2.2032 1.7322 12.1339 26.7304 -0.0492 24
vehicle.car 118.7122 1194.5503 0.0974 1.3926 0.2671 -119.0034 4.6495 2.1154 1.5585 27.1488 9.8996 -0.2238 12
vehicle.truck 84.9345 1227.9592 1.0198 0.2621 0.9932 60.9994 8.8288 3.1457 3.4955 27.1489 9.8997 -0.2238 30
vehicle.car 27.0115 1133.9671 0.1428 1.5559 0.9838 -118.8748 4.6350 2.1608 1.6762 27.1489 9.8997 -0.2238 26
vehicle.car 54.9713 1174.0054 0.1917 1.2349 0.4349 61.1692 4.7997 2.0992 1.7220 27.1489 9.8997 -0.2238 22
vehicle.bus.rigid 45.9766 1209.7309 1.0650 0.2826 0.2544 -29.0708 12.0306 2.8726 3.5495 27.1489 9.8997 -0.2238 9
vehicle.car 26.3381 1112.9394 -0.0606 -1.0243 -1.3134 -177.5593 4.9145 2.1583 1.5012 27.1489 9.8997 -0.2238 18
vehicle.car 54.4069 1183.2930 0.0799 0.7583 -0.1812 -119.0339 4.9145 2.1034 1.5006 11.2457 27.8221 0.8252 14
vehicle.truck 123.7071 1203.5701 0.5847 1.5503 0.7343 -117.9518 6.5575 2.5166 2.5069 27.1489 9.8997 -0.2238 6
vehicle.car 57.3000 1178.2145 0.0465 1.2228 0.3871 61.1456 4.8306 2.0307 1.4361 27.1488 9.8996 -0.2239 2
vehicle.car 34.9888 1215.8493 0.0490 0.3273 -0.1852 -27.3212 4.9954 2.1385 1.4884 27.1489 9.8997 -0.2238 8
vehicle.car 9.0080 1195.9405 0.1514 -0.8098 0.4067 63.4752 4.7997 2.0992 1.7226 38.8971 -2.8223 -0.4385 5
