vehicle.car 57.9543 1149.7440 0.0090 0.5987 0.1161 151.1376 4.9145 2.1034 1.5079 -1.0953 36.0036 0.0645 4
vehicle.car 92.4211 1187.9584 0.0861 1.3281 0.0053 151.8019 4.9954 2.1385 1.4855 -1.0953 36.0036 0.0644 29
vehicle.truck 37.8861 1153.4861 1.0343 0.1786 0.8987 -118.8787 8.8288 3.1457 3.5018 -1.0953 36.0036 0.0645 25
vehicle.car 22.3122 1125.5121 0.0818 1.5894 0.0902 -118.9734 4.9954 2.1385 1.4837 -1.0953 36.0036 0.0645 21
vehicle.car 127.3429 1213.7309 0.8273 0.4114 0.2275 -85.8512 6.1926 2.4695 2.8623 -1.0953 36.0036 0.0645 11
vehicle.truck 15.2722 1121.2863 0.4060 -3.0034 0.7298 60.9002 6.5575 2.5166 2.5104 -1.0953 36.0036 0.0645 27
vehicle.car 30.4840 1161.0577 0.1846 -0.6663 0.4404 -28.9566 4.7997 2.0992 1.7192 -1.0953 36.0036 0.0645 19
vehicle.car 32.1030 1143.0950 0.8185 1.1199 0.3775 -119.0503 6.1926 2.4695 2.8623 -1.0953 36.0036 0.0645 7
vehicle.car 14.9614 1169.6246 0.1202 -0.7338 1.0400 -29.7350 4.6350 2.1608 1.6715 -1.0953 36.0036 0.0645 13
vehicle.truck 83.7565 1236.6689 0.5159 0.4504 0.6358 -114.5057 6.5575 2.5166 2.5270 -1.0953 36.0036 0.0645 23
vehicle.car 66.5310 1144.9967 0.0793 0.4295 0.9151 151.0418 4.6350 2.1608 1.6713 -1.0953 36.0036 0.0645 16
vehicle.bus.rigid 1.4346 1269.6278 1.1581 -0.3235 0.4170 56.9168 12.0306 2.8726 3.5515 -14.0078 57.6525 -0.3325 31
vehicle.bus.rigid 77.3165 1224.5913 1.0944 0.9725 0.5474 -118.7035 12.0306 2.8726 3.5489 -1.0953 36.0036 0.0645 20
vehicle.car 26.2830 1218.7661 0.0687 0.6116 -0.2641 12.0465 4.9145 2.1034 1.4979 -1.0953 36.0036 0.0645 32
vehicle.car 47.0799 1170.0861 0.2044 0.7211 0.5264 -118.9406 4.7000 2.2032 1.7322 -1.0953 36.0036 0.0645 24
vehicle.car 118.7123 1194.5502 0.0974 1.3927 0.2671 -119.0034 4.6495 2.1154 1.5585 -1.0953 36.0036 0.0645 12
vehicle.car 27.0115 1133.9669 0.1428 1.5559 0.9838 -118.8749 4.6350 2.1608 1.6762 -1.0953 36.0036 0.0645 26
vehicle.car 54.9713 1174.0053 0.1917 1.2349 0.4349 61.1692 4.7997 2.0992 1.7220 -1.0953 36.0036 0.0645 22
vehicle.bus.rigid 45.9766 1209.7307 1.0650 0.2826 0.2544 -29.0708 12.0306 2.8726 3.5495 -1.0953 36.0036 0.0645 9
vehicle.car 43.3938 1163.4385 0.0604 0.3332 0.1749 -119.0706 4.9145 2.1034 1.5006 -1.0953 36.0036 0.0645 14
vehicle.car 78.9248 1217.1261 0.1196 0.4488 0.3465 60.9309 4.3470 2.0651 1.5943 -1.0953 36.0036 0.0645 10
vehicle.truck 123.7072 1203.5700 0.5847 1.5503 0.7343 -117.9518 6.5575 2.5166 2.5069 -1.0953 36.0036 0.0645 6
vehicle.car 57.3001 1178.2144 0.0465 1.2228 0.3871 61.1456 4.8306 2.0307 1.4361 -1.0953 36.0036 0.0645 2
vehicle.car 22.8708 1165.2620 0.0177 -0.5880 0.3521 -28.8020 4.8306 2.0307 1.4369 -1.0953 36.0036 0.0645 15
vehicle.car 34.9889 1215.8491 0.0490 0.3274 -0.1852 -27.3212 4.9954 2.1385 1.4884 -1.0953 36.0036 0.0645 8
