vehicle.car 57.9543 1149.7437 0.0089 0.5987 0.1161 151.1376 4.9145 2.1034 1.5079 -3.5421 3.2407 0.3791 4
vehicle.car 89.9171 1138.8709 0.0085 -0.3977 0.2824 31.1852 4.9954 2.1385 1.4855 11.8180 5.3916 -0.1430 29
vehicle.truck 37.8861 1153.4858 1.0343 0.1786 0.8987 -118.8788 8.8288 3.1457 3.5018 -3.5421 3.2407 0.3791 25
vehicle.car 22.3121 1125.5118 0.0818 1.5894 0.0902 -118.9734 4.9954 2.1385 1.4837 -3.5421 3.2407 0.3791 21
vehicle.car 31.0760 1120.6564 -0.0800 0.8492 1.8009 2.4169 4.9047 2.1309 1.4801 -3.5421 3.2407 0.3791 17
vehicle.car 127.3428 1213.7305 0.8273 0.4114 0.2275 -85.8512 6.1926 2.4695 2.8623 -3.5421 3.2407 0.3791 11
vehicle.truck 15.2722 1121.2859 0.4060 -3.0034 0.7297 60.9001 6.5575 2.5166 2.5104 -3.5421 3.2407 0.3791 27
vehicle.car 30.4840 1161.0574 0.1846 -0.6663 0.4404 -28.9566 4.7997 2.0992 1.7192 -3.5421 3.2407 0.3791 19
vehicle.car 32.1030 1143.0947 0.8185 1.1199 0.3775 -119.0504 6.1926 2.4695 2.8623 -3.5421 3.2407 0.3791 7
vehicle.car 66.5309 1144.9964 0.0793 0.4295 0.9151 151.0418 4.6350 2.1608 1.6713 -3.5421 3.2407 0.3791 16
vehicle.bus.rigid 77.3164 1224.5910 1.0943 0.9724 0.5489 -118.7035 12.0306 2.8726 3.5489 -3.5419 3.2410 0.3818 20
vehicle.car 26.2830 1218.7658 0.0687 0.6116 -0.2640 12.0464 4.9145 2.1034 1.4979 -3.5421 3.2407 0.3791 32
vehicle.car 48.1070 1171.9347 0.2060 0.7203 0.6188 -118.9606 4.7000 2.2032 1.7322 -17.1619 -5.5098 0.9927 24
vehicle.car 118.7122 1194.5499 0.0974 1.3926 0.2671 -119.0035 4.6495 2.1154 1.5585 -3.5422 3.2407 0.3791 12
vehicle.truck 84.9346 1227.9587 1.0198 0.2621 0.9932 60.9994 8.8288 3.1457 3.4955 -3.5421 3.2407 0.3791 30
vehicle.car 27.0115 1133.9666 0.1428 1.5559 0.9838 -118.8749 4.6350 2.1608 1.6762 -3.5421 3.2407 0.3791 26
vehicle.car 54.9713 1174.0049 0.1917 1.2349 0.4349 61.1692 4.7997 2.0992 1.7220 -3.5421 3.2407 0.3791 22
vehicle.bus.rigid 45.9766 1209.7304 1.0650 0.2826 0.2544 -29.0708 12.0306 2.8726 3.5495 -3.5421 3.2407 0.3791 9
vehicle.car 26.3381 1112.9389 -0.0606 -1.0243 -1.3134 -177.5593 4.9145 2.1583 1.5012 -3.5421 3.2407 0.3791 18
vehicle.car 43.3938 1163.4382 0.0604 0.3332 0.1749 -119.0706 4.9145 2.1034 1.5006 -3.5421 3.2407 0.3792 14
vehicle.car 78.9248 1217.1258 0.1196 0.4489 0.3464 60.9309 4.3470 2.0651 1.5943 -3.5421 3.2407 0.3791 10
vehicle.truck 123.7072 1203.5696 0.5847 1.5503 0.7343 -117.9518 6.5575 2.5166 2.5069 -3.5421 3.2407 0.3791 6
vehicle.car 57.3000 1178.2140 0.0465 1.2228 0.3871 61.1456 4.8306 2.0307 1.4361 -3.5421 3.2407 0.3791 2
vehicle.car 34.9889 1215.8488 0.0490 0.3274 -0.1851 -27.3212 4.9954 2.1385 1.4884 -3.5421 3.2407 0.3792 8
vehicle.car 21.7363 1217.0638 0.1670 -0.1353 0.5255 48.2572 4.7997 2.0992 1.7226 -3.5421 3.2407 0.3790 5
