vehicle.car 57.9542 1149.7441 0.0089 0.5987 0.1161 151.1376 4.9145 2.1034 1.5079 1.4148 0.3905 0.2336 4
vehicle.car 107.3204 1167.8230 0.0070 -0.0109 0.0565 67.6162 4.9954 2.1385 1.4855 5.9852 18.8058 0.0278 29
vehicle.truck 37.8860 1153.4862 1.0343 0.1786 0.8987 -118.8788 8.8288 3.1457 3.5018 1.4149 0.3905 0.2335 25
vehicle.car 22.3121 1125.5122 0.0818 1.5894 0.0902 -118.9735 4.9954 2.1385 1.4837 1.4148 0.3905 0.2336 21
vehicle.car 127.3428 1213.7309 0.8273 0.4114 0.2275 -85.8512 6.1926 2.4695 2.8623 1.4149 0.3905 0.2335 11
vehicle.car 32.1029 1143.0951 0.8185 1.1199 0.3775 -119.0504 6.1926 2.4695 2.8623 1.4149 0.3905 0.2336 7
vehicle.truck 83.7564 1236.6689 0.5159 0.4504 0.6358 -114.5057 6.5575 2.5166 2.5270 1.4149 0.3905 0.2335 23
vehicle.car 66.5309 1144.9968 0.0793 0.4295 0.9151 151.0418 4.6350 2.1608 1.6713 1.4148 0.3905 0.2335 16
vehicle.bus.rigid 77.3164 1224.5914 1.0944 0.9725 0.5474 -118.7035 12.0306 2.8726 3.5489 1.4148 0.3905 0.2335 20
vehicle.car 26.2829 1218.7662 0.0687 0.6116 -0.2641 12.0464 4.9145 2.1034 1.4979 1.4149 0.3905 0.2335 32
vehicle.car 47.0798 1170.0862 0.2044 0.7211 0.5264 -118.9407 4.7000 2.2032 1.7322 1.4148 0.3905 0.2336 24
vehicle.car 118.7122 1194.5502 0.0974 1.3927 0.2671 -119.0035 4.6495 2.1154 1.5585 1.4148 0.3905 0.2335 12
vehicle.truck 84.9345 1227.9591 1.0198 0.2621 0.9932 60.9993 8.8288 3.1457 3.4955 1.4148 0.3905 0.2336 30
vehicle.car 54.9712 1174.0054 0.1917 1.2349 0.4349 61.1692 4.7997 2.0992 1.7220 1.4148 0.3905 0.2335 22
vehicle.bus.rigid 45.9766 1209.7308 1.0650 0.2826 0.2544 -29.0708 12.0306 2.8726 3.5495 1.4148 0.3905 0.2335 9
vehicle.car 43.3937 1163.4386 0.0604 0.3332 0.1749 -119.0706 4.9145 2.1034 1.5006 1.4148 0.3905 0.2335 14
vehicle.car 78.9248 1217.1262 0.1196 0.4488 0.3464 60.9308 4.3470 2.0651 1.5943 1.4149 0.3905 0.2336 10
vehicle.truck 123.7071 1203.5700 0.5847 1.5503 0.7343 -117.9518 6.5575 2.5166 2.5069 1.4148 0.3905 0.2335 6
vehicle.car 57.3000 1178.2145 0.0465 1.2228 0.3871 61.1456 4.8306 2.0307 1.4361 1.4149 0.3905 0.2335 2
vehicle.car 21.7363 1217.0642 0.1670 -0.1353 0.5257 48.2572 4.7997 2.0992 1.7226 1.4148 0.3905 0.2336 5
