vehicle.car 57.9542 1149.7436 0.0089 0.5987 0.1161 151.1376 4.9145 2.1034 1.5079 -1.1914 20.7298 -0.2793 4
vehicle.car 104.6870 1180.1078 0.0373 0.4655 -0.0799 130.8307 4.9954 2.1385 1.4855 -14.9085 15.8939 -0.1370 29
vehicle.truck 37.8861 1153.4857 1.0343 0.1786 0.8987 -118.8788 8.8288 3.1457 3.5018 -1.1914 20.7297 -0.2794 25
vehicle.car 22.3121 1125.5117 0.0818 1.5894 0.0902 -118.9735 4.9954 2.1385 1.4837 -1.1914 20.7297 -0.2794 21
vehicle.car 31.0759 1120.6563 -0.0800 0.8492 1.8009 2.4169 4.9047 2.1309 1.4801 -1.1914 20.7297 -0.2794 17
vehicle.car 127.3428 1213.7305 0.8273 0.4114 0.2275 -85.8512 6.1926 2.4695 2.8623 -1.1914 20.7297 -0.2794 11
vehicle.truck 15.2721 1121.2858 0.4060 -3.0034 0.7297 60.9002 6.5575 2.5166 2.5104 -1.1914 20.7297 -0.2794 27
vehicle.car 30.4840 1161.0573 0.1846 -0.6663 0.4404 -28.9566 4.7997 2.0992 1.7192 -1.1914 20.7297 -0.2793 19
vehicle.car 32.1029 1143.0946 0.8185 1.1199 0.3775 -119.0504 6.1926 2.4695 2.8623 -1.1914 20.7297 -0.2794 7
vehicle.car 66.5309 1144.9963 0.0793 0.4295 0.9151 151.0418 4.6350 2.1608 1.6713 -1.1914 20.7297 -0.2794 16
vehicle.bus.rigid 77.3164 1224.5909 1.0944 0.9725 0.5474 -118.7035 12.0306 2.8726 3.5489 -1.1914 20.7297 -0.2794 20
vehicle.car 47.0798 1170.0857 0.2044 0.7211 0.5264 -118.9407 4.7000 2.2032 1.7322 -1.1914 20.7297 -0.2794 24
vehicle.car 118.7122 1194.5498 0.0974 1.3926 0.2671 -119.0035 4.6495 2.1154 1.5585 -1.1914 20.7297 -0.2793 12
vehicle.truck 84.9345 1227.9586 1.0198 0.2621 0.9932 60.9993 8.8288 3.1457 3.4955 -1.1914 20.7297 -0.2794 30
vehicle.car 27.0114 1133.9665 0.1428 1.5559 0.9838 -118.8749 4.6350 2.1608 1.6762 -1.1914 20.7297 -0.2794 26
vehicle.car 54.9712 1174.0048 0.1917 1.2349 0.4349 61.1692 4.7997 2.0992 1.7220 -1.1914 20.7297 -0.2794 22
vehicle.bus.rigid 45.9766 1209.7303 1.0650 0.2826 0.2544 -29.0708 12.0306 2.8726 3.5495 -1.1914 20.7297 -0.2794 9
vehicle.car 26.3380 1112.9388 -0.0606 -1.0243 -1.3134 -177.5593 4.9145 2.1583 1.5012 -1.1914 20.7297 -0.2794 18
vehicle.car 43.3937 1163.4381 0.0604 0.3332 0.1749 -119.0706 4.9145 2.1034 1.5006 -1.1914 20.7297 -0.2793 14
vehicle.car 78.9247 1217.1257 0.1196 0.4488 0.3464 60.9308 4.3470 2.0651 1.5943 -1.1914 20.7297 -0.2794 10
vehicle.truck 123.7071 1203.5696 0.5847 1.5503 0.7343 -117.9518 6.5575 2.5166 2.5069 -1.1914 20.7297 -0.2794 6
vehicle.car 57.3000 1178.2140 0.0465 1.2228 0.3871 61.1456 4.8306 2.0307 1.4361 -1.1914 20.7297 -0.2793 2
vehicle.car 21.7362 1217.0637 0.1670 -0.1353 0.5257 48.2572 4.7997 2.0992 1.7226 -1.1914 20.7297 -0.2794 5
