vehicle.car 0.3339 1094.2098 -0.0437 2.1416 0.2876 -119.2723 4.3470 2.1044 1.6213 -14.4862 13.7465 1.1436 28
vehicle.car 57.9543 1149.7444 0.0089 0.5987 0.1161 151.1376 4.9145 2.1034 1.5079 -14.4862 13.7465 1.1436 4
vehicle.car 14.8724 1101.7322 0.0969 1.4979 0.1770 61.0917 4.9954 2.1385 1.4855 17.6355 33.8734 -0.0047 29
vehicle.car 26.1599 1132.4340 0.0812 1.5448 0.1189 -118.9943 4.9954 2.1385 1.4837 -30.5336 3.6983 1.6841 21
vehicle.car 31.0760 1120.6571 -0.0800 0.8492 1.8009 2.4169 4.9047 2.1309 1.4801 -14.4863 13.7465 1.1436 17
vehicle.truck 15.2722 1121.2866 0.4060 -3.0034 0.7297 60.9002 6.5575 2.5166 2.5104 -14.4863 13.7465 1.1436 27
vehicle.car 30.4840 1161.0581 0.1846 -0.6664 0.4404 -28.9566 4.7997 2.0992 1.7192 -14.4862 13.7466 1.1435 19
vehicle.car 61.5662 1196.2039 0.7851 0.6330 -0.0091 -119.0829 6.1926 2.4695 2.8623 -35.6988 0.4938 1.9310 7
vehicle.car 3.6558 1192.4981 0.1085 -1.0441 0.9305 -112.8852 4.6350 2.1608 1.6715 -25.4102 4.3028 1.5195 13
vehicle.car 66.5310 1144.9971 0.0793 0.4295 0.9151 151.0418 4.6350 2.1608 1.6713 -14.4862 13.7465 1.1436 16
vehicle.bus.rigid -4.8820 1076.5466 1.0955 1.5223 0.3338 -118.8074 12.0306 2.8726 3.5515 -40.9852 -2.9247 1.9654 31
vehicle.car 40.1494 1157.5687 0.1562 -0.0279 1.0557 -118.9541 4.6350 2.1608 1.6762 -29.0929 4.5690 1.5971 26
vehicle.car 45.5106 1156.8342 0.1859 -0.0603 0.7045 60.9212 4.7997 2.0992 1.7220 14.7652 31.9948 0.0205 22
vehicle.bus.rigid 45.9766 1209.7311 1.0650 0.2826 0.2544 -29.0708 12.0306 2.8726 3.5495 -14.4862 13.7465 1.1436 9
vehicle.car 26.3381 1112.9396 -0.0606 -1.0244 -1.3134 -177.5593 4.9145 2.1583 1.5012 -14.4863 13.7465 1.1436 18
vehicle.car 17.2007 1168.3721 0.0085 -0.6237 0.3854 -28.8355 4.8306 2.0307 1.4369 -7.3486 2.5574 0.9568 15
vehicle.car 26.9342 1218.8700 0.0778 0.5674 -0.2411 8.2552 4.9954 2.1385 1.4884 -5.4249 8.0443 0.7565 8
vehicle.car 10.0792 1177.0081 0.1736 -0.7100 0.1993 140.6908 4.7997 2.0992 1.7226 -17.7652 24.5894 1.2755 5
