vehicle.car 0.3338 1094.2095 -0.0437 2.1416 0.2876 -119.2723 4.3470 2.1044 1.6213 11.7753 23.5857 0.0796 28
vehicle.car 67.3748 1140.5347 0.0251 0.0040 0.1248 -29.0064 4.9954 2.1385 1.4855 4.4769 4.0821 0.2469 29
vehicle.truck 39.5021 1156.4045 1.0422 0.1291 0.9305 -118.9375 8.8288 3.1457 3.5018 1.6352 27.4054 0.1706 25
vehicle.car 22.3122 1125.5121 0.0818 1.5894 0.0902 -118.9734 4.9954 2.1385 1.4837 11.7753 23.5858 0.0796 21
vehicle.car 31.0760 1120.6567 -0.0800 0.8492 1.8009 2.4169 4.9047 2.1309 1.4801 11.7754 23.5858 0.0796 17
vehicle.car 127.3428 1213.7308 0.8273 0.4114 0.2275 -85.8512 6.1926 2.4695 2.8623 11.7753 23.5858 0.0796 11
vehicle.truck 15.2722 1121.2862 0.4060 -3.0034 0.7297 60.9002 6.5575 2.5166 2.5104 11.7753 23.5858 0.0796 27
vehicle.car 32.1030 1143.0950 0.8185 1.1199 0.3775 -119.0504 6.1926 2.4695 2.8623 11.7753 23.5858 0.0796 7
vehicle.car 66.5310 1144.9967 0.0793 0.4295 0.9151 151.0418 4.6350 2.1608 1.6713 11.7753 23.5858 0.0796 16
vehicle.bus.rigid 80.3660 1230.1031 1.0856 0.7929 0.1530 -117.5715 12.0306 2.8726 3.5489 0.0894 27.8879 0.3873 20
vehicle.car 63.0921 1198.9253 0.1673 0.3015 0.7146 -119.0198 4.7000 2.2032 1.7322 -10.4199 31.8699 0.4855 24
vehicle.car 118.7122 1194.5502 0.0974 1.3926 0.2671 -119.0035 4.6495 2.1154 1.5585 11.7753 23.5858 0.0796 12
vehicle.truck 84.9346 1227.9590 1.0198 0.2621 0.9932 60.9994 8.8288 3.1457 3.4955 11.7753 23.5858 0.0796 30
vehicle.car 27.0115 1133.9669 0.1428 1.5559 0.9838 -118.8749 4.6350 2.1608 1.6762 11.7753 23.5858 0.0796 26
vehicle.car 54.9713 1174.0052 0.1917 1.2349 0.4349 61.1692 4.7997 2.0992 1.7220 11.7753 23.5858 0.0796 22
vehicle.bus.rigid 45.9766 1209.7307 1.0650 0.2826 0.2544 -29.0708 12.0306 2.8726 3.5495 11.7753 23.5858 0.0796 9
vehicle.car 26.3381 1112.9392 -0.0606 -1.0243 -1.3134 -177.5593 4.9145 2.1583 1.5012 11.7754 23.5858 0.0796 18
vehicle.car 49.8049 1174.9984 0.0877 0.7339 0.2465 -118.9655 4.9145 2.1034 1.5006 -8.0634 31.0276 0.3946 14
vehicle.truck 123.7072 1203.5699 0.5847 1.5503 0.7343 -117.9518 6.5575 2.5166 2.5069 11.7754 23.5858 0.0796 6
vehicle.car 57.3000 1178.2143 0.0465 1.2228 0.3871 61.1456 4.8306 2.0307 1.4361 11.7753 23.5858 0.0795 2
vehicle.car 34.9889 1215.8491 0.0490 0.3274 -0.1852 -27.3212 4.9954 2.1385 1.4884 11.7753 23.5858 0.0796 8
vehicle.car 12.7291 1202.6777 0.1543 -0.4738 0.4555 60.8460 4.7997 2.0992 1.7226 29.7664 16.7744 -0.2179 5
