vehicle.car 57.9542 1149.7434 0.0089 0.5987 0.1161 151.1376 4.9145 2.1034 1.5079 -0.0095 0.0116 0.0011 4
vehicle.car 91.2349 1139.9072 0.0044 -0.5107 0.2083 36.5278 4.9954 2.1385 1.4855 14.2809 3.5530 -0.5071 29
vehicle.truck 37.8860 1153.4855 1.0343 0.1786 0.8987 -118.8788 8.8288 3.1457 3.5018 -0.0095 0.0116 0.0011 25
vehicle.car 22.3121 1125.5115 0.0818 1.5894 0.0902 -118.9734 4.9954 2.1385 1.4837 -0.0095 0.0116 0.0011 21
vehicle.car 31.0759 1120.6561 -0.0800 0.8492 1.8009 2.4169 4.9047 2.1309 1.4801 -0.0095 0.0116 0.0011 17
vehicle.car 127.3428 1213.7302 0.8273 0.4114 0.2275 -85.8512 6.1926 2.4695 2.8623 -0.0095 0.0116 0.0011 11
vehicle.truck 15.2721 1121.2857 0.4060 -3.0034 0.7297 60.9002 6.5575 2.5166 2.5104 -0.0095 0.0116 0.0012 27
vehicle.car 30.4839 1161.0571 0.1846 -0.6663 0.4404 -28.9566 4.7997 2.0992 1.7192 -0.0095 0.0116 0.0012 19
vehicle.car 32.1029 1143.0944 0.8185 1.1199 0.3775 -119.0504 6.1926 2.4695 2.8623 -0.0095 0.0116 0.0011 7
vehicle.car 66.5309 1144.9961 0.0793 0.4295 0.9151 151.0418 4.6350 2.1608 1.6713 -0.0095 0.0116 0.0011 16
vehicle.bus.rigid 77.3164 1224.5907 1.0944 0.9724 0.5471 -118.7035 12.0306 2.8726 3.5489 -0.0096 0.0115 -0.0001 20
vehicle.car 26.2829 1218.7655 0.0687 0.6116 -0.2641 12.0464 4.9145 2.1034 1.4979 -0.0095 0.0116 0.0012 32
vehicle.car 47.3939 1170.6494 0.2047 0.7170 0.9027 -118.9508 4.7000 2.2032 1.7322 -8.2052 -5.2751 0.3626 24
vehicle.car 118.7122 1194.5496 0.0974 1.3927 0.2671 -119.0035 4.6495 2.1154 1.5585 -0.0095 0.0116 0.0011 12
vehicle.truck 84.9345 1227.9584 1.0198 0.2621 0.9932 60.9993 8.8288 3.1457 3.4955 -0.0095 0.0116 0.0011 30
vehicle.car 27.0114 1133.9663 0.1428 1.5559 0.9838 -118.8749 4.6350 2.1608 1.6762 -0.0095 0.0116 0.0011 26
vehicle.car 54.9712 1174.0046 0.1917 1.2349 0.4349 61.1692 4.7997 2.0992 1.7220 -0.0095 0.0116 0.0011 22
vehicle.bus.rigid 45.9766 1209.7301 1.0650 0.2826 0.2544 -29.0708 12.0306 2.8726 3.5495 -0.0095 0.0116 0.0011 9
vehicle.car 26.3380 1112.9386 -0.0606 -1.0243 -1.3133 -177.5593 4.9145 2.1583 1.5012 -0.0095 0.0116 0.0012 18
vehicle.car 43.3937 1163.4379 0.0604 0.3332 0.1749 -119.0706 4.9145 2.1034 1.5006 -0.0095 0.0116 0.0011 14
vehicle.car 78.9247 1217.1255 0.1197 0.4488 0.3464 60.9309 4.3470 2.0651 1.5943 -0.0095 0.0116 0.0012 10
vehicle.truck 123.7071 1203.5693 0.5847 1.5503 0.7343 -117.9518 6.5575 2.5166 2.5069 -0.0095 0.0116 0.0011 6
vehicle.car 57.3000 1178.2137 0.0465 1.2228 0.3871 61.1456 4.8306 2.0307 1.4361 -0.0095 0.0116 0.0011 2
vehicle.car 34.9888 1215.8485 0.0490 0.3273 -0.1851 -27.3212 4.9954 2.1385 1.4884 -0.0095 0.0116 0.0012 8
vehicle.car 21.7363 1217.0635 0.1670 -0.1353 0.5257 48.2572 4.7997 2.0992 1.7226 -0.0095 0.0116 0.0012 5
