vehicle.car 57.9543 1149.7442 0.0089 0.5987 0.1161 151.1376 4.9145 2.1034 1.5079 -2.5799 2.3693 0.2726 4
vehicle.car 90.2619 1139.1243 0.0079 -0.4648 0.2831 32.5518 4.9954 2.1385 1.4855 12.5321 4.8740 -0.3173 29
vehicle.truck 37.8862 1153.4863 1.0343 0.1787 0.8987 -118.8788 8.8288 3.1457 3.5018 -2.5799 2.3693 0.2726 25
vehicle.car 22.3122 1125.5123 0.0818 1.5894 0.0902 -118.9734 4.9954 2.1385 1.4837 -2.5799 2.3692 0.2726 21
vehicle.car 31.0760 1120.6569 -0.0801 0.8492 1.8009 2.4169 4.9047 2.1309 1.4801 -2.5798 2.3693 0.2726 17
vehicle.car 127.3429 1213.7310 0.8273 0.4114 0.2275 -85.8512 6.1926 2.4695 2.8623 -2.5799 2.3692 0.2726 11
vehicle.truck 15.2722 1121.2865 0.4060 -3.0034 0.7297 60.9001 6.5575 2.5166 2.5104 -2.5799 2.3692 0.2726 27
vehicle.car 30.4841 1161.0580 0.1846 -0.6663 0.4403 -28.9566 4.7997 2.0992 1.7192 -2.5799 2.3692 0.2726 19
vehicle.car 32.1030 1143.0952 0.8185 1.1199 0.3775 -119.0504 6.1926 2.4695 2.8623 -2.5799 2.3693 0.2726 7
vehicle.car 66.5310 1144.9969 0.0793 0.4295 0.9151 151.0418 4.6350 2.1608 1.6713 -2.5799 2.3693 0.2726 16
vehicle.bus.rigid 77.3165 1224.5915 1.0944 0.9725 0.5477 -118.7035 12.0306 2.8726 3.5489 -2.5795 2.3696 0.2755 20
vehicle.car 26.2830 1218.7663 0.0687 0.6116 -0.2641 12.0465 4.9145 2.1034 1.4979 -2.5799 2.3692 0.2726 32
vehicle.car 47.8935 1171.5503 0.2059 0.7224 0.6878 -118.9603 4.7000 2.2032 1.7322 -15.2306 -5.7629 0.8170 24
vehicle.car 118.7123 1194.5504 0.0974 1.3926 0.2671 -119.0035 4.6495 2.1154 1.5585 -2.5799 2.3693 0.2726 12
vehicle.truck 84.9346 1227.9592 1.0198 0.2621 0.9932 60.9994 8.8288 3.1457 3.4955 -2.5799 2.3693 0.2726 30
vehicle.car 27.0115 1133.9671 0.1428 1.5559 0.9838 -118.8749 4.6350 2.1608 1.6762 -2.5799 2.3692 0.2726 26
vehicle.car 54.9714 1174.0055 0.1917 1.2349 0.4349 61.1692 4.7997 2.0992 1.7220 -2.5799 2.3693 0.2726 22
vehicle.bus.rigid 45.9767 1209.7309 1.0650 0.2826 0.2544 -29.0708 12.0306 2.8726 3.5495 -2.5799 2.3693 0.2726 9
vehicle.car 26.3381 1112.9394 -0.0607 -1.0243 -1.3134 -177.5593 4.9145 2.1583 1.5012 -2.5799 2.3693 0.2726 18
vehicle.car 43.3938 1163.4387 0.0604 0.3332 0.1749 -119.0706 4.9145 2.1034 1.5006 -2.5799 2.3692 0.2726 14
vehicle.car 78.9248 1217.1263 0.1196 0.4488 0.3464 60.9308 4.3470 2.0651 1.5943 -2.5799 2.3692 0.2726 10
vehicle.truck 123.7072 1203.5702 0.5847 1.5503 0.7343 -117.9518 6.5575 2.5166 2.5069 -2.5799 2.3693 0.2726 6
vehicle.car 57.3001 1178.2146 0.0465 1.2228 0.3871 61.1456 4.8306 2.0307 1.4361 -2.5799 2.3692 0.2726 2
vehicle.car 34.9889 1215.8493 0.0490 0.3274 -0.1852 -27.3212 4.9954 2.1385 1.4884 -2.5799 2.3693 0.2726 8
vehicle.car 21.7364 1217.0643 0.1670 -0.1353 0.5256 48.2572 4.7997 2.0992 1.7226 -2.5798 2.3693 0.2724 5
