vehicle.car 57.9543 1149.7440 0.0089 0.5987 0.1161 151.1375 4.9145 2.1034 1.5079 -0.2840 10.2382 -0.0174 4
vehicle.car 97.5056 1185.2064 0.0791 1.3899 0.0200 149.6607 4.9954 2.1385 1.4855 -16.5210 -0.0500 0.0091 29
vehicle.truck 37.8861 1153.4861 1.0343 0.1786 0.8987 -118.8788 8.8288 3.1457 3.5018 -0.2840 10.2382 -0.0174 25
vehicle.car 22.3121 1125.5121 0.0818 1.5894 0.0902 -118.9735 4.9954 2.1385 1.4837 -0.2840 10.2382 -0.0174 21
vehicle.car 31.0759 1120.6567 -0.0801 0.8492 1.8009 2.4169 4.9047 2.1309 1.4801 -0.2840 10.2382 -0.0174 17
vehicle.car 127.3429 1213.7308 0.8273 0.4114 0.2275 -85.8512 6.1926 2.4695 2.8623 -0.2840 10.2382 -0.0174 11
vehicle.car 30.4840 1161.0577 0.1846 -0.6663 0.4404 -28.9567 4.7997 2.0992 1.7192 -0.2840 10.2382 -0.0173 19
vehicle.car 32.1030 1143.0950 0.8185 1.1199 0.3775 -119.0504 6.1926 2.4695 2.8623 -0.2840 10.2382 -0.0174 7
vehicle.car 14.9613 1169.6247 0.1202 -0.7338 1.0400 -29.7350 4.6350 2.1608 1.6715 -0.2840 10.2382 -0.0174 13
vehicle.car 66.5309 1144.9967 0.0793 0.4295 0.9151 151.0417 4.6350 2.1608 1.6713 -0.2840 10.2382 -0.0174 16
vehicle.bus.rigid 77.3165 1224.5913 1.0944 0.9725 0.5475 -118.7035 12.0306 2.8726 3.5489 -0.2840 10.2382 -0.0174 20
vehicle.car 118.7123 1194.5501 0.0974 1.3926 0.2671 -119.0035 4.6495 2.1154 1.5585 -0.2840 10.2382 -0.0174 12
vehicle.truck 84.9346 1227.9590 1.0198 0.2621 0.9932 60.9993 8.8288 3.1457 3.4955 -0.2840 10.2382 -0.0174 30
vehicle.car 27.0115 1133.9669 0.1428 1.5559 0.9838 -118.8750 4.6350 2.1608 1.6762 -0.2840 10.2382 -0.0174 26
vehicle.car 54.9713 1174.0052 0.1917 1.2349 0.4349 61.1692 4.7997 2.0992 1.7220 -0.2840 10.2382 -0.0174 22
vehicle.bus.rigid 45.9766 1209.7307 1.0650 0.2826 0.2544 -29.0709 12.0306 2.8726 3.5495 -0.2840 10.2382 -0.0174 9
vehicle.car 26.3380 1112.9392 -0.0607 -1.0244 -1.3134 -177.5594 4.9145 2.1583 1.5012 -0.2840 10.2382 -0.0174 18
vehicle.car 43.3938 1163.4385 0.0604 0.3332 0.1749 -119.0706 4.9145 2.1034 1.5006 -0.2840 10.2382 -0.0174 14
vehicle.car 78.9248 1217.1261 0.1196 0.4488 0.3464 60.9308 4.3470 2.0651 1.5943 -0.2839 10.2382 -0.0174 10
vehicle.truck 123.7072 1203.5699 0.5847 1.5503 0.7343 -117.9518 6.5575 2.5166 2.5069 -0.2840 10.2382 -0.0174 6
vehicle.car 57.3001 1178.2144 0.0465 1.2228 0.3870 61.1456 4.8306 2.0307 1.4361 -0.2840 10.2382 -0.0174 2
vehicle.car 21.7363 1217.0641 0.1670 -0.1353 0.5257 48.2571 4.7997 2.0992 1.7226 -0.2840 10.2382 -0.0174 5
