vehicle.car 0.3339 1094.2089 -0.0437 2.1416 0.2876 -119.2723 4.3470 2.1044 1.6213 22.3198 8.4311 -0.1539 28
vehicle.car 57.9543 1149.7435 0.0089 0.5987 0.1161 151.1377 4.9145 2.1034 1.5079 22.3198 8.4311 -0.1539 4
vehicle.car 43.9462 1149.1574 0.0774 -0.6908 0.1900 32.9677 4.9954 2.1385 1.4855 27.9884 -10.3104 -0.3232 29
vehicle.truck 55.5363 1185.3196 1.0297 0.3314 0.2594 -118.9812 8.8288 3.1457 3.5018 2.5607 24.1261 0.3827 25
vehicle.car 22.3122 1125.5115 0.0818 1.5894 0.0902 -118.9734 4.9954 2.1385 1.4837 22.3198 8.4311 -0.1540 21
vehicle.car 31.0760 1120.6562 -0.0800 0.8492 1.8009 2.4169 4.9047 2.1309 1.4801 22.3198 8.4311 -0.1539 17
vehicle.car 127.3428 1213.7303 0.8273 0.4114 0.2275 -85.8512 6.1926 2.4695 2.8623 22.3198 8.4311 -0.1539 11
vehicle.truck 15.2722 1121.2857 0.4060 -3.0034 0.7297 60.9002 6.5575 2.5166 2.5104 22.3198 8.4311 -0.1539 27
vehicle.car 30.4840 1161.0572 0.1846 -0.6664 0.4404 -28.9566 4.7997 2.0992 1.7192 22.3198 8.4311 -0.1540 19
vehicle.car 41.4445 1159.9173 0.8072 0.1920 0.0519 -118.9767 6.1926 2.4695 2.8623 9.8329 18.3590 0.1440 7
vehicle.car 66.5309 1144.9962 0.0793 0.4295 0.9151 151.0418 4.6350 2.1608 1.6713 22.3198 8.4311 -0.1539 16
vehicle.car 17.6855 1211.3797 0.0212 1.1264 -0.5784 59.4210 4.9145 2.1034 1.4979 35.2955 -2.7599 -0.4267 32
vehicle.car 82.5018 1234.0776 0.1482 0.3591 -0.1018 -116.0280 4.7000 2.2032 1.7322 2.2932 23.1312 1.0645 24
vehicle.car 118.7122 1194.5496 0.0974 1.3926 0.2671 -119.0034 4.6495 2.1154 1.5585 22.3198 8.4311 -0.1539 12
vehicle.truck 84.9345 1227.9584 1.0198 0.2621 0.9932 60.9993 8.8288 3.1457 3.4955 22.3198 8.4311 -0.1540 30
vehicle.car 27.0056 1133.9555 0.1351 1.5779 1.8294 -118.8416 4.6350 2.1608 1.6762 22.3888 8.3792 -0.1650 26
vehicle.car 54.9713 1174.0047 0.1917 1.2349 0.4349 61.1693 4.7997 2.0992 1.7220 22.3198 8.4311 -0.1539 22
vehicle.bus.rigid 45.9766 1209.7302 1.0650 0.2826 0.2544 -29.0708 12.0306 2.8726 3.5495 22.3198 8.4311 -0.1540 9
vehicle.car 26.3381 1112.9387 -0.0606 -1.0243 -1.3134 -177.5593 4.9145 2.1583 1.5012 22.3198 8.4311 -0.1540 18
vehicle.car 68.9597 1209.4844 0.0398 0.5207 0.3411 -119.0332 4.9145 2.1034 1.5006 5.1897 22.1133 -0.0073 14
vehicle.car 78.9248 1217.1256 0.1196 0.4489 0.3464 60.9309 4.3470 2.0651 1.5943 22.3198 8.4311 -0.1540 10
vehicle.truck 123.7071 1203.5694 0.5847 1.5503 0.7343 -117.9518 6.5575 2.5166 2.5069 22.3198 8.4311 -0.1539 6
vehicle.car 57.3000 1178.2138 0.0465 1.2228 0.3871 61.1456 4.8306 2.0307 1.4361 22.3198 8.4311 -0.1539 2
vehicle.car 34.9888 1215.8486 0.0490 0.3273 -0.1852 -27.3212 4.9954 2.1385 1.4884 22.3198 8.4311 -0.1540 8
vehicle.car 6.4771 1182.3255 0.1846 -0.5468 0.7832 114.7968 4.7997 2.0992 1.7226 27.8119 9.1373 -0.2946 5
