vehicle.car 57.9543 1149.7435 0.0089 0.5987 0.1161 151.1376 4.9145 2.1034 1.5079 -9.1848 8.4759 0.5909 4
vehicle.car 85.9325 1136.7073 0.0219 -0.1029 0.3064 16.6313 4.9954 2.1385 1.4855 7.4902 6.5865 0.0117 29
vehicle.truck 37.8861 1153.4856 1.0343 0.1787 0.8987 -118.8787 8.8288 3.1457 3.5018 -9.1847 8.4759 0.5909 25
vehicle.car 22.3122 1125.5116 0.0818 1.5894 0.0902 -118.9735 4.9954 2.1385 1.4837 -9.1847 8.4758 0.5909 21
vehicle.car 31.0760 1120.6562 -0.0801 0.8492 1.8009 2.4169 4.9047 2.1309 1.4801 -9.1847 8.4759 0.5909 17
vehicle.car 127.3429 1213.7303 0.8273 0.4114 0.2275 -85.8512 6.1926 2.4695 2.8623 -9.1848 8.4759 0.5909 11
vehicle.truck 15.2722 1121.2858 0.4060 -3.0034 0.7297 60.9002 6.5575 2.5166 2.5104 -9.1848 8.4759 0.5909 27
vehicle.car 30.4840 1161.0572 0.1846 -0.6663 0.4404 -28.9566 4.7997 2.0992 1.7192 -9.1847 8.4759 0.5909 19
vehicle.car 32.1030 1143.0945 0.8185 1.1199 0.3775 -119.0504 6.1926 2.4695 2.8623 -9.1848 8.4759 0.5909 7
vehicle.truck 83.7498 1236.6551 0.5209 0.4629 1.3964 -114.5006 6.5575 2.5166 2.5270 -9.3931 8.3305 0.5142 23
vehicle.car 66.5310 1144.9962 0.0793 0.4295 0.9151 151.0418 4.6350 2.1608 1.6713 -9.1848 8.4759 0.5909 16
vehicle.bus.rigid 77.3167 1224.5912 1.0953 0.9723 0.5308 -118.7038 12.0306 2.8726 3.5489 -9.1911 8.4723 0.5777 20
vehicle.car 118.7123 1194.5497 0.0974 1.3927 0.2671 -119.0035 4.6495 2.1154 1.5585 -9.1848 8.4759 0.5909 12
vehicle.truck 84.9346 1227.9585 1.0198 0.2621 0.9932 60.9993 8.8288 3.1457 3.4955 -9.1847 8.4759 0.5909 30
vehicle.car 27.0115 1133.9664 0.1428 1.5559 0.9838 -118.8749 4.6350 2.1608 1.6762 -9.1848 8.4759 0.5909 26
vehicle.car 54.9713 1174.0047 0.1917 1.2349 0.4349 61.1692 4.7997 2.0992 1.7220 -9.1848 8.4759 0.5909 22
vehicle.bus.rigid 45.9767 1209.7302 1.0650 0.2826 0.2544 -29.0708 12.0306 2.8726 3.5495 -9.1847 8.4759 0.5909 9
vehicle.car 26.3381 1112.9387 -0.0607 -1.0243 -1.3134 -177.5593 4.9145 2.1583 1.5012 -9.1847 8.4759 0.5909 18
vehicle.car 43.3938 1163.4380 0.0604 0.3332 0.1751 -119.0706 4.9145 2.1034 1.5006 -9.1849 8.4758 0.5900 14
vehicle.car 78.9248 1217.1256 0.1196 0.4488 0.3464 60.9308 4.3470 2.0651 1.5943 -9.1847 8.4759 0.5909 10
vehicle.truck 123.7072 1203.5694 0.5847 1.5504 0.7343 -117.9518 6.5575 2.5166 2.5069 -9.1848 8.4759 0.5909 6
vehicle.car 57.3001 1178.2139 0.0465 1.2228 0.3871 61.1456 4.8306 2.0307 1.4361 -9.1848 8.4759 0.5909 2
vehicle.car 22.8708 1165.2615 0.0177 -0.5880 0.3521 -28.8020 4.8306 2.0307 1.4369 -9.1847 8.4759 0.5908 15
vehicle.car 21.7224 1217.0494 0.1680 -0.0257 0.8714 48.3545 4.7997 2.0992 1.7226 -7.5854 8.8066 0.5654 5
