vehicle.car 0.3338 1094.2090 -0.0437 2.1416 0.2876 -119.2723 4.3470 2.1044 1.6213 -14.4791 13.6904 1.1100 28
vehicle.car -19.3777 1054.8084 0.0701 0.4636 0.2478 -131.9038 4.6495 2.1154 1.5596 -38.6324 5.8957 1.9039 3
vehicle.car 57.9543 1149.7435 0.0089 0.5987 0.1162 151.1376 4.9145 2.1034 1.5079 -14.4791 13.6904 1.1100 4
vehicle.car 3.2248 1080.6510 0.0868 1.8468 0.0426 61.0013 4.9954 2.1385 1.4855 17.3163 33.6473 0.1214 29
vehicle.car 32.8728 1144.4530 0.1013 1.0038 0.2677 -119.1113 4.9954 2.1385 1.4837 -34.1299 1.4933 1.6617 21
vehicle.car 31.0760 1120.6563 -0.0800 0.8492 1.8009 2.4169 4.9047 2.1309 1.4801 -14.4791 13.6904 1.1100 17
vehicle.truck 15.2722 1121.2858 0.4060 -3.0034 0.7297 60.9002 6.5575 2.5166 2.5104 -14.4791 13.6904 1.1100 27
vehicle.car 30.4840 1161.0573 0.1846 -0.6663 0.4404 -28.9566 4.7997 2.0992 1.7192 -14.4791 13.6903 1.1100 19
vehicle.bus.rigid 4.8187 1094.0527 1.0951 1.8013 0.3763 -118.9320 12.0306 2.8726 3.5515 -41.0358 -2.9622 1.9745 31
vehicle.car 46.7188 1169.4437 0.1542 0.7304 1.0279 -119.0000 4.6350 2.1608 1.6762 -37.0113 -0.4239 1.8368 26
vehicle.car 34.3045 1136.7722 0.1756 1.0043 0.7338 60.7873 4.7997 2.0992 1.7220 16.3956 32.8409 0.1140 22
vehicle.car 26.3381 1112.9387 -0.0606 -1.0243 -1.3134 -177.5593 4.9145 2.1583 1.5012 -14.4791 13.6904 1.1100 18
vehicle.car 9.2516 1173.0966 0.0221 -0.6853 0.5314 -40.5335 4.8306 2.0307 1.4369 -8.0454 0.2568 0.8842 15
