vehicle.car 0.3339 1094.2093 -0.0437 2.1416 0.2876 -119.2722 4.3470 2.1044 1.6213 -4.0873 13.2086 0.1138 28
vehicle.car 57.9543 1149.7439 0.0089 0.5987 0.1161 151.1376 4.9145 2.1034 1.5079 -4.0873 13.2086 0.1138 4
vehicle.car 33.9755 1136.1916 0.0722 1.0248 0.4395 60.8623 4.9954 2.1385 1.4855 31.0434 23.1697 -0.2747 29
vehicle.truck 62.7082 1198.2468 1.0228 0.4048 0.8311 -119.0328 8.8288 3.1457 3.5018 -27.8459 6.3952 0.4362 25
vehicle.car 22.3122 1125.5120 0.0818 1.5894 0.0902 -118.9734 4.9954 2.1385 1.4837 -4.0873 13.2086 0.1138 21
vehicle.car 31.0760 1120.6566 -0.0800 0.8492 1.8009 2.4169 4.9047 2.1309 1.4801 -4.0873 13.2086 0.1138 17
vehicle.truck 15.2722 1121.2861 0.4060 -3.0034 0.7297 60.9002 6.5575 2.5166 2.5104 -4.0873 13.2086 0.1138 27
vehicle.car 30.4840 1161.0576 0.1846 -0.6664 0.4404 -28.9566 4.7997 2.0992 1.7192 -4.0873 13.2086 0.1139 19
vehicle.car 48.3610 1172.4137 0.8197 0.7171 0.2587 -118.9566 6.1926 2.4695 2.8623 -30.6402 5.5437 0.4629 7
vehicle.car 4.4188 1178.3959 0.1482 -0.6861 0.9667 -65.4722 4.6350 2.1608 1.6715 -7.4173 -0.1301 0.4369 13
vehicle.car 66.5310 1144.9966 0.0793 0.4295 0.9151 151.0418 4.6350 2.1608 1.6713 -4.0873 13.2086 0.1138 16
vehicle.car 12.2831 1201.8672 0.0450 -0.4904 0.1690 61.0417 4.9145 2.1034 1.4979 14.7415 18.6369 -0.1395 32
vehicle.car 118.7123 1194.5501 0.0974 1.3927 0.2671 -119.0035 4.6495 2.1154 1.5585 -4.0873 13.2086 0.1138 12
vehicle.truck 84.9346 1227.9589 1.0198 0.2621 0.9932 60.9993 8.8288 3.1457 3.4955 -4.0873 13.2086 0.1138 30
vehicle.car 30.1464 1139.5926 0.1459 1.3947 1.2269 -119.1389 4.6350 2.1608 1.6762 -20.3952 8.5537 0.3039 26
vehicle.car 54.8477 1173.7825 0.1916 1.2324 0.5193 61.1834 4.7997 2.0992 1.7220 1.9383 14.9448 0.0353 22
vehicle.bus.rigid 45.9766 1209.7306 1.0650 0.2826 0.2544 -29.0708 12.0306 2.8726 3.5495 -4.0873 13.2086 0.1138 9
vehicle.car 26.3381 1112.9391 -0.0606 -1.0243 -1.3134 -177.5592 4.9145 2.1583 1.5012 -4.0873 13.2086 0.1138 18
vehicle.car 78.9248 1217.1260 0.1196 0.4489 0.3464 60.9309 4.3470 2.0651 1.5943 -4.0873 13.2086 0.1138 10
vehicle.truck 123.7072 1203.5698 0.5847 1.5503 0.7343 -117.9518 6.5575 2.5166 2.5069 -4.0873 13.2086 0.1138 6
vehicle.car 22.8708 1165.2618 0.0177 -0.5880 0.3520 -28.8020 4.8306 2.0307 1.4369 -4.0873 13.2086 0.1138 15
vehicle.car 34.9889 1215.8490 0.0490 0.3273 -0.1859 -27.3212 4.9954 2.1385 1.4884 -4.0873 13.2086 0.1138 8
vehicle.car 7.2161 1180.5904 0.1876 -0.6281 0.5240 123.8989 4.7997 2.0992 1.7226 -3.7139 14.3261 0.0891 5
