vehicle.car 0.3338 1094.2096 -0.0437 2.1416 0.2876 -119.2723 4.3470 2.1044 1.6213 -14.4803 13.7499 1.1941 28
vehicle.car -22.8878 1051.4036 0.0659 0.1753 0.2591 -137.5512 4.6495 2.1154 1.5596 -38.8747 8.8958 1.9885 3
vehicle.car 57.9543 1149.7441 0.0089 0.5987 0.1161 151.1376 4.9145 2.1034 1.5079 -14.4803 13.7499 1.1941 4
vehicle.car 6.7596 1087.0459 0.0894 1.8765 0.0236 61.2302 4.9954 2.1385 1.4855 17.3216 33.8014 0.0930 29
vehicle.car 30.6895 1140.5689 0.0870 1.3185 0.2397 -119.1491 4.9954 2.1385 1.4837 -33.7007 1.8196 1.8388 21
vehicle.car 31.0760 1120.6568 -0.0800 0.8492 1.8009 2.4169 4.9047 2.1309 1.4801 -14.4803 13.7499 1.1941 17
vehicle.truck 15.2722 1121.2864 0.4060 -3.0034 0.7297 60.9001 6.5575 2.5166 2.5104 -14.4803 13.7499 1.1941 27
vehicle.car 30.4840 1161.0578 0.1846 -0.6664 0.4404 -28.9566 4.7997 2.0992 1.7192 -14.4803 13.7500 1.1941 19
vehicle.car 66.5310 1144.9968 0.0793 0.4295 0.9151 151.0417 4.6350 2.1608 1.6713 -14.4803 13.7499 1.1941 16
vehicle.bus.rigid 1.8579 1088.7267 1.0956 1.7947 0.3766 -118.9422 12.0306 2.8726 3.5515 -41.0333 -2.8615 2.1206 31
vehicle.car 44.2198 1164.9367 0.1360 0.4665 1.5325 -118.9541 4.6350 2.1608 1.6762 -36.8291 -0.2525 1.7698 26
vehicle.car 37.7563 1142.9301 0.1750 0.2441 0.5681 60.6708 4.7997 2.0992 1.7220 16.3124 32.9025 0.1436 22
vehicle.car 26.3381 1112.9393 -0.0606 -1.0243 -1.3134 -177.5593 4.9145 2.1583 1.5012 -14.4803 13.7499 1.1941 18
