vehicle.car 0.3338 1094.2094 -0.0437 2.1416 0.2876 -119.2723 4.3470 2.1044 1.6213 -14.4867 13.7526 1.0948 28
vehicle.car 57.9543 1149.7439 0.0089 0.5987 0.1161 151.1376 4.9145 2.1034 1.5079 -14.4867 13.7526 1.0948 4
vehicle.car 13.8510 1099.8902 0.0990 1.4150 0.1037 61.1073 4.9954 2.1385 1.4855 17.5818 33.8679 0.0633 29
vehicle.car 26.6776 1133.3659 0.0815 1.5378 0.1173 -118.9929 4.9954 2.1385 1.4837 -30.9783 3.4320 1.6334 21
vehicle.car 31.0760 1120.6566 -0.0800 0.8492 1.8009 2.4169 4.9047 2.1309 1.4801 -14.4868 13.7526 1.0948 17
vehicle.truck 15.2722 1121.2862 0.4060 -3.0034 0.7297 60.9001 6.5575 2.5166 2.5104 -14.4867 13.7526 1.0948 27
vehicle.car 30.4840 1161.0577 0.1846 -0.6663 0.4404 -28.9566 4.7997 2.0992 1.7192 -14.4867 13.7527 1.0949 19
vehicle.car 62.2470 1197.4112 0.7810 0.3864 -0.0884 -119.0560 6.1926 2.4695 2.8623 -35.5782 0.6825 1.8059 7
vehicle.car 3.9456 1193.2452 0.1085 -1.1321 0.9514 -114.0560 4.6350 2.1608 1.6715 -25.6703 4.6181 1.4532 13
vehicle.car 66.5310 1144.9966 0.0793 0.4295 0.9151 151.0417 4.6350 2.1608 1.6713 -14.4868 13.7526 1.0948 16
vehicle.bus.rigid -4.0413 1078.0704 1.0995 1.5363 0.2938 -118.8299 12.0306 2.8726 3.5515 -40.9744 -2.9250 1.9090 31
vehicle.car 6.6893 1190.8897 0.0478 -0.9329 0.4038 74.4401 4.9145 2.1034 1.4979 -14.1224 14.0424 1.0836 32
vehicle.car 40.6031 1158.3878 0.1530 -0.0473 0.9553 -118.9474 4.6350 2.1608 1.6762 -28.3594 5.0202 1.6470 26
vehicle.car 44.5739 1155.1435 0.1817 -0.0002 0.0857 60.9321 4.7997 2.0992 1.7220 15.0789 32.2952 0.1394 22
vehicle.bus.rigid 45.9767 1209.7306 1.0650 0.2826 0.2544 -29.0708 12.0306 2.8726 3.5495 -14.4867 13.7526 1.0949 9
vehicle.car 26.3381 1112.9391 -0.0606 -1.0243 -1.3134 -177.5593 4.9145 2.1583 1.5012 -14.4868 13.7526 1.0949 18
vehicle.car 16.5451 1168.7294 0.0086 -0.6362 0.4330 -28.9575 4.8306 2.0307 1.4369 -7.1562 2.2443 0.9111 15
vehicle.car 10.5494 1176.5826 0.1704 -0.7126 0.2411 142.5675 4.7997 2.0992 1.7226 -18.2174 24.6589 1.2452 5
