vehicle.car -55.5054 1230.1569 0.1132 0.3788 0.2332 31.3350 4.6495 2.1154 1.5596 3.4466 47.7146 -0.5565 3
vehicle.car 57.9542 1149.7436 0.0089 0.5987 0.1161 151.1376 4.9145 2.1034 1.5079 2.0978 20.0987 0.0170 4
vehicle.truck 37.8860 1153.4857 1.0343 0.1786 0.8987 -118.8788 8.8288 3.1457 3.5018 2.0978 20.0987 0.0170 25
vehicle.car 127.3429 1213.7304 0.8273 0.4114 0.2275 -85.8512 6.1926 2.4695 2.8623 2.0978 20.0987 0.0170 11
vehicle.truck 15.2721 1121.2858 0.4060 -3.0034 0.7297 60.9001 6.5575 2.5166 2.5104 2.0978 20.0987 0.0170 27
vehicle.car 30.4839 1161.0573 0.1846 -0.6664 0.4403 -28.9566 4.7997 2.0992 1.7192 2.0977 20.0987 0.0170 19
vehicle.car 32.1029 1143.0946 0.8185 1.1199 0.3775 -119.0504 6.1926 2.4695 2.8623 2.0978 20.0987 0.0170 7
vehicle.car 14.9613 1169.6243 0.1202 -0.7338 1.0400 -29.7351 4.6350 2.1608 1.6715 2.0978 20.0987 0.0170 13
vehicle.truck 83.7565 1236.6684 0.5159 0.4504 0.6358 -114.5058 6.5575 2.5166 2.5270 2.0978 20.0987 0.0170 23
vehicle.bus.rigid 8.9608 1286.9025 1.1533 -0.2707 0.3409 71.8857 12.0306 2.8726 3.5515 -14.5010 39.0429 -0.5604 31
vehicle.bus.rigid 77.3164 1224.5909 1.0944 0.9725 0.5474 -118.7035 12.0306 2.8726 3.5489 2.0978 20.0987 0.0170 20
vehicle.car 26.2830 1218.7658 0.0687 0.6116 -0.2641 12.0464 4.9145 2.1034 1.4979 2.0978 20.0987 0.0170 32
vehicle.car 47.0798 1170.0857 0.2044 0.7211 0.5264 -118.9407 4.7000 2.2032 1.7322 2.0978 20.0987 0.0170 24
vehicle.car 118.7123 1194.5497 0.0974 1.3926 0.2671 -119.0035 4.6495 2.1154 1.5585 2.0978 20.0987 0.0170 12
vehicle.truck 84.9346 1227.9586 1.0198 0.2621 0.9932 60.9993 8.8288 3.1457 3.4955 2.0978 20.0987 0.0170 30
vehicle.car 27.0114 1133.9665 0.1428 1.5559 0.9838 -118.8750 4.6350 2.1608 1.6762 2.0978 20.0987 0.0170 26
vehicle.car 54.9713 1174.0048 0.1917 1.2349 0.4349 61.1691 4.7997 2.0992 1.7220 2.0978 20.0987 0.0170 22
vehicle.bus.rigid 45.9766 1209.7303 1.0650 0.2826 0.2544 -29.0709 12.0306 2.8726 3.5495 2.0978 20.0987 0.0171 9
vehicle.car 43.3937 1163.4381 0.0604 0.3332 0.1749 -119.0706 4.9145 2.1034 1.5006 2.0978 20.0987 0.0170 14
vehicle.car 78.9248 1217.1257 0.1196 0.4489 0.3464 60.9308 4.3470 2.0651 1.5943 2.0978 20.0987 0.0170 10
vehicle.truck 123.7072 1203.5695 0.5847 1.5503 0.7343 -117.9519 6.5575 2.5166 2.5069 2.0978 20.0987 0.0170 6
vehicle.car 57.3000 1178.2140 0.0465 1.2228 0.3871 61.1455 4.8306 2.0307 1.4361 2.0978 20.0987 0.0170 2
vehicle.car 22.8707 1165.2616 0.0177 -0.5880 0.3521 -28.8021 4.8306 2.0307 1.4369 2.0978 20.0987 0.0170 15
vehicle.car 34.9888 1215.8488 0.0490 0.3274 -0.1852 -27.3213 4.9954 2.1385 1.4884 2.0978 20.0987 0.0170 8
vehicle.car 21.7363 1217.0637 0.1670 -0.1353 0.5257 48.2571 4.7997 2.0992 1.7226 2.0978 20.0987 0.0170 5
