vehicle.car 57.9543 1149.7435 0.0089 0.5987 0.1161 151.1376 4.9145 2.1034 1.5079 -8.0557 8.6668 0.5418 4
vehicle.car 82.0323 1135.7319 0.0323 -0.2347 0.1979 0.5115 4.9954 2.1385 1.4855 5.6721 1.8616 0.2531 29
vehicle.truck 37.8861 1153.4856 1.0343 0.1787 0.8992 -118.8787 8.8288 3.1457 3.5018 -8.0555 8.6669 0.5433 25
vehicle.car 22.3122 1125.5116 0.0818 1.5894 0.0902 -118.9734 4.9954 2.1385 1.4837 -8.0557 8.6668 0.5418 21
vehicle.car 31.0760 1120.6562 -0.0800 0.8492 1.8009 2.4169 4.9047 2.1309 1.4801 -8.0557 8.6668 0.5418 17
vehicle.car 127.3429 1213.7303 0.8273 0.4114 0.2275 -85.8512 6.1926 2.4695 2.8623 -8.0557 8.6668 0.5418 11
vehicle.truck 15.2722 1121.2857 0.4060 -3.0034 0.7297 60.9002 6.5575 2.5166 2.5104 -8.0557 8.6668 0.5418 27
vehicle.car 30.4840 1161.0572 0.1846 -0.6663 0.4404 -28.9566 4.7997 2.0992 1.7192 -8.0557 8.6668 0.5418 19
vehicle.car 32.1030 1143.0945 0.8185 1.1199 0.3775 -119.0503 6.1926 2.4695 2.8623 -8.0557 8.6668 0.5418 7
vehicle.car 66.5310 1144.9962 0.0793 0.4295 0.9151 151.0418 4.6350 2.1608 1.6713 -8.0557 8.6668 0.5418 16
vehicle.bus.rigid 77.4493 1224.8319 1.0948 0.9905 0.5412 -118.6894 12.0306 2.8726 3.5489 -10.9827 7.1051 0.6058 20
vehicle.car 26.2830 1218.7656 0.0687 0.6116 -0.2641 12.0465 4.9145 2.1034 1.4979 -8.0557 8.6668 0.5419 32
vehicle.car 53.1786 1181.0865 0.2121 0.8092 0.5090 -118.9845 4.7000 2.2032 1.7322 -27.7084 -1.8312 1.0946 24
vehicle.car 118.7123 1194.5497 0.0974 1.3927 0.2671 -119.0035 4.6495 2.1154 1.5585 -8.0557 8.6668 0.5418 12
vehicle.truck 84.9346 1227.9585 1.0198 0.2621 0.9932 60.9993 8.8288 3.1457 3.4955 -8.0557 8.6668 0.5418 30
vehicle.car 27.0115 1133.9664 0.1428 1.5559 0.9838 -118.8749 4.6350 2.1608 1.6762 -8.0557 8.6668 0.5418 26
vehicle.car 54.9713 1174.0047 0.1917 1.2349 0.4349 61.1692 4.7997 2.0992 1.7220 -8.0557 8.6668 0.5418 22
vehicle.bus.rigid 45.9766 1209.7302 1.0650 0.2826 0.2544 -29.0708 12.0306 2.8726 3.5495 -8.0557 8.6668 0.5418 9
vehicle.car 26.3381 1112.9387 -0.0606 -1.0244 -1.3134 -177.5593 4.9145 2.1583 1.5012 -8.0558 8.6667 0.5417 18
vehicle.car 43.4190 1163.4852 0.0615 0.3151 0.4583 -119.0178 4.9145 2.1034 1.5006 -11.1381 6.9929 0.6045 14
vehicle.truck 123.7072 1203.5694 0.5847 1.5503 0.7343 -117.9518 6.5575 2.5166 2.5069 -8.0557 8.6668 0.5418 6
vehicle.car 57.3001 1178.2139 0.0465 1.2228 0.3871 61.1456 4.8306 2.0307 1.4361 -8.0557 8.6668 0.5418 2
vehicle.car 34.9889 1215.8486 0.0490 0.3273 -0.1851 -27.3212 4.9954 2.1385 1.4884 -8.0557 8.6668 0.5418 8
