vehicle.car 0.3338 1094.2098 -0.0437 2.1416 0.2876 -119.2723 4.3470 2.1044 1.6213 43.6051 -0.2081 -0.1840 28
vehicle.car 57.9543 1149.7444 0.0089 0.5987 0.1161 151.1376 4.9145 2.1034 1.5079 43.6051 -0.2081 -0.1840 4
vehicle.car 51.9366 1149.1889 0.0511 -0.4105 0.1715 -18.0837 4.9954 2.1385 1.4855 32.3730 -7.6059 -0.0969 29
vehicle.truck 49.3165 1174.1447 1.0534 0.7433 0.7933 -118.9524 8.8288 3.1457 3.5018 31.7057 19.7624 0.1161 25
vehicle.car 22.3122 1125.5125 0.0818 1.5894 0.0902 -118.9734 4.9954 2.1385 1.4837 43.6051 -0.2081 -0.1840 21
vehicle.car 31.0759 1120.6571 -0.0800 0.8492 1.8009 2.4169 4.9047 2.1309 1.4801 43.6050 -0.2081 -0.1840 17
vehicle.car 127.3428 1213.7313 0.8273 0.4114 0.2275 -85.8512 6.1926 2.4695 2.8623 43.6050 -0.2081 -0.1840 11
vehicle.truck 15.2722 1121.2866 0.4060 -3.0034 0.7297 60.9002 6.5575 2.5166 2.5104 43.6050 -0.2081 -0.1840 27
vehicle.car 30.4840 1161.0581 0.1846 -0.6663 0.4404 -28.9566 4.7997 2.0992 1.7192 43.6051 -0.2081 -0.1840 19
vehicle.car 37.1976 1152.2370 0.8000 0.1615 0.2032 -118.9187 6.1926 2.4695 2.8623 34.8118 14.4957 0.1010 7
vehicle.car 66.5309 1144.9971 0.0793 0.4295 0.9151 151.0418 4.6350 2.1608 1.6713 43.6050 -0.2081 -0.1840 16
vehicle.car 22.3057 1217.4673 0.0631 -0.2700 0.3462 43.4211 4.9145 2.1034 1.4979 44.4971 -12.1363 -0.3221 32
vehicle.car 76.1905 1222.5074 0.2013 0.8370 0.7894 -119.1342 4.7000 2.2032 1.7322 30.8162 21.3744 0.0324 24
vehicle.car 118.7122 1194.5506 0.0974 1.3926 0.2671 -119.0035 4.6495 2.1154 1.5585 43.6051 -0.2081 -0.1840 12
vehicle.truck 84.9345 1227.9594 1.0198 0.2621 0.9932 60.9993 8.8288 3.1457 3.4955 43.6050 -0.2081 -0.1840 30
vehicle.car 27.0115 1133.9673 0.1429 1.5560 0.9824 -118.8748 4.6350 2.1608 1.6762 43.6053 -0.2083 -0.1821 26
vehicle.car 54.9713 1174.0056 0.1917 1.2349 0.4349 61.1692 4.7997 2.0992 1.7220 43.6050 -0.2081 -0.1840 22
vehicle.bus.rigid 45.9766 1209.7311 1.0650 0.2826 0.2544 -29.0708 12.0306 2.8726 3.5495 43.6050 -0.2081 -0.1840 9
vehicle.car 26.3381 1112.9396 -0.0606 -1.0243 -1.3134 -177.5593 4.9145 2.1583 1.5012 43.6050 -0.2081 -0.1840 18
vehicle.car 62.9688 1198.6986 0.0475 0.1247 0.2860 -119.0273 4.9145 2.1034 1.5006 31.0905 20.6514 0.1394 14
vehicle.car 78.9247 1217.1265 0.1197 0.4488 0.3464 60.9309 4.3470 2.0651 1.5943 43.6050 -0.2081 -0.1840 10
vehicle.truck 123.7071 1203.5704 0.5847 1.5503 0.7343 -117.9518 6.5575 2.5166 2.5069 43.6050 -0.2081 -0.1840 6
vehicle.car 57.3000 1178.2147 0.0465 1.2228 0.3871 61.1456 4.8306 2.0307 1.4361 43.6050 -0.2081 -0.1840 2
vehicle.car 5.8720 1186.4535 0.1680 -0.8044 0.6470 94.7622 4.7997 2.0992 1.7226 52.4969 -5.6802 -0.3690 5
