vehicle.car 0.3338 1094.2094 -0.0437 2.1416 0.2876 -119.2722 4.3470 2.1044 1.6213 -14.4889 13.7319 1.0879 28
vehicle.car 57.9543 1149.7439 0.0089 0.5987 0.1161 151.1376 4.9145 2.1034 1.5079 -14.4889 13.7319 1.0878 4
vehicle.car 8.2724 1089.7928 0.0928 1.7324 0.0333 61.2272 4.9954 2.1385 1.4855 17.3505 33.8049 0.0937 29
vehicle.car 29.7756 1138.9374 0.0836 1.4123 0.1664 -119.0759 4.9954 2.1385 1.4837 -33.3750 1.9698 1.6739 21
vehicle.car 31.0760 1120.6567 -0.0800 0.8492 1.8009 2.4169 4.9047 2.1309 1.4801 -14.4889 13.7319 1.0878 17
vehicle.truck 15.2722 1121.2862 0.4060 -3.0034 0.7297 60.9002 6.5575 2.5166 2.5104 -14.4889 13.7320 1.0879 27
vehicle.car 30.4840 1161.0577 0.1846 -0.6663 0.4404 -28.9566 4.7997 2.0992 1.7192 -14.4889 13.7319 1.0879 19
vehicle.car 66.5309 1144.9966 0.0793 0.4295 0.9151 151.0418 4.6350 2.1608 1.6713 -14.4889 13.7319 1.0879 16
vehicle.bus.rigid 0.5893 1086.4448 1.0955 1.7957 0.3868 -118.9417 12.0306 2.8726 3.5515 -41.0394 -2.8773 1.9416 31
vehicle.car 43.1988 1163.0892 0.1248 0.3906 1.4017 -118.9608 4.6350 2.1608 1.6762 -34.4828 1.1964 1.7490 26
vehicle.car 39.2295 1145.5676 0.1747 -0.0637 0.4491 60.7105 4.7997 2.0992 1.7220 16.2666 32.8680 0.0928 22
vehicle.car 26.3381 1112.9391 -0.0606 -1.0243 -1.3134 -177.5593 4.9145 2.1583 1.5012 -14.4889 13.7320 1.0878 18
