vehicle.car -56.1642 1229.7640 0.1124 0.3480 0.2615 31.7904 4.6495 2.1154 1.5596 2.8843 49.1560 -0.6528 3
vehicle.car 57.9544 1149.7439 0.0089 0.5987 0.1161 151.1376 4.9145 2.1034 1.5079 1.9524 21.5852 -0.0071 4
vehicle.car 92.4211 1187.9582 0.0861 1.3281 0.0053 151.8019 4.9954 2.1385 1.4855 1.9524 21.5852 -0.0072 29
vehicle.truck 37.8862 1153.4859 1.0343 0.1786 0.8987 -118.8787 8.8288 3.1457 3.5018 1.9524 21.5852 -0.0072 25
vehicle.car 127.3429 1213.7307 0.8273 0.4114 0.2275 -85.8512 6.1926 2.4695 2.8623 1.9524 21.5852 -0.0072 11
vehicle.truck 15.2723 1121.2861 0.4060 -3.0034 0.7297 60.9002 6.5575 2.5166 2.5104 1.9524 21.5852 -0.0072 27
vehicle.car 30.4841 1161.0576 0.1846 -0.6664 0.4404 -28.9566 4.7997 2.0992 1.7192 1.9524 21.5853 -0.0072 19
vehicle.car 32.1031 1143.0948 0.8185 1.1199 0.3775 -119.0504 6.1926 2.4695 2.8623 1.9524 21.5852 -0.0072 7
vehicle.car 14.9614 1169.6245 0.1202 -0.7338 1.0400 -29.7350 4.6350 2.1608 1.6715 1.9524 21.5852 -0.0072 13
vehicle.truck 83.7565 1236.6687 0.5159 0.4504 0.6358 -114.5057 6.5575 2.5166 2.5270 1.9524 21.5852 -0.0072 23
vehicle.bus.rigid 8.7634 1286.2320 1.1537 -0.2539 0.3558 71.3428 12.0306 2.8726 3.5515 -14.5889 40.5811 -0.6768 31
vehicle.bus.rigid 77.3165 1224.5912 1.0944 0.9725 0.5475 -118.7034 12.0306 2.8726 3.5489 1.9524 21.5852 -0.0072 20
vehicle.car 26.2830 1218.7660 0.0687 0.6116 -0.2641 12.0465 4.9145 2.1034 1.4979 1.9524 21.5852 -0.0071 32
vehicle.car 47.0800 1170.0859 0.2044 0.7211 0.5264 -118.9406 4.7000 2.2032 1.7322 1.9524 21.5852 -0.0072 24
vehicle.car 118.7123 1194.5501 0.0974 1.3927 0.2671 -119.0035 4.6495 2.1154 1.5585 1.9524 21.5852 -0.0072 12
vehicle.truck 84.9347 1227.9589 1.0198 0.2621 0.9932 60.9994 8.8288 3.1457 3.4955 1.9524 21.5852 -0.0072 30
vehicle.car 54.9714 1174.0051 0.1917 1.2349 0.4349 61.1692 4.7997 2.0992 1.7220 1.9524 21.5852 -0.0072 22
vehicle.bus.rigid 45.9767 1209.7306 1.0650 0.2826 0.2544 -29.0708 12.0306 2.8726 3.5495 1.9524 21.5852 -0.0072 9
vehicle.car 43.3939 1163.4383 0.0604 0.3332 0.1749 -119.0705 4.9145 2.1034 1.5006 1.9524 21.5852 -0.0072 14
vehicle.car 78.9249 1217.1260 0.1196 0.4488 0.3464 60.9309 4.3470 2.0651 1.5943 1.9524 21.5852 -0.0072 10
vehicle.truck 123.7073 1203.5698 0.5847 1.5503 0.7343 -117.9518 6.5575 2.5166 2.5069 1.9524 21.5852 -0.0072 6
vehicle.car 57.3001 1178.2142 0.0465 1.2228 0.3870 61.1456 4.8306 2.0307 1.4361 1.9524 21.5852 -0.0072 2
vehicle.car 22.8708 1165.2618 0.0177 -0.5879 0.3521 -28.8020 4.8306 2.0307 1.4369 1.9524 21.5852 -0.0071 15
vehicle.car 34.9889 1215.8490 0.0490 0.3274 -0.1852 -27.3212 4.9954 2.1385 1.4884 1.9524 21.5852 -0.0072 8
vehicle.car 21.7364 1217.0639 0.1670 -0.1353 0.5257 48.2572 4.7997 2.0992 1.7226 1.9524 21.5852 -0.0072 5
