vehicle.car 57.9543 1149.7435 0.0090 0.5987 0.1161 151.1376 4.9145 2.1034 1.5079 4.9055 4.4339 0.2411 4
vehicle.car 108.0446 1171.0704 0.0201 -0.1236 -0.1842 79.3259 4.9954 2.1385 1.4855 -0.1060 19.6956 0.0779 29
vehicle.truck 37.8861 1153.4856 1.0343 0.1786 0.8987 -118.8788 8.8288 3.1457 3.5018 4.9055 4.4339 0.2412 25
vehicle.car 127.3428 1213.7303 0.8273 0.4114 0.2275 -85.8512 6.1926 2.4695 2.8623 4.9055 4.4339 0.2411 11
vehicle.car 30.4840 1161.0572 0.1847 -0.6663 0.4404 -28.9566 4.7997 2.0992 1.7192 4.9055 4.4339 0.2411 19
vehicle.car 32.1030 1143.0945 0.8185 1.1199 0.3775 -119.0504 6.1926 2.4695 2.8623 4.9055 4.4339 0.2411 7
vehicle.truck 83.7565 1236.6683 0.5159 0.4504 0.6358 -114.5057 6.5575 2.5166 2.5270 4.9055 4.4339 0.2411 23
vehicle.car 66.5309 1144.9962 0.0793 0.4295 0.9151 151.0417 4.6350 2.1608 1.6713 4.9055 4.4339 0.2411 16
vehicle.bus.rigid 77.3165 1224.5908 1.0944 0.9724 0.5474 -118.7035 12.0306 2.8726 3.5489 4.9055 4.4339 0.2411 20
vehicle.car 26.2830 1218.7656 0.0687 0.6116 -0.2641 12.0464 4.9145 2.1034 1.4979 4.9055 4.4339 0.2411 32
vehicle.car 47.0799 1170.0856 0.2044 0.7211 0.5264 -118.9407 4.7000 2.2032 1.7322 4.9055 4.4339 0.2411 24
vehicle.car 118.7122 1194.5496 0.0974 1.3926 0.2671 -119.0035 4.6495 2.1154 1.5585 4.9055 4.4339 0.2411 12
vehicle.truck 84.9346 1227.9585 1.0198 0.2621 0.9932 60.9993 8.8288 3.1457 3.4955 4.9055 4.4339 0.2412 30
vehicle.car 54.9713 1174.0047 0.1917 1.2349 0.4349 61.1692 4.7997 2.0992 1.7220 4.9055 4.4339 0.2411 22
vehicle.bus.rigid 45.9766 1209.7302 1.0650 0.2826 0.2544 -29.0708 12.0306 2.8726 3.5495 4.9055 4.4339 0.2411 9
vehicle.car 43.3938 1163.4380 0.0604 0.3332 0.1749 -119.0706 4.9145 2.1034 1.5006 4.9055 4.4339 0.2411 14
vehicle.car 78.9248 1217.1256 0.1197 0.4489 0.3464 60.9308 4.3470 2.0651 1.5943 4.9055 4.4339 0.2411 10
vehicle.truck 123.7072 1203.5694 0.5847 1.5503 0.7343 -117.9518 6.5575 2.5166 2.5069 4.9055 4.4339 0.2412 6
vehicle.car 57.3001 1178.2138 0.0465 1.2228 0.3871 61.1456 4.8306 2.0307 1.4361 4.9055 4.4339 0.2412 2
vehicle.car 21.7363 1217.0636 0.1670 -0.1353 0.5257 48.2572 4.7997 2.0992 1.7226 4.9055 4.4339 0.2411 5
