vehicle.car 0.3338 1094.2096 -0.0437 2.1416 0.2876 -119.2723 4.3470 2.1044 1.6213 -14.5380 14.0038 1.2519 28
vehicle.car -10.5482 1066.5760 0.1017 0.4090 0.5502 -121.1362 4.6495 2.1154 1.5596 -40.3428 -0.3394 2.0470 3
vehicle.car -6.5444 1063.3609 0.0392 0.8887 -0.3055 60.7795 4.9954 2.1385 1.4855 17.7788 33.7073 0.3218 29
vehicle.car 38.7997 1155.1422 0.0835 0.3714 0.2535 -118.9411 4.9954 2.1385 1.4837 -33.7749 2.0857 1.6913 21
vehicle.car 31.0760 1120.6568 -0.0800 0.8492 1.8009 2.4169 4.9047 2.1309 1.4801 -14.5380 14.0037 1.2519 17
vehicle.truck 15.2722 1121.2864 0.4060 -3.0011 0.7279 60.9003 6.5575 2.5166 2.5104 -14.5382 14.0044 1.2515 27
vehicle.bus.rigid 12.8637 1108.5466 1.0889 1.7480 0.3738 -118.8693 12.0306 2.8726 3.5515 -41.2801 -2.5696 2.2671 31
vehicle.car 24.9333 1119.8730 0.1892 1.5374 0.5334 61.0897 4.7997 2.0992 1.7220 16.9325 33.5033 0.0737 22
vehicle.car 26.3381 1112.9393 -0.0606 -1.0243 -1.3134 -177.5593 4.9145 2.1583 1.5012 -14.5380 14.0038 1.2519 18
vehicle.car 25.6647 1167.7063 0.1725 -0.4752 0.6674 151.1739 4.7997 2.0992 1.7226 -25.8719 32.1837 1.6165 5
