vehicle.car 0.3339 1094.2092 -0.0437 2.1416 0.2876 -119.2723 4.3470 2.1044 1.6213 20.8173 18.3845 -0.0796 28
vehicle.car 57.9543 1149.7438 0.0089 0.5987 0.1161 151.1376 4.9145 2.1034 1.5079 20.8173 18.3845 -0.0796 4
vehicle.car 63.9947 1142.4032 0.0292 -0.0179 0.1393 -29.1933 4.9954 2.1385 1.4855 9.8982 2.9495 0.1044 29
vehicle.truck 40.5253 1158.2524 1.0396 0.0892 0.7350 -118.9477 8.8288 3.1457 3.5018 11.9315 24.6524 0.0584 25
vehicle.car 22.3122 1125.5118 0.0818 1.5894 0.0902 -118.9734 4.9954 2.1385 1.4837 20.8173 18.3845 -0.0796 21
vehicle.car 31.0760 1120.6565 -0.0800 0.8492 1.8009 2.4169 4.9047 2.1309 1.4801 20.8173 18.3845 -0.0796 17
vehicle.car 127.3428 1213.7306 0.8273 0.4114 0.2275 -85.8512 6.1926 2.4695 2.8623 20.8173 18.3845 -0.0796 11
vehicle.truck 15.2722 1121.2860 0.4060 -3.0034 0.7297 60.9002 6.5575 2.5166 2.5104 20.8173 18.3845 -0.0796 27
vehicle.car 30.4840 1161.0575 0.1846 -0.6664 0.4404 -28.9566 4.7997 2.0992 1.7192 20.8173 18.3845 -0.0797 19
vehicle.car 32.1030 1143.0947 0.8185 1.1199 0.3782 -119.0504 6.1926 2.4695 2.8623 20.8160 18.3852 -0.0861 7
vehicle.car 66.5310 1144.9965 0.0793 0.4295 0.9151 151.0418 4.6350 2.1608 1.6713 20.8173 18.3845 -0.0796 16
vehicle.bus.rigid 81.8002 1232.7792 1.0604 0.6535 -0.1344 -116.3488 12.0306 2.8726 3.5489 5.4320 28.8326 0.1415 20
vehicle.car 65.3081 1202.9216 0.1687 0.5088 -0.0768 -119.0343 4.7000 2.2032 1.7322 1.9273 31.7729 0.5162 24
vehicle.car 118.7122 1194.5499 0.0974 1.3926 0.2671 -119.0034 4.6495 2.1154 1.5585 20.8173 18.3845 -0.0797 12
vehicle.truck 84.9345 1227.9587 1.0198 0.2621 0.9932 60.9993 8.8288 3.1457 3.4955 20.8173 18.3845 -0.0796 30
vehicle.car 27.0115 1133.9667 0.1428 1.5559 0.9838 -118.8749 4.6350 2.1608 1.6762 20.8173 18.3845 -0.0796 26
vehicle.car 54.9713 1174.0050 0.1917 1.2349 0.4349 61.1692 4.7997 2.0992 1.7220 20.8173 18.3845 -0.0796 22
vehicle.bus.rigid 45.9766 1209.7305 1.0650 0.2826 0.2544 -29.0708 12.0306 2.8726 3.5495 20.8173 18.3845 -0.0796 9
vehicle.car 26.3381 1112.9390 -0.0606 -1.0244 -1.3134 -177.5593 4.9145 2.1583 1.5012 20.8173 18.3845 -0.0797 18
vehicle.car 78.9248 1217.1259 0.1196 0.4489 0.3464 60.9308 4.3470 2.0651 1.5943 20.8173 18.3845 -0.0797 10
vehicle.truck 123.7071 1203.5697 0.5847 1.5503 0.7343 -117.9518 6.5575 2.5166 2.5069 20.8173 18.3845 -0.0796 6
vehicle.car 57.3000 1178.2141 0.0465 1.2228 0.3871 61.1456 4.8306 2.0307 1.4361 20.8173 18.3845 -0.0796 2
vehicle.car 10.9303 1199.4540 0.1540 -0.6170 0.4419 61.1790 4.7997 2.0992 1.7226 35.9858 7.5836 -0.2783 5
