vehicle.car 57.9543 1149.7436 0.0089 0.5987 0.1161 151.1376 4.9145 2.1034 1.5079 -2.4511 14.7583 0.1066 4
vehicle.car 74.1469 1137.0232 0.0263 -0.2198 0.0307 -24.8139 4.9954 2.1385 1.4855 0.8981 -3.3470 0.4736 29
vehicle.truck 37.9118 1153.5261 1.0347 0.1141 1.1523 -118.9073 8.8288 3.1457 3.5018 -6.0027 14.5090 0.1558 25
vehicle.car 22.3122 1125.5117 0.0818 1.5894 0.0902 -118.9734 4.9954 2.1385 1.4837 -2.4511 14.7583 0.1066 21
vehicle.car 31.0760 1120.6563 -0.0800 0.8492 1.8009 2.4169 4.9047 2.1309 1.4801 -2.4511 14.7583 0.1066 17
vehicle.car 127.3428 1213.7304 0.8273 0.4114 0.2275 -85.8512 6.1926 2.4695 2.8623 -2.4511 14.7583 0.1066 11
vehicle.truck 15.2722 1121.2859 0.4060 -3.0034 0.7297 60.9002 6.5575 2.5166 2.5104 -2.4511 14.7583 0.1066 27
vehicle.car 30.4840 1161.0573 0.1846 -0.6664 0.4404 -28.9566 4.7997 2.0992 1.7192 -2.4510 14.7583 0.1066 19
vehicle.car 32.1030 1143.0946 0.8185 1.1199 0.3775 -119.0504 6.1926 2.4695 2.8623 -2.4511 14.7583 0.1066 7
vehicle.car 14.9613 1169.6242 0.1202 -0.7338 1.0400 -29.7350 4.6350 2.1608 1.6715 -2.4511 14.7583 0.1066 13
vehicle.car 66.5309 1144.9963 0.0793 0.4295 0.9151 151.0418 4.6350 2.1608 1.6713 -2.4511 14.7583 0.1066 16
vehicle.bus.rigid 78.6258 1226.9599 1.0982 1.1342 0.3771 -118.4323 12.0306 2.8726 3.5489 -9.4681 14.3298 0.2273 20
vehicle.car 58.8725 1191.3530 0.1755 0.8347 0.3364 -118.9725 4.7000 2.2032 1.7322 -26.6041 13.2633 0.7964 24
vehicle.car 118.7122 1194.5498 0.0974 1.3927 0.2671 -119.0035 4.6495 2.1154 1.5585 -2.4511 14.7583 0.1066 12
vehicle.truck 84.9346 1227.9586 1.0198 0.2621 0.9932 60.9994 8.8288 3.1457 3.4955 -2.4511 14.7583 0.1066 30
vehicle.car 27.0115 1133.9665 0.1428 1.5559 0.9838 -118.8749 4.6350 2.1608 1.6762 -2.4511 14.7583 0.1066 26
vehicle.car 54.9713 1174.0049 0.1917 1.2349 0.4349 61.1692 4.7997 2.0992 1.7220 -2.4511 14.7583 0.1066 22
vehicle.bus.rigid 45.9766 1209.7303 1.0650 0.2826 0.2544 -29.0708 12.0306 2.8726 3.5495 -2.4511 14.7583 0.1066 9
vehicle.car 26.3381 1112.9388 -0.0606 -1.0243 -1.3134 -177.5593 4.9145 2.1583 1.5012 -2.4511 14.7583 0.1067 18
vehicle.car 46.3794 1168.8244 0.0838 0.7210 0.2097 -119.0542 4.9145 2.1034 1.5006 -20.0089 13.7000 0.3877 14
vehicle.car 78.9248 1217.1257 0.1196 0.4488 0.3464 60.9308 4.3470 2.0651 1.5943 -2.4511 14.7584 0.1066 10
vehicle.truck 123.7072 1203.5695 0.5847 1.5503 0.7343 -117.9518 6.5575 2.5166 2.5069 -2.4511 14.7583 0.1066 6
vehicle.car 57.3000 1178.2140 0.0465 1.2228 0.3870 61.1456 4.8306 2.0307 1.4361 -2.4511 14.7584 0.1066 2
vehicle.car 22.8707 1165.2616 0.0177 -0.5880 0.3521 -28.8020 4.8306 2.0307 1.4369 -2.4511 14.7583 0.1066 15
vehicle.car 34.9889 1215.8487 0.0490 0.3274 -0.1852 -27.3212 4.9954 2.1385 1.4884 -2.4511 14.7583 0.1066 8
vehicle.car 16.0151 1208.5594 0.1369 0.0797 1.2929 60.7148 4.7997 2.0992 1.7226 15.2594 15.6307 -0.4359 5
