vehicle.car 57.9543 1149.7438 0.0089 0.5987 0.1161 151.1376 4.9145 2.1034 1.5079 47.4855 0.8292 -0.2363 4
vehicle.car 54.7172 1147.6583 0.0480 -0.2830 0.3402 -28.3792 4.9954 2.1385 1.4855 36.9424 -5.2072 -0.1421 29
vehicle.truck 46.5547 1169.1677 1.0506 0.7384 0.7687 -118.9934 8.8288 3.1457 3.5018 35.8824 19.7814 0.1097 25
vehicle.car 22.3122 1125.5119 0.0818 1.5894 0.0902 -118.9734 4.9954 2.1385 1.4837 47.4855 0.8292 -0.2363 21
vehicle.car 31.0760 1120.6566 -0.0800 0.8492 1.8009 2.4169 4.9047 2.1309 1.4801 47.4855 0.8292 -0.2363 17
vehicle.car 127.3428 1213.7306 0.8273 0.4114 0.2275 -85.8512 6.1926 2.4695 2.8623 47.4855 0.8292 -0.2363 11
vehicle.truck 15.2722 1121.2861 0.4060 -3.0034 0.7297 60.9001 6.5575 2.5166 2.5104 47.4855 0.8292 -0.2363 27
vehicle.car 30.4840 1161.0576 0.1846 -0.6663 0.4404 -28.9566 4.7997 2.0992 1.7192 47.4855 0.8292 -0.2364 19
vehicle.car 35.2534 1148.6960 0.8046 -0.2766 0.0691 -118.9272 6.1926 2.4695 2.8623 39.5543 13.8571 0.1623 7
vehicle.car 66.5310 1144.9965 0.0793 0.4295 0.9151 151.0418 4.6350 2.1608 1.6713 47.4855 0.8292 -0.2363 16
vehicle.bus.rigid 88.0970 1246.1642 1.0520 0.3732 0.6202 -114.6044 12.0306 2.8726 3.5489 35.2173 17.6715 0.1249 20
vehicle.car 24.6756 1218.5607 0.0625 0.3828 -0.0698 24.7074 4.9145 2.1034 1.4979 44.5496 -8.1394 -0.2296 32
vehicle.car 73.1299 1217.0138 0.1571 1.0123 0.5793 -119.0090 4.7000 2.2032 1.7322 34.3744 22.3442 -0.2622 24
vehicle.car 118.7122 1194.5500 0.0974 1.3927 0.2671 -119.0035 4.6495 2.1154 1.5585 47.4855 0.8292 -0.2363 12
vehicle.truck 84.9346 1227.9588 1.0198 0.2621 0.9932 60.9993 8.8288 3.1457 3.4955 47.4855 0.8292 -0.2363 30
vehicle.car 27.0115 1133.9667 0.1428 1.5559 0.9835 -118.8749 4.6350 2.1608 1.6762 47.4855 0.8292 -0.2366 26
vehicle.car 54.9713 1174.0051 0.1917 1.2349 0.4349 61.1692 4.7997 2.0992 1.7220 47.4855 0.8292 -0.2363 22
vehicle.bus.rigid 45.9766 1209.7305 1.0650 0.2826 0.2544 -29.0708 12.0306 2.8726 3.5495 47.4855 0.8292 -0.2363 9
vehicle.car 26.3381 1112.9390 -0.0606 -1.0243 -1.3134 -177.5593 4.9145 2.1583 1.5012 47.4855 0.8292 -0.2363 18
vehicle.car 59.9851 1193.3563 0.0565 0.9232 0.3762 -118.9995 4.9145 2.1034 1.5006 34.7009 21.7386 0.1130 14
vehicle.car 78.9248 1217.1259 0.1196 0.4489 0.3464 60.9309 4.3470 2.0651 1.5943 47.4855 0.8292 -0.2363 10
vehicle.truck 123.7072 1203.5698 0.5847 1.5503 0.7343 -117.9518 6.5575 2.5166 2.5069 47.4855 0.8292 -0.2363 6
vehicle.car 57.3001 1178.2142 0.0465 1.2228 0.3871 61.1456 4.8306 2.0307 1.4361 47.4855 0.8292 -0.2363 2
vehicle.car 34.9889 1215.8489 0.0490 0.3274 -0.1852 -27.3212 4.9954 2.1385 1.4884 47.4855 0.8292 -0.2363 8
vehicle.car 6.2584 1189.3204 0.1616 -0.9597 0.6894 81.4900 4.7997 2.0992 1.7226 56.6864 -8.1628 -0.4687 5
