vehicle.car 0.3339 1094.2094 -0.0437 2.1416 0.2876 -119.2722 4.3470 2.1044 1.6213 -14.4934 13.7321 1.0725 28
vehicle.car 57.9543 1149.7439 0.0089 0.5987 0.1161 151.1376 4.9145 2.1034 1.5079 -14.4934 13.7321 1.0726 4
vehicle.car 20.5136 1111.9063 0.0916 1.4673 0.1041 61.0690 4.9954 2.1385 1.4855 17.8887 34.0291 0.0478 29
vehicle.truck 70.7541 1212.7344 1.0069 0.4272 0.6750 -119.0210 8.8288 3.1457 3.5018 -33.4056 1.8722 1.6023 25
vehicle.car 23.6813 1127.9711 0.0818 1.5732 0.1630 -118.9932 4.9954 2.1385 1.4837 -26.2784 6.3600 1.4475 21
vehicle.car 31.0760 1120.6566 -0.0800 0.8492 1.8009 2.4169 4.9047 2.1309 1.4801 -14.4934 13.7321 1.0726 17
vehicle.truck 15.2722 1121.2861 0.4060 -3.0034 0.7297 60.9002 6.5575 2.5166 2.5104 -14.4934 13.7321 1.0726 27
vehicle.car 30.4840 1161.0576 0.1846 -0.6664 0.4403 -28.9566 4.7997 2.0992 1.7192 -14.4934 13.7321 1.0725 19
vehicle.car 57.7685 1189.3655 0.7770 0.5332 0.3392 -118.9821 6.1926 2.4695 2.8623 -36.5365 -0.1015 1.8670 7
vehicle.car 2.5473 1188.2356 0.1169 -0.8356 0.7077 -102.5884 4.6350 2.1608 1.6715 -23.1340 2.1458 1.3986 13
vehicle.car 66.5310 1144.9966 0.0793 0.4295 0.9151 151.0418 4.6350 2.1608 1.6713 -14.4934 13.7321 1.0726 16
vehicle.bus.rigid -9.5812 1068.2028 1.0879 0.4861 0.5359 -120.0310 12.0306 2.8726 3.5515 -41.6164 -2.0030 1.7154 31
vehicle.car 7.3165 1192.4131 0.0445 -0.8553 0.2834 69.3118 4.9145 2.1034 1.4979 -7.6887 18.7448 0.8235 32
vehicle.car 37.3346 1152.4865 0.1378 0.3453 1.1461 -118.8808 4.6350 2.1608 1.6762 -31.8168 2.7953 1.5343 26
vehicle.car 50.2295 1165.3728 0.1847 0.9739 0.7507 61.4253 4.7997 2.0992 1.7220 7.0644 27.3818 0.7371 22
vehicle.bus.rigid 45.9766 1209.7306 1.0650 0.2826 0.2544 -29.0708 12.0306 2.8726 3.5495 -14.4934 13.7321 1.0726 9
vehicle.car 26.3381 1112.9391 -0.0606 -1.0243 -1.3134 -177.5592 4.9145 2.1583 1.5012 -14.4934 13.7321 1.0725 18
vehicle.car 20.5002 1166.5669 0.0137 -0.6010 0.3821 -28.7619 4.8306 2.0307 1.4369 -8.3947 4.0772 0.9487 15
vehicle.car 30.2468 1218.1465 0.0640 0.5380 0.5484 -13.9470 4.9954 2.1385 1.4884 -7.0742 4.5900 0.7775 8
vehicle.car 7.8794 1179.4893 0.1875 -0.7400 0.4215 129.7774 4.7997 2.0992 1.7226 -15.1954 24.1902 1.1041 5
