vehicle.car 57.9543 1149.7442 0.0089 0.5987 0.1161 151.1376 4.9145 2.1034 1.5079 -1.1461 36.4799 -0.2499 4
vehicle.car 92.4211 1187.9585 0.0861 1.3281 0.0053 151.8019 4.9954 2.1385 1.4855 -1.1461 36.4799 -0.2498 29
vehicle.truck 37.8861 1153.4863 1.0343 0.1786 0.8987 -118.8788 8.8288 3.1457 3.5018 -1.1461 36.4799 -0.2499 25
vehicle.car 127.3429 1213.7310 0.8273 0.4114 0.2275 -85.8512 6.1926 2.4695 2.8623 -1.1461 36.4799 -0.2499 11
vehicle.car 32.1030 1143.0951 0.8185 1.1199 0.3775 -119.0503 6.1926 2.4695 2.8623 -1.1461 36.4799 -0.2498 7
vehicle.truck 83.7565 1236.6690 0.5159 0.4504 0.6358 -114.5057 6.5575 2.5166 2.5270 -1.1461 36.4799 -0.2499 23
vehicle.car 66.5310 1144.9969 0.0793 0.4295 0.9151 151.0418 4.6350 2.1608 1.6713 -1.1461 36.4799 -0.2499 16
vehicle.bus.rigid 2.1438 1270.8349 1.1570 -0.3036 0.4163 58.0826 12.0306 2.8726 3.5515 -14.5230 57.8543 -0.4864 31
vehicle.bus.rigid 77.3165 1224.5915 1.0944 0.9725 0.5474 -118.7035 12.0306 2.8726 3.5489 -1.1461 36.4799 -0.2499 20
vehicle.car 26.2830 1218.7663 0.0687 0.6116 -0.2641 12.0464 4.9145 2.1034 1.4979 -1.1461 36.4799 -0.2498 32
vehicle.car 47.0799 1170.0862 0.2044 0.7211 0.5264 -118.9407 4.7000 2.2032 1.7322 -1.1461 36.4799 -0.2499 24
vehicle.car 118.7123 1194.5504 0.0974 1.3927 0.2671 -119.0035 4.6495 2.1154 1.5585 -1.1461 36.4799 -0.2498 12
vehicle.car 54.9713 1174.0054 0.1917 1.2349 0.4349 61.1692 4.7997 2.0992 1.7220 -1.1461 36.4799 -0.2499 22
vehicle.bus.rigid 45.9766 1209.7309 1.0650 0.2826 0.2544 -29.0708 12.0306 2.8726 3.5495 -1.1461 36.4799 -0.2499 9
vehicle.car 43.3938 1163.4387 0.0604 0.3332 0.1749 -119.0706 4.9145 2.1034 1.5006 -1.1461 36.4799 -0.2499 14
vehicle.car 78.9248 1217.1263 0.1196 0.4488 0.3464 60.9309 4.3470 2.0651 1.5943 -1.1461 36.4799 -0.2499 10
vehicle.truck 123.7072 1203.5701 0.5847 1.5503 0.7343 -117.9518 6.5575 2.5166 2.5069 -1.1461 36.4799 -0.2499 6
vehicle.car 57.3001 1178.2145 0.0465 1.2228 0.3871 61.1456 4.8306 2.0307 1.4361 -1.1461 36.4799 -0.2499 2
vehicle.car 34.9889 1215.8493 0.0490 0.3273 -0.1852 -27.3212 4.9954 2.1385 1.4884 -1.1461 36.4799 -0.2498 8
