vehicle.car 92.4209 1187.9577 0.0861 1.3281 0.0053 151.8019 4.9954 2.1385 1.4855 -1.1532 37.9028 -0.0407 29
vehicle.car 127.3427 1213.7302 0.8273 0.4114 0.2275 -85.8512 6.1926 2.4695 2.8623 -1.1532 37.9028 -0.0408 11
vehicle.truck 83.7564 1236.6682 0.5159 0.4504 0.6358 -114.5058 6.5575 2.5166 2.5270 -1.1532 37.9028 -0.0408 23
vehicle.bus.rigid 4.7415 1275.7944 1.1547 -0.2499 0.4195 62.6013 12.0306 2.8726 3.5515 -16.1299 58.1809 -0.4965 31
vehicle.bus.rigid 77.3163 1224.5907 1.0944 0.9725 0.5474 -118.7035 12.0306 2.8726 3.5489 -1.1532 37.9028 -0.0408 20
vehicle.car 26.2829 1218.7655 0.0687 0.6116 -0.2640 12.0464 4.9145 2.1034 1.4979 -1.1532 37.9028 -0.0408 32
vehicle.car 118.7121 1194.5495 0.0974 1.3926 0.2671 -119.0035 4.6495 2.1154 1.5585 -1.1532 37.9028 -0.0407 12
vehicle.bus.rigid 45.9765 1209.7301 1.0650 0.2826 0.2544 -29.0708 12.0306 2.8726 3.5495 -1.1532 37.9028 -0.0408 9
vehicle.car 78.9247 1217.1255 0.1196 0.4489 0.3464 60.9308 4.3470 2.0651 1.5943 -1.1532 37.9028 -0.0408 10
vehicle.truck 123.7071 1203.5693 0.5847 1.5503 0.7343 -117.9519 6.5575 2.5166 2.5069 -1.1532 37.9028 -0.0408 6
vehicle.car 34.9888 1215.8486 0.0490 0.3273 -0.1852 -27.3213 4.9954 2.1385 1.4884 -1.1532 37.9028 -0.0408 8
vehicle.car 21.7362 1217.0635 0.1670 -0.1353 0.5257 48.2571 4.7997 2.0992 1.7226 -1.1532 37.9028 -0.0408 5
