vehicle.car 57.9543 1149.7437 0.0089 0.5987 0.1161 151.1376 4.9145 2.1034 1.5079 29.7258 8.5757 -0.3020 4
vehicle.car 59.7443 1144.7741 0.0342 0.0157 0.1348 -29.5305 4.9954 2.1385 1.4855 17.3017 -1.5809 0.0001 29
vehicle.truck 42.3667 1161.5840 1.0362 0.1597 0.5514 -118.9891 8.8288 3.1457 3.5018 18.4265 22.2638 0.0842 25
vehicle.car 22.3122 1125.5118 0.0818 1.5894 0.0902 -118.9734 4.9954 2.1385 1.4837 29.7258 8.5757 -0.3021 21
vehicle.car 31.0760 1120.6564 -0.0800 0.8492 1.8009 2.4169 4.9047 2.1309 1.4801 29.7258 8.5757 -0.3020 17
vehicle.car 127.3429 1213.7305 0.8273 0.4114 0.2275 -85.8512 6.1926 2.4695 2.8623 29.7258 8.5757 -0.3020 11
vehicle.truck 15.2722 1121.2859 0.4060 -3.0034 0.7297 60.9002 6.5575 2.5166 2.5104 29.7258 8.5757 -0.3020 27
vehicle.car 30.4841 1161.0574 0.1846 -0.6663 0.4404 -28.9566 4.7997 2.0992 1.7192 29.7258 8.5757 -0.3020 19
vehicle.car 32.6284 1144.0260 0.8210 1.0455 0.3776 -118.9763 6.1926 2.4695 2.8623 23.0956 16.6749 -0.1704 7
vehicle.car 66.5310 1144.9964 0.0793 0.4295 0.9151 151.0418 4.6350 2.1608 1.6713 29.7258 8.5757 -0.3020 16
vehicle.bus.rigid 84.3612 1238.0024 1.0313 0.4782 0.3872 -114.5670 12.0306 2.8726 3.5489 14.3037 24.5311 0.0784 20
vehicle.car 26.2830 1218.7658 0.0687 0.6116 -0.2647 12.0465 4.9145 2.1034 1.4979 29.7257 8.5756 -0.3025 32
vehicle.car 68.3839 1208.4510 0.1607 0.4726 0.3970 -119.0537 4.7000 2.2032 1.7322 15.4977 25.8775 0.1927 24
vehicle.car 118.7123 1194.5499 0.0974 1.3927 0.2671 -119.0034 4.6495 2.1154 1.5585 29.7258 8.5757 -0.3021 12
vehicle.truck 84.9346 1227.9587 1.0198 0.2621 0.9932 60.9994 8.8288 3.1457 3.4955 29.7258 8.5757 -0.3020 30
vehicle.car 27.0115 1133.9666 0.1428 1.5559 0.9838 -118.8749 4.6350 2.1608 1.6762 29.7258 8.5757 -0.3020 26
vehicle.car 54.9713 1174.0049 0.1917 1.2349 0.4349 61.1692 4.7997 2.0992 1.7220 29.7258 8.5757 -0.3021 22
vehicle.bus.rigid 45.9767 1209.7304 1.0650 0.2826 0.2544 -29.0708 12.0306 2.8726 3.5495 29.7258 8.5757 -0.3020 9
vehicle.car 26.3381 1112.9389 -0.0606 -1.0243 -1.3134 -177.5593 4.9145 2.1583 1.5012 29.7258 8.5757 -0.3020 18
vehicle.car 55.0612 1184.4606 0.0656 0.2454 -0.8843 -119.0286 4.9145 2.1034 1.5006 14.3466 27.1765 -0.0250 14
vehicle.truck 123.7072 1203.5696 0.5847 1.5503 0.7343 -117.9518 6.5575 2.5166 2.5069 29.7258 8.5757 -0.3020 6
vehicle.car 57.3001 1178.2140 0.0465 1.2228 0.3871 61.1456 4.8306 2.0307 1.4361 29.7258 8.5757 -0.3020 2
vehicle.car 34.9889 1215.8488 0.0490 0.3274 -0.1852 -27.3212 4.9954 2.1385 1.4884 29.7258 8.5757 -0.3020 8
