vehicle.car 0.3338 1094.2090 -0.0437 2.1416 0.2876 -119.2723 4.3470 2.1044 1.6213 19.8138 19.3818 -0.0379 28
vehicle.car 57.9543 1149.7436 0.0089 0.5987 0.1161 151.1376 4.9145 2.1034 1.5079 19.8138 19.3818 -0.0380 4
vehicle.car 64.4577 1142.1465 0.0286 -0.0170 0.1414 -29.1543 4.9954 2.1385 1.4855 9.2983 3.3491 0.1271 29
vehicle.truck 40.3787 1157.9882 1.0412 0.1076 0.7512 -118.9465 8.8288 3.1457 3.5018 10.7535 25.3350 0.1775 25
vehicle.car 22.3122 1125.5116 0.0818 1.5894 0.0902 -118.9734 4.9954 2.1385 1.4837 19.8138 19.3818 -0.0380 21
vehicle.car 31.0760 1120.6563 -0.0800 0.8492 1.8009 2.4169 4.9047 2.1309 1.4801 19.8138 19.3818 -0.0380 17
vehicle.car 127.3428 1213.7304 0.8273 0.4114 0.2275 -85.8512 6.1926 2.4695 2.8623 19.8138 19.3818 -0.0380 11
vehicle.truck 15.2722 1121.2858 0.4060 -3.0034 0.7297 60.9001 6.5575 2.5166 2.5104 19.8138 19.3818 -0.0380 27
vehicle.car 30.4840 1161.0573 0.1846 -0.6663 0.4404 -28.9566 4.7997 2.0992 1.7192 19.8138 19.3817 -0.0380 19
vehicle.car 32.1030 1143.0945 0.8185 1.1199 0.3787 -119.0504 6.1926 2.4695 2.8623 19.8139 19.3817 -0.0370 7
vehicle.car 66.5310 1144.9962 0.0793 0.4295 0.9151 151.0418 4.6350 2.1608 1.6713 19.8138 19.3818 -0.0380 16
vehicle.bus.rigid 81.5676 1232.3321 1.0609 0.6000 -0.1542 -116.5779 12.0306 2.8726 3.5489 4.7512 28.9735 0.2304 20
vehicle.car 64.9969 1202.3582 0.1716 0.4134 -0.2514 -119.0336 4.7000 2.2032 1.7322 0.3630 32.1577 0.1715 24
vehicle.car 118.7122 1194.5497 0.0974 1.3926 0.2671 -119.0035 4.6495 2.1154 1.5585 19.8138 19.3818 -0.0380 12
vehicle.truck 84.9346 1227.9585 1.0198 0.2621 0.9932 60.9993 8.8288 3.1457 3.4955 19.8138 19.3818 -0.0380 30
vehicle.car 27.0115 1133.9665 0.1428 1.5559 0.9838 -118.8749 4.6350 2.1608 1.6762 19.8138 19.3818 -0.0380 26
vehicle.car 54.9713 1174.0048 0.1917 1.2349 0.4349 61.1692 4.7997 2.0992 1.7220 19.8138 19.3818 -0.0380 22
vehicle.bus.rigid 45.9766 1209.7303 1.0650 0.2826 0.2544 -29.0708 12.0306 2.8726 3.5495 19.8138 19.3818 -0.0380 9
vehicle.car 26.3381 1112.9388 -0.0606 -1.0244 -1.3134 -177.5593 4.9145 2.1583 1.5012 19.8138 19.3817 -0.0379 18
vehicle.truck 123.7072 1203.5695 0.5847 1.5503 0.7343 -117.9518 6.5575 2.5166 2.5069 19.8138 19.3818 -0.0379 6
vehicle.car 57.3001 1178.2139 0.0465 1.2228 0.3870 61.1456 4.8306 2.0307 1.4361 19.8138 19.3818 -0.0380 2
vehicle.car 11.1829 1199.9073 0.1540 -0.5999 0.4395 61.0792 4.7997 2.0992 1.7226 35.4463 9.0394 -0.2744 5
