vehicle.car 57.9543 1149.7443 0.0089 0.5987 0.1161 151.1376 4.9145 2.1034 1.5079 -0.5493 30.3074 0.5414 4
vehicle.car 92.4210 1187.9586 0.0861 1.3281 0.0053 151.8019 4.9954 2.1385 1.4855 -0.5493 30.3074 0.5413 29
vehicle.truck 37.8861 1153.4864 1.0343 0.1786 0.8987 -118.8788 8.8288 3.1457 3.5018 -0.5493 30.3074 0.5414 25
vehicle.car 22.3121 1125.5124 0.0818 1.5894 0.0902 -118.9735 4.9954 2.1385 1.4837 -0.5493 30.3074 0.5413 21
vehicle.car 31.0759 1120.6570 -0.0800 0.8492 1.8009 2.4169 4.9047 2.1309 1.4801 -0.5493 30.3074 0.5413 17
vehicle.car 127.3429 1213.7311 0.8273 0.4114 0.2275 -85.8513 6.1926 2.4695 2.8623 -0.5493 30.3074 0.5413 11
vehicle.car 30.4840 1161.0580 0.1846 -0.6664 0.4403 -28.9567 4.7997 2.0992 1.7192 -0.5493 30.3075 0.5412 19
vehicle.car 14.9613 1169.6249 0.1202 -0.7338 1.0400 -29.7351 4.6350 2.1608 1.6715 -0.5493 30.3074 0.5413 13
vehicle.truck 83.7565 1236.6691 0.5159 0.4504 0.6358 -114.5057 6.5575 2.5166 2.5270 -0.5493 30.3074 0.5414 23
vehicle.car 66.5309 1144.9970 0.0793 0.4295 0.9151 151.0418 4.6350 2.1608 1.6713 -0.5493 30.3074 0.5413 16
vehicle.bus.rigid -6.0102 1259.4930 1.1603 -0.4905 0.3299 46.6345 12.0306 2.8726 3.5515 -9.2016 53.9576 0.1806 31
vehicle.bus.rigid 77.3165 1224.5916 1.0944 0.9725 0.5474 -118.7035 12.0306 2.8726 3.5489 -0.5493 30.3074 0.5414 20
vehicle.car 47.0798 1170.0863 0.2044 0.7211 0.5264 -118.9407 4.7000 2.2032 1.7322 -0.5493 30.3074 0.5413 24
vehicle.car 118.7122 1194.5504 0.0974 1.3926 0.2671 -119.0035 4.6495 2.1154 1.5585 -0.5493 30.3074 0.5414 12
vehicle.truck 84.9346 1227.9592 1.0198 0.2621 0.9932 60.9993 8.8288 3.1457 3.4955 -0.5493 30.3074 0.5413 30
vehicle.car 27.0114 1133.9672 0.1428 1.5559 0.9838 -118.8750 4.6350 2.1608 1.6762 -0.5493 30.3074 0.5413 26
vehicle.car 54.9713 1174.0055 0.1917 1.2349 0.4349 61.1691 4.7997 2.0992 1.7220 -0.5493 30.3074 0.5414 22
vehicle.bus.rigid 45.9766 1209.7310 1.0650 0.2826 0.2544 -29.0709 12.0306 2.8726 3.5495 -0.5493 30.3074 0.5414 9
vehicle.car 26.3380 1112.9395 -0.0606 -1.0244 -1.3134 -177.5594 4.9145 2.1583 1.5012 -0.5493 30.3074 0.5413 18
vehicle.car 43.3938 1163.4388 0.0604 0.3332 0.1749 -119.0706 4.9145 2.1034 1.5006 -0.5493 30.3074 0.5413 14
vehicle.car 78.9248 1217.1264 0.1196 0.4488 0.3464 60.9308 4.3470 2.0651 1.5943 -0.5492 30.3074 0.5413 10
vehicle.truck 123.7072 1203.5702 0.5847 1.5503 0.7343 -117.9518 6.5575 2.5166 2.5069 -0.5493 30.3074 0.5413 6
vehicle.car 57.3000 1178.2146 0.0465 1.2228 0.3871 61.1455 4.8306 2.0307 1.4361 -0.5493 30.3074 0.5413 2
vehicle.car 22.8707 1165.2623 0.0177 -0.5880 0.3521 -28.8021 4.8306 2.0307 1.4369 -0.5493 30.3074 0.5414 15
vehicle.car 34.9889 1215.8494 0.0490 0.3273 -0.1852 -27.3213 4.9954 2.1385 1.4884 -0.5493 30.3074 0.5414 8
