vehicle.car 57.9543 1149.7435 0.0089 0.5987 0.1161 151.1376 4.9145 2.1034 1.5079 1.8798 20.2268 0.1466 4
vehicle.car 71.0765 1138.5032 0.0230 0.0532 0.1263 -28.4593 4.9954 2.1385 1.4855 -0.1332 -1.7763 0.4606 29
vehicle.truck 38.5402 1154.6705 1.0369 0.2512 0.9254 -118.9067 8.8288 3.1457 3.5018 -7.4169 21.2446 0.2622 25
vehicle.car 22.3122 1125.5115 0.0818 1.5894 0.0902 -118.9734 4.9954 2.1385 1.4837 1.8798 20.2269 0.1466 21
vehicle.car 31.0760 1120.6562 -0.0800 0.8492 1.8009 2.4169 4.9047 2.1309 1.4801 1.8798 20.2269 0.1466 17
vehicle.car 127.3428 1213.7303 0.8273 0.4114 0.2275 -85.8512 6.1926 2.4695 2.8623 1.8798 20.2268 0.1466 11
vehicle.truck 15.2722 1121.2857 0.4060 -3.0034 0.7297 60.9002 6.5575 2.5166 2.5104 1.8798 20.2268 0.1466 27
vehicle.car 32.1030 1143.0944 0.8185 1.1199 0.3775 -119.0504 6.1926 2.4695 2.8623 1.8798 20.2269 0.1466 7
vehicle.car 14.9614 1169.6241 0.1202 -0.7338 1.0400 -29.7350 4.6350 2.1608 1.6715 1.8798 20.2269 0.1466 13
vehicle.car 66.5310 1144.9962 0.0793 0.4295 0.9151 151.0418 4.6350 2.1608 1.6713 1.8798 20.2268 0.1466 16
vehicle.bus.rigid 79.3506 1228.2689 1.0976 1.1083 0.2476 -118.1454 12.0306 2.8726 3.5489 -8.2464 21.3537 0.3534 20
vehicle.car 60.8313 1194.8691 0.1781 0.5624 0.4762 -119.0806 4.7000 2.2032 1.7322 -22.0181 22.9578 0.5849 24
vehicle.car 118.7122 1194.5496 0.0974 1.3927 0.2671 -119.0035 4.6495 2.1154 1.5585 1.8798 20.2268 0.1466 12
vehicle.truck 84.9346 1227.9584 1.0198 0.2621 0.9932 60.9994 8.8288 3.1457 3.4955 1.8798 20.2268 0.1466 30
vehicle.car 27.0115 1133.9664 0.1428 1.5559 0.9838 -118.8749 4.6350 2.1608 1.6762 1.8798 20.2268 0.1466 26
vehicle.car 54.9713 1174.0047 0.1917 1.2349 0.4349 61.1692 4.7997 2.0992 1.7220 1.8798 20.2269 0.1466 22
vehicle.bus.rigid 45.9766 1209.7302 1.0650 0.2826 0.2544 -29.0708 12.0306 2.8726 3.5495 1.8798 20.2268 0.1466 9
vehicle.car 26.3381 1112.9387 -0.0606 -1.0243 -1.3134 -177.5593 4.9145 2.1583 1.5012 1.8798 20.2268 0.1466 18
vehicle.car 47.8800 1171.5249 0.0850 0.7172 0.2569 -118.9702 4.9145 2.1034 1.5006 -17.5087 22.3964 0.4964 14
vehicle.car 78.9248 1217.1256 0.1196 0.4489 0.3464 60.9309 4.3470 2.0651 1.5943 1.8798 20.2268 0.1466 10
vehicle.truck 123.7072 1203.5694 0.5847 1.5503 0.7343 -117.9518 6.5575 2.5166 2.5069 1.8798 20.2268 0.1466 6
vehicle.car 57.3001 1178.2138 0.0465 1.2228 0.3871 61.1456 4.8306 2.0307 1.4361 1.8798 20.2269 0.1466 2
