vehicle.car 0.3339 1094.2097 -0.0437 2.1416 0.2876 -119.2722 4.3470 2.1044 1.6213 2.7514 16.1691 -0.0787 28
vehicle.car 57.9543 1149.7443 0.0089 0.5987 0.1161 151.1376 4.9145 2.1034 1.5079 2.7514 16.1691 -0.0787 4
vehicle.car 37.3090 1141.9895 0.0710 0.3035 0.2596 59.1027 4.9954 2.1385 1.4855 35.0383 15.2674 -0.4640 29
vehicle.truck 60.3351 1193.9963 1.0181 0.6267 0.8027 -119.0526 8.8288 3.1457 3.5018 -22.5486 15.7749 0.2246 25
vehicle.car 22.3122 1125.5123 0.0818 1.5894 0.0902 -118.9734 4.9954 2.1385 1.4837 2.7514 16.1691 -0.0787 21
vehicle.car 31.0760 1120.6570 -0.0800 0.8492 1.8009 2.4169 4.9047 2.1309 1.4801 2.7514 16.1691 -0.0787 17
vehicle.truck 15.2722 1121.2865 0.4060 -3.0034 0.7297 60.9002 6.5575 2.5166 2.5104 2.7514 16.1691 -0.0787 27
vehicle.car 30.4840 1161.0580 0.1846 -0.6663 0.4404 -28.9566 4.7997 2.0992 1.7192 2.7514 16.1691 -0.0787 19
vehicle.car 45.7420 1167.6820 0.8098 0.2950 0.5270 -119.0255 6.1926 2.4695 2.8623 -25.0705 15.6390 -0.1816 7
vehicle.car 5.9388 1176.2465 0.1437 -0.7881 1.0520 -56.0782 4.6350 2.1608 1.6715 -2.0763 3.7876 0.2188 13
vehicle.car 66.5310 1144.9969 0.0793 0.4295 0.9151 151.0418 4.6350 2.1608 1.6713 2.7514 16.1691 -0.0787 16
vehicle.car 14.1611 1205.2478 0.0460 -0.4099 0.1773 60.9361 4.9145 2.1034 1.4979 22.3650 16.5025 -0.2985 32
vehicle.car 118.7122 1194.5504 0.0974 1.3926 0.2671 -119.0035 4.6495 2.1154 1.5585 2.7514 16.1691 -0.0787 12
vehicle.truck 84.9346 1227.9592 1.0198 0.2621 0.9932 60.9993 8.8288 3.1457 3.4955 2.7514 16.1691 -0.0787 30
vehicle.car 28.7003 1136.9999 0.1428 1.4982 1.1708 -119.0277 4.6350 2.1608 1.6762 -10.8122 15.9509 0.0766 26
vehicle.car 54.9713 1174.0055 0.1917 1.2350 0.4273 61.1690 4.7997 2.0992 1.7220 2.7541 16.1693 -0.0704 22
vehicle.bus.rigid 45.9766 1209.7310 1.0650 0.2826 0.2544 -29.0708 12.0306 2.8726 3.5495 2.7514 16.1691 -0.0787 9
vehicle.car 26.3381 1112.9395 -0.0606 -1.0243 -1.3134 -177.5593 4.9145 2.1583 1.5012 2.7514 16.1691 -0.0786 18
vehicle.truck 123.7072 1203.5702 0.5847 1.5503 0.7343 -117.9518 6.5575 2.5166 2.5069 2.7514 16.1691 -0.0787 6
vehicle.car 57.3000 1178.2146 0.0465 1.2231 0.3806 61.1454 4.8306 2.0307 1.4361 2.7553 16.1691 -0.1197 2
vehicle.car 22.8708 1165.2622 0.0177 -0.5880 0.3521 -28.8020 4.8306 2.0307 1.4369 2.7514 16.1691 -0.0787 15
vehicle.car 34.9889 1215.8494 0.0490 0.3273 -0.1851 -27.3212 4.9954 2.1385 1.4884 2.7514 16.1691 -0.0787 8
vehicle.car 7.0613 1180.9041 0.1876 -0.5985 0.5489 122.1432 4.7997 2.0992 1.7226 4.1758 18.1643 -0.1407 5
