vehicle.car 0.3338 1094.2097 -0.0437 2.1416 0.2876 -119.2723 4.3470 2.1044 1.6213 -5.3477 12.4398 0.2278 28
vehicle.car 57.9542 1149.7443 0.0089 0.5987 0.1161 151.1376 4.9145 2.1034 1.5079 -5.3476 12.4398 0.2278 4
vehicle.car 32.9664 1134.3844 0.0834 1.1357 0.2884 60.9714 4.9954 2.1385 1.4855 30.5474 24.9135 -0.8507 29
vehicle.truck 63.3759 1199.4415 1.0155 0.2948 0.8067 -119.0122 8.8288 3.1457 3.5018 -28.4765 4.3534 0.8891 25
vehicle.car 22.3121 1125.5123 0.0818 1.5894 0.0902 -118.9734 4.9954 2.1385 1.4837 -5.3476 12.4398 0.2278 21
vehicle.car 31.0759 1120.6570 -0.0800 0.8492 1.8009 2.4169 4.9047 2.1309 1.4801 -5.3477 12.4398 0.2278 17
vehicle.truck 15.2721 1121.2865 0.4060 -3.0034 0.7297 60.9001 6.5575 2.5166 2.5104 -5.3476 12.4398 0.2278 27
vehicle.car 30.4840 1161.0580 0.1846 -0.6663 0.4404 -28.9566 4.7997 2.0992 1.7192 -5.3477 12.4397 0.2278 19
vehicle.car 49.1041 1173.7546 0.8206 0.7225 0.2567 -118.9542 6.1926 2.4695 2.8623 -31.3253 3.3208 0.6747 7
vehicle.car 4.0427 1179.0642 0.1465 -0.7560 0.8739 -68.5296 4.6350 2.1608 1.6715 -8.7392 -0.9875 0.5623 13
vehicle.car 66.5309 1144.9969 0.0793 0.4295 0.9151 151.0418 4.6350 2.1608 1.6713 -5.3476 12.4398 0.2278 16
vehicle.car 11.7606 1200.9260 0.0447 -0.5295 0.1572 61.1302 4.9145 2.1034 1.4979 12.7569 18.7918 -0.0924 32
vehicle.truck 84.9345 1227.9592 1.0198 0.2621 0.9932 60.9993 8.8288 3.1457 3.4955 -5.3476 12.4398 0.2278 30
vehicle.car 30.6178 1140.4355 0.1477 1.3565 1.2543 -119.1629 4.6350 2.1608 1.6762 -22.1980 6.5994 0.5121 26
vehicle.car 54.6679 1173.4580 0.1914 1.2262 0.5267 61.1987 4.7997 2.0992 1.7220 1.4123 14.8151 0.1080 22
vehicle.bus.rigid 45.9766 1209.7309 1.0650 0.2826 0.2544 -29.0708 12.0306 2.8726 3.5495 -5.3476 12.4398 0.2278 9
vehicle.car 26.3380 1112.9394 -0.0606 -1.0244 -1.3133 -177.5593 4.9145 2.1583 1.5012 -5.3476 12.4398 0.2278 18
vehicle.truck 123.7071 1203.5702 0.5847 1.5503 0.7343 -117.9518 6.5575 2.5166 2.5069 -5.3476 12.4398 0.2278 6
vehicle.car 22.8707 1165.2622 0.0177 -0.5880 0.3523 -28.8021 4.8306 2.0307 1.4369 -5.3476 12.4398 0.2279 15
vehicle.car 34.9889 1215.8494 0.0489 0.3273 -0.1806 -27.3212 4.9954 2.1385 1.4884 -5.3478 12.4402 0.2293 8
vehicle.car 7.2427 1180.5408 0.1877 -0.6272 0.5156 124.1594 4.7997 2.0992 1.7226 -5.1225 13.2662 0.2062 5
