vehicle.car 0.3338 1094.2095 -0.0437 2.1416 0.2876 -119.2723 4.3470 2.1044 1.6213 -14.4935 13.7468 1.0832 28
vehicle.car 57.9543 1149.7440 0.0089 0.5987 0.1161 151.1376 4.9145 2.1034 1.5079 -14.4935 13.7468 1.0832 4
vehicle.car 19.9988 1110.9777 0.0915 1.4938 0.0748 61.0689 4.9954 2.1385 1.4855 17.8665 34.0252 0.0371 29
vehicle.truck 71.0588 1213.2866 1.0075 0.4916 0.6092 -119.0290 8.8288 3.1457 3.5018 -34.0029 1.5208 1.7177 25
vehicle.car 23.8728 1128.3159 0.0818 1.5697 0.1625 -118.9930 4.9954 2.1385 1.4837 -26.7788 6.0583 1.4727 21
vehicle.car 31.0759 1120.6567 -0.0800 0.8492 1.8009 2.4169 4.9047 2.1309 1.4801 -14.4936 13.7468 1.0831 17
vehicle.truck 15.2722 1121.2863 0.4060 -3.0034 0.7297 60.9001 6.5575 2.5166 2.5104 -14.4935 13.7468 1.0831 27
vehicle.car 30.4840 1161.0578 0.1846 -0.6664 0.4404 -28.9566 4.7997 2.0992 1.7192 -14.4935 13.7467 1.0832 19
vehicle.car 58.1170 1189.9978 0.7789 0.6040 0.3679 -118.9806 6.1926 2.4695 2.8623 -36.4769 -0.0699 1.4630 7
vehicle.car 2.6055 1188.6325 0.1160 -0.8486 0.7370 -103.7977 4.6350 2.1608 1.6715 -23.3397 2.3522 1.4199 13
vehicle.car 66.5309 1144.9967 0.0793 0.4295 0.9151 151.0418 4.6350 2.1608 1.6713 -14.4935 13.7468 1.0831 16
vehicle.bus.rigid -9.1421 1068.9563 1.0922 0.7069 0.4793 -119.7765 12.0306 2.8726 3.5515 -41.4988 -2.1592 1.8068 31
vehicle.car 7.2254 1192.2041 0.0453 -0.8229 0.2915 69.8925 4.9145 2.1034 1.4979 -8.1913 18.5166 0.8611 32
vehicle.car 37.6061 1152.9826 0.1389 0.4730 1.2140 -118.8884 4.6350 2.1608 1.6762 -31.5753 2.9453 1.6489 26
vehicle.car 49.8756 1164.7302 0.1764 0.8321 0.3094 61.3961 4.7997 2.0992 1.7220 8.5248 28.3188 0.3468 22
vehicle.bus.rigid 45.9766 1209.7307 1.0650 0.2826 0.2544 -29.0708 12.0306 2.8726 3.5495 -14.4935 13.7468 1.0832 9
vehicle.car 26.3381 1112.9392 -0.0606 -1.0243 -1.3134 -177.5593 4.9145 2.1583 1.5012 -14.4935 13.7468 1.0832 18
vehicle.car 20.2204 1166.7207 0.0132 -0.6029 0.3799 -28.7583 4.8306 2.0307 1.4369 -8.3103 3.9629 0.9456 15
vehicle.car 8.0477 1179.2512 0.1861 -0.7532 0.4165 130.9406 4.7997 2.0992 1.7226 -15.4942 24.2592 1.1212 5
