vehicle.car 0.3339 1094.2091 -0.0437 2.1416 0.2876 -119.2723 4.3470 2.1044 1.6213 -14.4899 13.7628 1.1483 28
vehicle.car 57.9543 1149.7437 0.0089 0.5987 0.1161 151.1376 4.9145 2.1034 1.5079 -14.4899 13.7628 1.1483 4
vehicle.car 9.7882 1092.5421 0.0957 1.6231 0.0345 61.1901 4.9954 2.1385 1.4855 17.4104 33.8246 0.0916 29
vehicle.car 28.8841 1137.3409 0.0821 1.4766 0.1501 -119.0069 4.9954 2.1385 1.4837 -32.7756 2.3660 1.7589 21
vehicle.car 31.0760 1120.6564 -0.0800 0.8492 1.8009 2.4169 4.9047 2.1309 1.4801 -14.4899 13.7628 1.1483 17
vehicle.truck 15.2722 1121.2859 0.4060 -3.0034 0.7297 60.9002 6.5575 2.5166 2.5104 -14.4899 13.7628 1.1483 27
vehicle.car 30.4840 1161.0574 0.1846 -0.6663 0.4404 -28.9566 4.7997 2.0992 1.7192 -14.4899 13.7628 1.1484 19
vehicle.car 66.5310 1144.9964 0.0793 0.4295 0.9151 151.0418 4.6350 2.1608 1.6713 -14.4899 13.7628 1.1483 16
vehicle.bus.rigid -0.6783 1084.1631 1.0957 1.8012 0.3888 -118.9262 12.0306 2.8726 3.5515 -41.0283 -2.8578 2.0410 31
vehicle.car 42.3351 1161.5275 0.1346 0.2893 1.0607 -118.9825 4.6350 2.1608 1.6762 -30.8987 3.4316 1.8580 26
vehicle.car 40.7069 1148.2029 0.1751 0.1814 0.4426 60.7806 4.7997 2.0992 1.7220 16.2856 32.8966 0.1834 22
vehicle.car 26.3381 1112.9389 -0.0606 -1.0243 -1.3133 -177.5593 4.9145 2.1583 1.5012 -14.4899 13.7629 1.1483 18
vehicle.car 13.7772 1170.2558 0.0107 -0.7438 0.5320 -30.4789 4.8306 2.0307 1.4369 -6.7244 1.3797 0.9022 15
