vehicle.car 57.9543 1149.7440 0.0089 0.5987 0.1161 151.1376 4.9145 2.1034 1.5079 -5.3372 2.9605 0.2690 4
vehicle.car 102.8880 1158.8560 -0.0122 1.0084 0.1302 61.3856 4.9954 2.1385 1.4855 12.8653 17.8477 -0.0813 29
vehicle.truck 37.8861 1153.4860 1.0343 0.1786 0.8987 -118.8788 8.8288 3.1457 3.5018 -5.3373 2.9605 0.2690 25
vehicle.car 22.3121 1125.5120 0.0818 1.5894 0.0902 -118.9734 4.9954 2.1385 1.4837 -5.3372 2.9605 0.2690 21
vehicle.car 31.0759 1120.6567 -0.0800 0.8492 1.8009 2.4169 4.9047 2.1309 1.4801 -5.3373 2.9605 0.2690 17
vehicle.car 127.3428 1213.7308 0.8273 0.4114 0.2275 -85.8512 6.1926 2.4695 2.8623 -5.3373 2.9605 0.2690 11
vehicle.car 30.4840 1161.0577 0.1846 -0.6663 0.4404 -28.9566 4.7997 2.0992 1.7192 -5.3373 2.9605 0.2690 19
vehicle.car 32.1030 1143.0949 0.8185 1.1199 0.3775 -119.0504 6.1926 2.4695 2.8623 -5.3372 2.9605 0.2690 7
vehicle.truck 83.7565 1236.6688 0.5159 0.4504 0.6358 -114.5057 6.5575 2.5166 2.5270 -5.3372 2.9605 0.2690 23
vehicle.car 66.5309 1144.9967 0.0793 0.4295 0.9151 151.0417 4.6350 2.1608 1.6713 -5.3373 2.9605 0.2690 16
vehicle.bus.rigid 77.3164 1224.5913 1.0944 0.9725 0.5474 -118.7035 12.0306 2.8726 3.5489 -5.3373 2.9605 0.2690 20
vehicle.car 26.2830 1218.7661 0.0687 0.6116 -0.2641 12.0464 4.9145 2.1034 1.4979 -5.3372 2.9605 0.2690 32
vehicle.car 47.0798 1170.0860 0.2044 0.7211 0.5264 -118.9407 4.7000 2.2032 1.7322 -5.3372 2.9605 0.2690 24
vehicle.car 118.7122 1194.5501 0.0974 1.3926 0.2671 -119.0035 4.6495 2.1154 1.5585 -5.3372 2.9605 0.2690 12
vehicle.truck 84.9346 1227.9589 1.0198 0.2621 0.9932 60.9993 8.8288 3.1457 3.4955 -5.3373 2.9605 0.2690 30
vehicle.car 27.0115 1133.9669 0.1428 1.5559 0.9838 -118.8749 4.6350 2.1608 1.6762 -5.3373 2.9605 0.2690 26
vehicle.car 54.9713 1174.0052 0.1917 1.2349 0.4349 61.1692 4.7997 2.0992 1.7220 -5.3372 2.9605 0.2690 22
vehicle.bus.rigid 45.9766 1209.7307 1.0650 0.2826 0.2544 -29.0708 12.0306 2.8726 3.5495 -5.3372 2.9605 0.2690 9
vehicle.car 26.3381 1112.9392 -0.0606 -1.0243 -1.3134 -177.5593 4.9145 2.1583 1.5012 -5.3373 2.9605 0.2690 18
vehicle.car 43.3938 1163.4384 0.0604 0.3332 0.1749 -119.0706 4.9145 2.1034 1.5006 -5.3373 2.9605 0.2690 14
vehicle.car 78.9248 1217.1261 0.1196 0.4489 0.3464 60.9309 4.3470 2.0651 1.5943 -5.3372 2.9605 0.2690 10
vehicle.truck 123.7072 1203.5699 0.5847 1.5503 0.7343 -117.9518 6.5575 2.5166 2.5069 -5.3373 2.9605 0.2690 6
vehicle.car 57.3000 1178.2143 0.0465 1.2228 0.3871 61.1456 4.8306 2.0307 1.4361 -5.3373 2.9605 0.2690 2
vehicle.car 22.8707 1165.2619 0.0177 -0.5880 0.3521 -28.8021 4.8306 2.0307 1.4369 -5.3373 2.9605 0.2690 15
vehicle.car 21.7363 1217.0641 0.1670 -0.1353 0.5257 48.2572 4.7997 2.0992 1.7226 -5.3372 2.9605 0.2691 5
