vehicle.car 57.9542 1149.7438 0.0089 0.5987 0.1161 151.1376 4.9145 2.1034 1.5079 -7.9145 8.8203 0.5662 4
vehicle.car 81.6109 1135.6962 0.0314 -0.2073 0.1624 -1.1040 4.9954 2.1385 1.4855 5.3490 1.5528 0.3403 29
vehicle.truck 37.8860 1153.4859 1.0342 0.1786 0.9000 -118.8788 8.8288 3.1457 3.5018 -7.9144 8.8204 0.5673 25
vehicle.car 22.3121 1125.5119 0.0818 1.5894 0.0902 -118.9735 4.9954 2.1385 1.4837 -7.9146 8.8203 0.5662 21
vehicle.car 31.0759 1120.6566 -0.0800 0.8492 1.8009 2.4169 4.9047 2.1309 1.4801 -7.9145 8.8203 0.5662 17
vehicle.car 127.3428 1213.7307 0.8273 0.4114 0.2275 -85.8512 6.1926 2.4695 2.8623 -7.9145 8.8203 0.5662 11
vehicle.truck 15.2721 1121.2861 0.4060 -3.0034 0.7297 60.9001 6.5575 2.5166 2.5104 -7.9145 8.8203 0.5662 27
vehicle.car 30.4839 1161.0576 0.1846 -0.6663 0.4404 -28.9566 4.7997 2.0992 1.7192 -7.9145 8.8203 0.5663 19
vehicle.car 32.1029 1143.0948 0.8185 1.1199 0.3775 -119.0504 6.1926 2.4695 2.8623 -7.9145 8.8203 0.5663 7
vehicle.car 14.9613 1169.6245 0.1202 -0.7338 1.0400 -29.7350 4.6350 2.1608 1.6715 -7.9145 8.8203 0.5663 13
vehicle.car 66.5309 1144.9965 0.0793 0.4295 0.9151 151.0418 4.6350 2.1608 1.6713 -7.9145 8.8203 0.5662 16
vehicle.bus.rigid 77.4949 1224.9152 1.0952 1.0066 0.5230 -118.6834 12.0306 2.8726 3.5489 -11.0005 7.2403 0.6371 20
vehicle.car 26.2829 1218.7660 0.0687 0.6116 -0.2641 12.0464 4.9145 2.1034 1.4979 -7.9145 8.8203 0.5663 32
vehicle.car 53.4800 1181.6307 0.2130 0.7984 0.4719 -118.9928 4.7000 2.2032 1.7322 -27.8743 -1.4360 1.1392 24
vehicle.car 118.7122 1194.5500 0.0974 1.3927 0.2671 -119.0035 4.6495 2.1154 1.5585 -7.9145 8.8203 0.5663 12
vehicle.truck 84.9345 1227.9588 1.0198 0.2621 0.9932 60.9993 8.8288 3.1457 3.4955 -7.9145 8.8203 0.5662 30
vehicle.car 27.0114 1133.9668 0.1428 1.5559 0.9838 -118.8749 4.6350 2.1608 1.6762 -7.9145 8.8203 0.5662 26
vehicle.car 54.9712 1174.0051 0.1917 1.2349 0.4349 61.1692 4.7997 2.0992 1.7220 -7.9145 8.8203 0.5662 22
vehicle.bus.rigid 45.9765 1209.7306 1.0650 0.2826 0.2544 -29.0708 12.0306 2.8726 3.5495 -7.9145 8.8203 0.5662 9
vehicle.car 26.3380 1112.9390 -0.0606 -1.0243 -1.3134 -177.5593 4.9145 2.1583 1.5012 -7.9145 8.8203 0.5663 18
vehicle.car 43.4818 1163.6010 0.0610 0.3312 0.3835 -118.9855 4.9145 2.1034 1.5006 -13.3651 5.9972 0.7916 14
vehicle.car 78.9247 1217.1259 0.1197 0.4489 0.3464 60.9309 4.3470 2.0651 1.5943 -7.9145 8.8203 0.5662 10
vehicle.truck 123.7071 1203.5698 0.5847 1.5503 0.7343 -117.9518 6.5575 2.5166 2.5069 -7.9145 8.8203 0.5662 6
vehicle.car 57.3000 1178.2142 0.0465 1.2228 0.3871 61.1456 4.8306 2.0307 1.4361 -7.9145 8.8203 0.5663 2
vehicle.car 34.9888 1215.8490 0.0490 0.3273 -0.1852 -27.3212 4.9954 2.1385 1.4884 -7.9146 8.8203 0.5662 8
