vehicle.car 0.3338 1094.2092 -0.0437 2.1416 0.2876 -119.2723 4.3470 2.1044 1.6213 36.5065 0.5195 -0.2272 28
vehicle.car 57.9542 1149.7438 0.0089 0.5987 0.1161 151.1376 4.9145 2.1034 1.5079 36.5065 0.5195 -0.2272 4
vehicle.car 48.9597 1150.1058 0.0613 -0.6271 0.5429 2.3270 4.9954 2.1385 1.4855 27.6003 -11.6841 -0.2732 29
vehicle.truck 51.8644 1178.7373 1.0566 0.7663 0.7818 -118.9890 8.8288 3.1457 3.5018 23.5338 20.7606 0.1111 25
vehicle.car 22.3121 1125.5118 0.0818 1.5894 0.0902 -118.9734 4.9954 2.1385 1.4837 36.5065 0.5195 -0.2272 21
vehicle.car 31.0759 1120.6565 -0.0800 0.8492 1.8009 2.4169 4.9047 2.1309 1.4801 36.5065 0.5195 -0.2272 17
vehicle.car 127.3428 1213.7306 0.8273 0.4114 0.2275 -85.8512 6.1926 2.4695 2.8623 36.5065 0.5195 -0.2272 11
vehicle.truck 15.2721 1121.2860 0.4060 -3.0034 0.7297 60.9002 6.5575 2.5166 2.5104 36.5065 0.5195 -0.2272 27
vehicle.car 39.0154 1155.5419 0.8076 0.4634 0.4095 -118.9495 6.1926 2.4695 2.8623 27.4587 14.6389 -0.1306 7
vehicle.car 66.5309 1144.9964 0.0793 0.4295 0.9151 151.0418 4.6350 2.1608 1.6713 36.5065 0.5195 -0.2272 16
vehicle.car 20.2004 1215.3475 0.0596 -0.3179 -0.1020 56.0413 4.9145 2.1034 1.4979 42.5755 -12.4316 -0.3427 32
vehicle.car 118.7122 1194.5499 0.0974 1.3927 0.2671 -119.0035 4.6495 2.1154 1.5585 36.5065 0.5195 -0.2272 12
vehicle.truck 84.9345 1227.9587 1.0198 0.2621 0.9932 60.9993 8.8288 3.1457 3.4955 36.5065 0.5195 -0.2272 30
vehicle.car 27.0115 1133.9668 0.1436 1.5563 0.9756 -118.8750 4.6350 2.1608 1.6762 36.5082 0.5182 -0.2124 26
vehicle.car 54.9712 1174.0050 0.1917 1.2349 0.4349 61.1692 4.7997 2.0992 1.7220 36.5065 0.5195 -0.2272 22
vehicle.bus.rigid 45.9766 1209.7305 1.0650 0.2826 0.2544 -29.0708 12.0306 2.8726 3.5495 36.5065 0.5195 -0.2272 9
vehicle.car 26.3380 1112.9390 -0.0606 -1.0243 -1.3134 -177.5593 4.9145 2.1583 1.5012 36.5065 0.5195 -0.2272 18
vehicle.car 65.5626 1203.3793 0.0443 0.6184 -0.1446 -119.0337 4.9145 2.1034 1.5006 23.8078 20.4444 0.6167 14
vehicle.car 78.9247 1217.1258 0.1196 0.4488 0.3464 60.9308 4.3470 2.0651 1.5943 36.5064 0.5195 -0.2272 10
vehicle.truck 123.7071 1203.5697 0.5847 1.5503 0.7343 -117.9518 6.5575 2.5166 2.5069 36.5065 0.5195 -0.2272 6
vehicle.car 57.3000 1178.2141 0.0465 1.2228 0.3871 61.1456 4.8306 2.0307 1.4361 36.5065 0.5195 -0.2272 2
vehicle.car 34.9888 1215.8489 0.0490 0.3274 -0.1852 -27.3212 4.9954 2.1385 1.4884 36.5065 0.5195 -0.2272 8
vehicle.car 6.0020 1184.3775 0.1761 -0.6718 0.7402 104.1805 4.7997 2.0992 1.7226 44.2592 -2.5505 -0.4040 5
