vehicle.car 0.3338 1094.2091 -0.0437 2.1416 0.2876 -119.2723 4.3470 2.1044 1.6213 25.0489 6.5368 -0.2215 28
vehicle.car 57.9543 1149.7437 0.0089 0.5987 0.1161 151.1376 4.9145 2.1034 1.5079 25.0489 6.5368 -0.2215 4
vehicle.car 44.9066 1149.5917 0.0776 -0.6918 0.2650 27.1785 4.9954 2.1385 1.4855 26.6419 -11.8703 -0.2241 29
vehicle.truck 54.8572 1184.1027 1.0394 0.4410 0.1471 -119.0033 8.8288 3.1457 3.5018 6.9737 23.8547 0.2037 25
vehicle.car 22.3122 1125.5117 0.0818 1.5893 0.0902 -118.9734 4.9954 2.1385 1.4837 25.0489 6.5368 -0.2215 21
vehicle.car 31.0760 1120.6564 -0.0800 0.8492 1.8009 2.4169 4.9047 2.1309 1.4801 25.0489 6.5368 -0.2215 17
vehicle.car 127.3428 1213.7305 0.8273 0.4114 0.2275 -85.8512 6.1926 2.4695 2.8623 25.0489 6.5368 -0.2215 11
vehicle.truck 15.2722 1121.2859 0.4060 -3.0034 0.7297 60.9002 6.5575 2.5166 2.5104 25.0489 6.5368 -0.2215 27
vehicle.car 30.4840 1161.0574 0.1846 -0.6663 0.4404 -28.9566 4.7997 2.0992 1.7192 25.0489 6.5367 -0.2215 19
vehicle.car 41.0133 1159.1346 0.8105 0.1205 0.1936 -118.9718 6.1926 2.4695 2.8623 13.3934 17.6416 0.0614 7
vehicle.car 10.0692 1172.4957 0.1310 -0.7644 1.0945 -38.6209 4.6350 2.1608 1.6715 16.1161 -1.3068 -0.0718 13
vehicle.car 66.5309 1144.9963 0.0793 0.4295 0.9151 151.0418 4.6350 2.1608 1.6713 25.0489 6.5368 -0.2215 16
vehicle.car 18.1628 1212.1748 0.0276 0.7677 -0.4884 59.0844 4.9145 2.1034 1.4979 36.3343 -5.1856 -0.1766 32
vehicle.car 81.8774 1232.8494 0.1651 0.4284 -0.7767 -116.7570 4.7000 2.2032 1.7322 6.5805 23.2750 0.1720 24
vehicle.car 118.7122 1194.5498 0.0974 1.3926 0.2671 -119.0035 4.6495 2.1154 1.5585 25.0489 6.5368 -0.2216 12
vehicle.truck 84.9346 1227.9586 1.0198 0.2621 0.9932 60.9993 8.8288 3.1457 3.4955 25.0489 6.5368 -0.2215 30
vehicle.car 27.0116 1133.9658 0.1424 1.5506 0.9597 -118.8680 4.6350 2.1608 1.6762 25.0977 6.4988 -0.0394 26
vehicle.car 54.9713 1174.0049 0.1917 1.2349 0.4349 61.1692 4.7997 2.0992 1.7220 25.0489 6.5368 -0.2215 22
vehicle.bus.rigid 45.9766 1209.7303 1.0650 0.2826 0.2544 -29.0708 12.0306 2.8726 3.5495 25.0489 6.5368 -0.2215 9
vehicle.car 26.3381 1112.9388 -0.0606 -1.0243 -1.3134 -177.5593 4.9145 2.1583 1.5012 25.0489 6.5368 -0.2215 18
vehicle.car 68.3648 1208.4132 0.0416 0.4354 0.0777 -119.0680 4.9145 2.1034 1.5006 8.9826 21.9462 0.1574 14
vehicle.car 78.9248 1217.1257 0.1196 0.4488 0.3464 60.9309 4.3470 2.0651 1.5943 25.0489 6.5368 -0.2215 10
vehicle.truck 123.7071 1203.5696 0.5847 1.5503 0.7343 -117.9518 6.5575 2.5166 2.5069 25.0489 6.5368 -0.2215 6
vehicle.car 57.3000 1178.2140 0.0465 1.2228 0.3871 61.1456 4.8306 2.0307 1.4361 25.0489 6.5368 -0.2215 2
vehicle.car 34.9888 1215.8488 0.0490 0.3274 -0.1852 -27.3212 4.9954 2.1385 1.4884 25.0489 6.5368 -0.2215 8
vehicle.car 6.3783 1182.6307 0.1835 -0.6350 0.7986 113.2247 4.7997 2.0992 1.7226 31.0565 6.4856 -0.3668 5
