vehicle.car 0.3338 1094.2098 -0.0437 2.1416 0.2876 -119.2723 4.3470 2.1044 1.6213 -14.4902 13.7423 1.1287 28
vehicle.car 57.9543 1149.7443 0.0089 0.5987 0.1161 151.1376 4.9145 2.1034 1.5079 -14.4902 13.7423 1.1287 4
vehicle.car 16.9186 1105.4213 0.0940 1.5513 0.0086 61.0787 4.9954 2.1385 1.4855 17.7146 33.9393 0.0478 29
vehicle.car 25.1740 1130.6588 0.0818 1.5625 0.1353 -118.9943 4.9954 2.1385 1.4837 -29.3380 4.4467 1.6231 21
vehicle.car 31.0759 1120.6571 -0.0800 0.8492 1.8009 2.4169 4.9047 2.1309 1.4801 -14.4902 13.7423 1.1287 17
vehicle.truck 15.2721 1121.2866 0.4060 -3.0034 0.7297 60.9002 6.5575 2.5166 2.5104 -14.4902 13.7423 1.1287 27
vehicle.car 30.4840 1161.0581 0.1846 -0.6663 0.4403 -28.9566 4.7997 2.0992 1.7192 -14.4902 13.7423 1.1287 19
vehicle.car 60.1945 1193.7500 0.7897 0.8477 0.3544 -119.0317 6.1926 2.4695 2.8623 -36.0886 0.3052 1.8558 7
vehicle.car 3.1447 1190.9765 0.1097 -0.9673 0.8939 -109.9595 4.6350 2.1608 1.6715 -24.7762 3.6084 1.4874 13
vehicle.car 66.5309 1144.9970 0.0793 0.4295 0.9151 151.0418 4.6350 2.1608 1.6713 -14.4902 13.7423 1.1287 16
vehicle.bus.rigid -6.5616 1073.4952 1.1007 1.0876 0.4806 -118.9341 12.0306 2.8726 3.5515 -41.0777 -2.7867 1.9896 31
vehicle.car 6.8289 1191.2485 0.0471 -0.8883 0.3153 73.0101 4.9145 2.1034 1.4979 -11.0978 16.4987 0.9976 32
vehicle.car 39.1740 1155.8171 0.1464 0.3837 0.8878 -118.9437 4.6350 2.1608 1.6762 -30.4003 3.7799 1.6943 26
vehicle.car 47.3491 1160.1423 0.1704 0.1293 0.7449 61.0556 4.7997 2.0992 1.7220 13.9568 31.6652 0.0611 22
vehicle.bus.rigid 45.9766 1209.7310 1.0650 0.2826 0.2544 -29.0708 12.0306 2.8726 3.5495 -14.4902 13.7423 1.1287 9
vehicle.car 26.3381 1112.9395 -0.0606 -1.0244 -1.3134 -177.5593 4.9145 2.1583 1.5012 -14.4902 13.7423 1.1286 18
vehicle.car 18.4591 1167.6855 0.0103 -0.6119 0.3844 -28.7423 4.8306 2.0307 1.4369 -7.7552 3.1448 0.9492 15
vehicle.car 9.1952 1177.8751 0.1785 -0.7017 0.2223 137.3439 4.7997 2.0992 1.7226 -17.2194 24.4040 1.2268 5
