vehicle.car 0.3339 1094.2096 -0.0437 2.1416 0.2876 -119.2723 4.3470 2.1044 1.6213 -14.4892 13.7438 1.1386 28
vehicle.car 57.9543 1149.7442 0.0089 0.5987 0.1161 151.1376 4.9145 2.1034 1.5079 -14.4892 13.7438 1.1386 4
vehicle.car 16.4067 1104.4977 0.0943 1.5482 0.0659 61.0749 4.9954 2.1385 1.4855 17.6966 33.9185 0.0622 29
vehicle.car 25.4132 1131.0891 0.0817 1.5591 0.1280 -118.9955 4.9954 2.1385 1.4837 -29.6850 4.2315 1.6552 21
vehicle.car 31.0760 1120.6569 -0.0800 0.8492 1.8009 2.4169 4.9047 2.1309 1.4801 -14.4892 13.7438 1.1386 17
vehicle.truck 15.2722 1121.2864 0.4060 -3.0034 0.7297 60.9002 6.5575 2.5166 2.5104 -14.4892 13.7438 1.1386 27
vehicle.car 30.4840 1161.0579 0.1846 -0.6663 0.4404 -28.9566 4.7997 2.0992 1.7192 -14.4893 13.7438 1.1386 19
vehicle.car 60.5428 1194.3649 0.7898 0.6535 0.2945 -119.0611 6.1926 2.4695 2.8623 -35.9966 0.3582 1.8276 7
vehicle.car 3.2632 1191.3601 0.1094 -0.9696 0.8970 -110.7580 4.6350 2.1608 1.6715 -24.9938 3.8062 1.5129 13
vehicle.car 66.5310 1144.9968 0.0793 0.4295 0.9151 151.0418 4.6350 2.1608 1.6713 -14.4892 13.7438 1.1386 16
vehicle.bus.rigid -6.1397 1074.2566 1.0997 1.1554 0.4521 -118.8775 12.0306 2.8726 3.5515 -41.0152 -2.8751 2.1087 31
vehicle.car 6.7882 1191.1431 0.0473 -0.8936 0.3159 73.3887 4.9145 2.1034 1.4979 -11.6158 16.0678 1.0445 32
vehicle.car 39.4264 1156.2678 0.1465 0.2017 0.9406 -118.9489 4.6350 2.1608 1.6762 -30.1088 3.9991 1.6202 26
vehicle.car 46.8954 1159.3219 0.1741 0.1000 0.7449 60.9999 4.7997 2.0992 1.7220 14.1618 31.7575 0.0252 22
vehicle.bus.rigid 45.9766 1209.7309 1.0650 0.2826 0.2544 -29.0708 12.0306 2.8726 3.5495 -14.4892 13.7438 1.1386 9
vehicle.car 26.3381 1112.9394 -0.0606 -1.0244 -1.3134 -177.5593 4.9145 2.1583 1.5012 -14.4892 13.7438 1.1385 18
vehicle.car 18.1511 1167.8535 0.0097 -0.6124 0.3771 -28.7504 4.8306 2.0307 1.4369 -7.6571 3.0020 0.9544 15
vehicle.car 9.4093 1177.6560 0.1776 -0.7320 0.2069 138.1598 4.7997 2.0992 1.7226 -17.3287 24.4458 1.2422 5
