vehicle.car 0.3339 1094.2098 -0.0437 2.1416 0.2876 -119.2723 4.3470 2.1044 1.6213 -14.4952 13.7593 1.0982 28
vehicle.car 57.9543 1149.7444 0.0089 0.5987 0.1161 151.1376 4.9145 2.1034 1.5079 -14.4952 13.7593 1.0981 4
vehicle.car 11.3089 1095.2949 0.0974 1.5597 0.0786 61.1438 4.9954 2.1385 1.4855 17.4721 33.8234 0.0806 29
vehicle.car 28.0294 1135.8032 0.0816 1.5190 0.1317 -118.9956 4.9954 2.1385 1.4837 -32.0545 2.7718 1.6637 21
vehicle.car 31.0760 1120.6571 -0.0800 0.8492 1.8009 2.4169 4.9047 2.1309 1.4801 -14.4952 13.7593 1.0981 17
vehicle.truck 15.2722 1121.2866 0.4060 -3.0034 0.7297 60.9002 6.5575 2.5166 2.5104 -14.4952 13.7593 1.0981 27
vehicle.car 30.4841 1161.0581 0.1846 -0.6663 0.4404 -28.9566 4.7997 2.0992 1.7192 -14.4952 13.7593 1.0982 19
vehicle.car 63.8962 1200.3851 0.7863 0.4216 0.6069 -118.9889 6.1926 2.4695 2.8623 -35.1148 0.8760 1.9790 7
vehicle.car 4.7417 1195.0832 0.1096 -1.2855 1.0127 -116.4471 4.6350 2.1608 1.6715 -26.1335 5.2526 1.4557 13
vehicle.car 66.5310 1144.9970 0.0793 0.4295 0.9151 151.0417 4.6350 2.1608 1.6713 -14.4952 13.7593 1.0981 16
vehicle.bus.rigid -1.9445 1081.8796 1.0941 1.8089 0.4123 -118.8928 12.0306 2.8726 3.5515 -41.0286 -2.8775 1.9382 31
vehicle.car 6.6823 1190.8722 0.0479 -0.9281 0.4274 74.5204 4.9145 2.1034 1.4979 -14.4917 13.7622 1.0967 32
vehicle.car 41.6438 1160.2726 0.1483 0.0642 0.9242 -118.9568 4.6350 2.1608 1.6762 -27.3452 5.6988 1.6208 26
vehicle.car 42.1794 1150.8395 0.1793 0.2453 0.4507 60.8316 4.7997 2.0992 1.7220 16.1219 32.8176 0.1309 22
vehicle.bus.rigid 45.9767 1209.7311 1.0650 0.2826 0.2544 -29.0708 12.0306 2.8726 3.5495 -14.4952 13.7593 1.0981 9
vehicle.car 26.3381 1112.9396 -0.0606 -1.0243 -1.3134 -177.5593 4.9145 2.1583 1.5012 -14.4952 13.7593 1.0982 18
vehicle.car 14.8340 1169.6686 0.0087 -0.7117 0.5255 -29.6463 4.8306 2.0307 1.4369 -6.7927 1.6097 0.8901 15
vehicle.car 11.8325 1175.5644 0.1626 -0.6224 0.3166 146.7642 4.7997 2.0992 1.7226 -19.5870 24.7507 1.2833 5
