vehicle.car 0.3338 1094.2091 -0.0437 2.1416 0.2876 -119.2723 4.3470 2.1044 1.6213 25.0706 12.7555 -0.1389 28
vehicle.car 57.9543 1149.7436 0.0089 0.5987 0.1161 151.1377 4.9145 2.1034 1.5079 25.0706 12.7556 -0.1389 4
vehicle.car 61.7811 1143.6344 0.0318 -0.0050 0.1283 -29.3786 4.9954 2.1385 1.4855 12.8452 0.2040 0.0563 29
vehicle.truck 41.3159 1159.6861 1.0382 0.1617 0.5942 -118.9734 8.8288 3.1457 3.5018 15.3311 22.1878 0.0681 25
vehicle.car 22.3122 1125.5117 0.0818 1.5893 0.0902 -118.9734 4.9954 2.1385 1.4837 25.0706 12.7556 -0.1389 21
vehicle.car 31.0760 1120.6564 -0.0800 0.8492 1.8009 2.4169 4.9047 2.1309 1.4801 25.0706 12.7556 -0.1389 17
vehicle.car 127.3428 1213.7305 0.8273 0.4114 0.2275 -85.8512 6.1926 2.4695 2.8623 25.0706 12.7556 -0.1389 11
vehicle.truck 15.2722 1121.2859 0.4060 -3.0034 0.7297 60.9002 6.5575 2.5166 2.5104 25.0706 12.7555 -0.1389 27
vehicle.car 30.4840 1161.0574 0.1846 -0.6663 0.4404 -28.9566 4.7997 2.0992 1.7192 25.0706 12.7556 -0.1389 19
vehicle.car 32.1231 1143.1307 0.8190 1.1251 0.5224 -119.0469 6.1926 2.4695 2.8623 23.2813 14.5267 -0.0961 7
vehicle.car 66.5309 1144.9963 0.0793 0.4295 0.9151 151.0418 4.6350 2.1608 1.6713 25.0706 12.7556 -0.1389 16
vehicle.bus.rigid 83.0625 1235.2537 1.0492 0.4334 0.0399 -115.1660 12.0306 2.8726 3.5489 9.1563 26.8494 0.6110 20
vehicle.car 66.8571 1205.7069 0.1615 0.4715 0.6447 -119.0342 4.7000 2.2032 1.7322 8.7110 28.6131 0.1123 24
vehicle.car 118.7122 1194.5498 0.0974 1.3927 0.2671 -119.0035 4.6495 2.1154 1.5585 25.0706 12.7556 -0.1390 12
vehicle.truck 84.9345 1227.9586 1.0198 0.2621 0.9932 60.9993 8.8288 3.1457 3.4955 25.0706 12.7556 -0.1389 30
vehicle.car 27.0115 1133.9665 0.1428 1.5559 0.9838 -118.8749 4.6350 2.1608 1.6762 25.0706 12.7556 -0.1389 26
vehicle.car 54.9713 1174.0049 0.1917 1.2349 0.4349 61.1692 4.7997 2.0992 1.7220 25.0706 12.7556 -0.1389 22
vehicle.bus.rigid 45.9766 1209.7303 1.0650 0.2826 0.2544 -29.0708 12.0306 2.8726 3.5495 25.0706 12.7555 -0.1389 9
vehicle.car 26.3381 1112.9388 -0.0606 -1.0243 -1.3134 -177.5593 4.9145 2.1583 1.5012 25.0706 12.7556 -0.1390 18
vehicle.car 53.4419 1181.5597 0.0910 0.7845 0.1697 -118.9823 4.9145 2.1034 1.5006 8.1157 29.1911 0.0985 14
vehicle.truck 123.7071 1203.5696 0.5847 1.5503 0.7343 -117.9518 6.5575 2.5166 2.5069 25.0706 12.7556 -0.1389 6
vehicle.car 57.3000 1178.2140 0.0465 1.2228 0.3871 61.1456 4.8306 2.0307 1.4361 25.0706 12.7556 -0.1389 2
vehicle.car 9.7031 1197.2322 0.1529 -0.7384 0.4208 62.2278 4.7997 2.0992 1.7226 37.9460 0.3657 -0.3359 5
