vehicle.car -59.3894 1227.7337 0.1117 0.3275 0.2639 34.0795 4.6495 2.1154 1.5596 0.4602 55.1930 -0.4705 3
vehicle.car 92.4210 1187.9586 0.0861 1.3281 0.0053 151.8019 4.9954 2.1385 1.4855 1.3385 27.9271 0.0686 29
vehicle.truck 37.8861 1153.4863 1.0343 0.1786 0.8987 -118.8788 8.8288 3.1457 3.5018 1.3385 27.9270 0.0686 25
vehicle.car 22.3121 1125.5123 0.0818 1.5894 0.0902 -118.9735 4.9954 2.1385 1.4837 1.3385 27.9270 0.0686 21
vehicle.car 127.3428 1213.7310 0.8273 0.4114 0.2275 -85.8512 6.1926 2.4695 2.8623 1.3385 27.9271 0.0686 11
vehicle.truck 15.2721 1121.2865 0.4060 -3.0034 0.7297 60.9001 6.5575 2.5166 2.5104 1.3385 27.9270 0.0686 27
vehicle.car 30.4839 1161.0580 0.1846 -0.6663 0.4404 -28.9566 4.7997 2.0992 1.7192 1.3385 27.9270 0.0687 19
vehicle.car 32.1029 1143.0952 0.8185 1.1199 0.3775 -119.0504 6.1926 2.4695 2.8623 1.3385 27.9271 0.0686 7
vehicle.car 14.9613 1169.6249 0.1202 -0.7338 1.0400 -29.7351 4.6350 2.1608 1.6715 1.3385 27.9270 0.0686 13
vehicle.truck 83.7565 1236.6691 0.5159 0.4504 0.6358 -114.5058 6.5575 2.5166 2.5270 1.3385 27.9270 0.0686 23
vehicle.bus.rigid 7.6795 1282.9077 1.1529 -0.2215 0.3923 68.6048 12.0306 2.8726 3.5515 -14.7944 47.2833 -0.4467 31
vehicle.bus.rigid 77.3164 1224.5916 1.0944 0.9725 0.5474 -118.7035 12.0306 2.8726 3.5489 1.3385 27.9271 0.0686 20
vehicle.car 26.2829 1218.7664 0.0687 0.6116 -0.2641 12.0464 4.9145 2.1034 1.4979 1.3385 27.9271 0.0686 32
vehicle.car 47.0798 1170.0863 0.2044 0.7211 0.5264 -118.9407 4.7000 2.2032 1.7322 1.3385 27.9271 0.0686 24
vehicle.car 118.7122 1194.5504 0.0974 1.3927 0.2671 -119.0035 4.6495 2.1154 1.5585 1.3385 27.9270 0.0686 12
vehicle.truck 84.9346 1227.9592 1.0198 0.2621 0.9932 60.9993 8.8288 3.1457 3.4955 1.3385 27.9270 0.0686 30
vehicle.car 54.9713 1174.0055 0.1917 1.2349 0.4349 61.1691 4.7997 2.0992 1.7220 1.3385 27.9271 0.0686 22
vehicle.bus.rigid 45.9766 1209.7310 1.0650 0.2826 0.2544 -29.0709 12.0306 2.8726 3.5495 1.3385 27.9271 0.0686 9
vehicle.car 43.3937 1163.4387 0.0604 0.3332 0.1749 -119.0707 4.9145 2.1034 1.5006 1.3385 27.9270 0.0686 14
vehicle.car 78.9248 1217.1263 0.1196 0.4488 0.3464 60.9308 4.3470 2.0651 1.5943 1.3385 27.9270 0.0686 10
vehicle.truck 123.7072 1203.5701 0.5847 1.5503 0.7343 -117.9518 6.5575 2.5166 2.5069 1.3385 27.9270 0.0686 6
vehicle.car 57.3000 1178.2146 0.0465 1.2228 0.3871 61.1455 4.8306 2.0307 1.4361 1.3385 27.9271 0.0686 2
vehicle.car 22.8707 1165.2622 0.0177 -0.5880 0.3521 -28.8021 4.8306 2.0307 1.4369 1.3385 27.9271 0.0686 15
vehicle.car 34.9888 1215.8494 0.0490 0.3273 -0.1851 -27.3213 4.9954 2.1385 1.4884 1.3385 27.9271 0.0686 8
vehicle.car 21.7363 1217.0644 0.1670 -0.1353 0.5257 48.2571 4.7997 2.0992 1.7226 1.3384 27.9270 0.0686 5
