vehicle.car 0.3339 1094.2097 -0.0437 2.1416 0.2876 -119.2722 4.3470 2.1044 1.6213 34.6986 7.6069 -0.2960 28
vehicle.car 57.9543 1149.7443 0.0089 0.5987 0.1161 151.1376 4.9145 2.1034 1.5079 34.6987 7.6069 -0.2960 4
vehicle.car 58.9806 1145.2039 0.0352 0.0212 0.1375 -29.5658 4.9954 2.1385 1.4855 22.3615 -1.7020 -0.0577 29
vehicle.truck 42.8652 1162.4819 1.0290 0.1343 0.6409 -118.9892 8.8288 3.1457 3.5018 22.9653 22.9488 0.1763 25
vehicle.car 22.3122 1125.5123 0.0818 1.5894 0.0902 -118.9734 4.9954 2.1385 1.4837 34.6987 7.6069 -0.2960 21
vehicle.car 31.0760 1120.6570 -0.0800 0.8492 1.8009 2.4169 4.9047 2.1309 1.4801 34.6987 7.6069 -0.2960 17
vehicle.car 127.3428 1213.7311 0.8273 0.4114 0.2275 -85.8512 6.1926 2.4695 2.8623 34.6987 7.6069 -0.2960 11
vehicle.truck 15.2722 1121.2865 0.4060 -3.0034 0.7297 60.9002 6.5575 2.5166 2.5104 34.6987 7.6069 -0.2960 27
vehicle.car 30.4840 1161.0580 0.1846 -0.6664 0.4404 -28.9566 4.7997 2.0992 1.7192 34.6987 7.6069 -0.2961 19
vehicle.car 32.9208 1144.5470 0.8227 0.9487 0.3751 -118.9593 6.1926 2.4695 2.8623 27.9896 16.3953 -0.0912 7
vehicle.car 66.5310 1144.9969 0.0793 0.4295 0.9151 151.0418 4.6350 2.1608 1.6713 34.6987 7.6069 -0.2960 16
vehicle.bus.rigid 84.8659 1239.1229 1.0325 0.6903 0.3962 -114.5759 12.0306 2.8726 3.5489 19.9843 24.0077 0.0784 20
vehicle.car 26.2830 1218.7663 0.0686 0.6117 -0.2607 12.0465 4.9145 2.1034 1.4979 34.6991 7.6081 -0.2946 32
vehicle.car 68.9854 1209.5348 0.1605 0.5202 0.6503 -119.0165 4.7000 2.2032 1.7322 21.1870 25.3220 -0.1406 24
vehicle.car 118.7122 1194.5504 0.0974 1.3927 0.2671 -119.0034 4.6495 2.1154 1.5585 34.6987 7.6069 -0.2960 12
vehicle.truck 84.9345 1227.9592 1.0198 0.2621 0.9932 60.9994 8.8288 3.1457 3.4955 34.6987 7.6069 -0.2960 30
vehicle.car 27.0115 1133.9672 0.1428 1.5559 0.9838 -118.8749 4.6350 2.1608 1.6762 34.6987 7.6069 -0.2960 26
vehicle.car 54.9713 1174.0055 0.1917 1.2349 0.4349 61.1692 4.7997 2.0992 1.7220 34.6987 7.6069 -0.2960 22
vehicle.bus.rigid 45.9766 1209.7310 1.0650 0.2826 0.2544 -29.0708 12.0306 2.8726 3.5495 34.6987 7.6069 -0.2960 9
vehicle.car 26.3381 1112.9394 -0.0606 -1.0244 -1.3134 -177.5593 4.9145 2.1583 1.5012 34.6986 7.6070 -0.2960 18
vehicle.car 55.7117 1185.6374 0.0566 0.4905 -0.5756 -118.9632 4.9145 2.1034 1.5006 20.0768 26.8677 0.9351 14
vehicle.car 78.9248 1217.1263 0.1196 0.4489 0.3464 60.9309 4.3470 2.0651 1.5943 34.6987 7.6069 -0.2960 10
vehicle.truck 123.7071 1203.5702 0.5847 1.5503 0.7343 -117.9518 6.5575 2.5166 2.5069 34.6987 7.6069 -0.2960 6
vehicle.car 57.3000 1178.2146 0.0465 1.2228 0.3871 61.1456 4.8306 2.0307 1.4361 34.6987 7.6069 -0.2960 2
vehicle.car 34.9888 1215.8494 0.0490 0.3274 -0.1852 -27.3212 4.9954 2.1385 1.4884 34.6987 7.6069 -0.2960 8
