vehicle.car 0.3339 1094.2097 -0.0437 2.1416 0.2876 -119.2723 4.3470 2.1044 1.6213 49.9136 1.6726 -0.1734 28
vehicle.car 57.9543 1149.7442 0.0089 0.5987 0.1161 151.1377 4.9145 2.1034 1.5079 49.9136 1.6726 -0.1734 4
vehicle.car 56.2181 1146.7771 0.0412 -0.0064 0.2061 -29.5596 4.9954 2.1385 1.4855 38.6158 -5.0672 -0.1759 29
vehicle.truck 45.0854 1166.5018 1.0349 0.3724 1.0515 -119.0121 8.8288 3.1457 3.5018 38.4939 19.8886 0.0029 25
vehicle.car 22.3122 1125.5123 0.0818 1.5893 0.0902 -118.9734 4.9954 2.1385 1.4837 49.9136 1.6726 -0.1734 21
vehicle.car 31.0760 1120.6570 -0.0800 0.8492 1.8009 2.4169 4.9047 2.1309 1.4801 49.9136 1.6726 -0.1735 17
vehicle.car 127.3428 1213.7311 0.8273 0.4114 0.2275 -85.8512 6.1926 2.4695 2.8623 49.9136 1.6726 -0.1734 11
vehicle.truck 15.2722 1121.2865 0.4060 -3.0034 0.7297 60.9002 6.5575 2.5166 2.5104 49.9136 1.6726 -0.1734 27
vehicle.car 30.4840 1161.0580 0.1846 -0.6663 0.4404 -28.9566 4.7997 2.0992 1.7192 49.9136 1.6725 -0.1735 19
vehicle.car 34.2776 1146.9638 0.8142 0.3674 -0.0393 -118.9000 6.1926 2.4695 2.8623 42.6819 13.1834 0.0150 7
vehicle.car 66.5310 1144.9969 0.0793 0.4295 0.9151 151.0418 4.6350 2.1608 1.6713 49.9136 1.6726 -0.1734 16
vehicle.bus.rigid 86.8734 1243.5012 1.0515 0.5457 0.7400 -114.5921 12.0306 2.8726 3.5489 37.2734 18.8639 -0.0729 20
vehicle.car 25.8549 1218.7511 0.0652 0.4489 -0.1521 15.2656 4.9145 2.1034 1.4979 46.4909 -5.4459 -0.1570 32
vehicle.car 71.4611 1213.9967 0.1553 0.5550 0.4695 -118.9877 4.7000 2.2032 1.7322 37.1172 22.1322 0.1904 24
vehicle.truck 84.9346 1227.9592 1.0198 0.2621 0.9932 60.9993 8.8288 3.1457 3.4955 49.9136 1.6726 -0.1734 30
vehicle.car 27.0115 1133.9671 0.1428 1.5559 0.9838 -118.8749 4.6350 2.1608 1.6762 49.9136 1.6726 -0.1732 26
vehicle.car 54.9713 1174.0055 0.1917 1.2349 0.4349 61.1692 4.7997 2.0992 1.7220 49.9136 1.6726 -0.1734 22
vehicle.bus.rigid 45.9766 1209.7309 1.0650 0.2826 0.2544 -29.0708 12.0306 2.8726 3.5495 49.9136 1.6726 -0.1734 9
vehicle.car 26.3381 1112.9394 -0.0607 -1.0244 -1.3134 -177.5593 4.9145 2.1583 1.5012 49.9136 1.6726 -0.1735 18
vehicle.car 58.3391 1190.3868 0.0568 0.7374 -0.0707 -118.9765 4.9145 2.1034 1.5006 36.8903 22.4679 0.0096 14
vehicle.car 78.9248 1217.1263 0.1197 0.4488 0.3464 60.9308 4.3470 2.0651 1.5943 49.9136 1.6726 -0.1734 10
vehicle.truck 123.7072 1203.5702 0.5847 1.5503 0.7343 -117.9518 6.5575 2.5166 2.5069 49.9136 1.6726 -0.1734 6
vehicle.car 57.3001 1178.2146 0.0465 1.2228 0.3871 61.1456 4.8306 2.0307 1.4361 49.9136 1.6726 -0.1735 2
vehicle.car 34.9889 1215.8493 0.0490 0.3274 -0.1852 -27.3212 4.9954 2.1385 1.4884 49.9136 1.6726 -0.1734 8
vehicle.car 6.7982 1191.1227 0.1569 -1.0062 0.6516 74.5440 4.7997 2.0992 1.7226 59.1047 -9.2464 -0.4207 5
