vehicle.car 57.9543 1149.7439 0.0089 0.5987 0.1161 151.1376 4.9145 2.1034 1.5079 -0.7593 34.9823 0.0726 4
vehicle.car 92.4210 1187.9583 0.0861 1.3281 0.0053 151.8019 4.9954 2.1385 1.4855 -0.7593 34.9823 0.0726 29
vehicle.truck 37.8861 1153.4860 1.0343 0.1786 0.8987 -118.8788 8.8288 3.1457 3.5018 -0.7593 34.9823 0.0726 25
vehicle.car 22.3121 1125.5120 0.0818 1.5894 0.0902 -118.9735 4.9954 2.1385 1.4837 -0.7593 34.9823 0.0726 21
vehicle.car 127.3428 1213.7308 0.8273 0.4114 0.2275 -85.8512 6.1926 2.4695 2.8623 -0.7593 34.9823 0.0726 11
vehicle.truck 15.2721 1121.2862 0.4060 -3.0034 0.7297 60.9001 6.5575 2.5166 2.5104 -0.7593 34.9823 0.0726 27
vehicle.car 30.4840 1161.0577 0.1846 -0.6663 0.4404 -28.9566 4.7997 2.0992 1.7192 -0.7593 34.9823 0.0725 19
vehicle.car 32.1030 1143.0949 0.8185 1.1199 0.3775 -119.0504 6.1926 2.4695 2.8623 -0.7593 34.9823 0.0726 7
vehicle.car 14.9613 1169.6246 0.1202 -0.7338 1.0400 -29.7350 4.6350 2.1608 1.6715 -0.7593 34.9823 0.0726 13
vehicle.truck 83.7565 1236.6688 0.5159 0.4504 0.6358 -114.5057 6.5575 2.5166 2.5270 -0.7593 34.9823 0.0726 23
vehicle.car 66.5309 1144.9966 0.0793 0.4295 0.9151 151.0417 4.6350 2.1608 1.6713 -0.7593 34.9823 0.0726 16
vehicle.bus.rigid -0.0552 1267.2577 1.1579 -0.3508 0.3871 54.5301 12.0306 2.8726 3.5515 -12.6746 57.1914 -0.4759 31
vehicle.bus.rigid 77.3164 1224.5913 1.0944 0.9725 0.5474 -118.7035 12.0306 2.8726 3.5489 -0.7593 34.9823 0.0726 20
vehicle.car 26.2829 1218.7661 0.0687 0.6116 -0.2641 12.0464 4.9145 2.1034 1.4979 -0.7593 34.9823 0.0726 32
vehicle.car 47.0798 1170.0860 0.2044 0.7211 0.5264 -118.9406 4.7000 2.2032 1.7322 -0.7593 34.9823 0.0726 24
vehicle.car 118.7122 1194.5501 0.0974 1.3927 0.2671 -119.0035 4.6495 2.1154 1.5585 -0.7593 34.9823 0.0726 12
vehicle.truck 84.9346 1227.9589 1.0198 0.2621 0.9932 60.9993 8.8288 3.1457 3.4955 -0.7593 34.9823 0.0726 30
vehicle.car 27.0114 1133.9668 0.1428 1.5559 0.9838 -118.8749 4.6350 2.1608 1.6762 -0.7593 34.9823 0.0726 26
vehicle.car 54.9713 1174.0052 0.1917 1.2349 0.4349 61.1692 4.7997 2.0992 1.7220 -0.7593 34.9823 0.0726 22
vehicle.bus.rigid 45.9766 1209.7307 1.0650 0.2826 0.2544 -29.0708 12.0306 2.8726 3.5495 -0.7593 34.9823 0.0726 9
vehicle.car 43.3937 1163.4384 0.0604 0.3332 0.1749 -119.0706 4.9145 2.1034 1.5006 -0.7593 34.9823 0.0726 14
vehicle.car 78.9248 1217.1261 0.1196 0.4488 0.3464 60.9308 4.3470 2.0651 1.5943 -0.7593 34.9823 0.0726 10
vehicle.truck 123.7072 1203.5699 0.5847 1.5503 0.7343 -117.9518 6.5575 2.5166 2.5069 -0.7593 34.9823 0.0726 6
vehicle.car 57.3000 1178.2143 0.0465 1.2228 0.3870 61.1456 4.8306 2.0307 1.4361 -0.7593 34.9823 0.0726 2
vehicle.car 22.8707 1165.2619 0.0177 -0.5879 0.3521 -28.8021 4.8306 2.0307 1.4369 -0.7593 34.9823 0.0727 15
vehicle.car 34.9888 1215.8491 0.0490 0.3274 -0.1852 -27.3213 4.9954 2.1385 1.4884 -0.7593 34.9823 0.0726 8
