vehicle.car 0.3338 1094.2090 -0.0437 2.1416 0.2876 -119.2723 4.3470 2.1044 1.6213 18.6584 20.3594 -0.0024 28
vehicle.car 57.9543 1149.7435 0.0089 0.5987 0.1161 151.1376 4.9145 2.1034 1.5079 18.6583 20.3594 -0.0024 4
vehicle.car 64.9273 1141.8865 0.0281 -0.0153 0.1460 -29.1165 4.9954 2.1385 1.4855 8.5864 3.7340 0.1581 29
vehicle.truck 40.2322 1157.7250 1.0439 0.1346 0.7731 -118.9449 8.8288 3.1457 3.5018 9.4174 25.9728 0.2397 25
vehicle.car 22.3122 1125.5116 0.0818 1.5894 0.0902 -118.9734 4.9954 2.1385 1.4837 18.6584 20.3594 -0.0024 21
vehicle.car 31.0760 1120.6563 -0.0800 0.8492 1.8009 2.4169 4.9047 2.1309 1.4801 18.6584 20.3594 -0.0024 17
vehicle.car 127.3428 1213.7303 0.8273 0.4114 0.2275 -85.8512 6.1926 2.4695 2.8623 18.6583 20.3594 -0.0024 11
vehicle.truck 15.2722 1121.2858 0.4060 -3.0034 0.7297 60.9001 6.5575 2.5166 2.5104 18.6583 20.3594 -0.0024 27
vehicle.car 32.1030 1143.0945 0.8185 1.1199 0.3775 -119.0504 6.1926 2.4695 2.8623 18.6586 20.3593 -0.0007 7
vehicle.car 66.5310 1144.9962 0.0793 0.4295 0.9151 151.0417 4.6350 2.1608 1.6713 18.6583 20.3594 -0.0024 16
vehicle.bus.rigid 81.3421 1231.9059 1.0618 0.6142 -0.1861 -116.7833 12.0306 2.8726 3.5489 3.9713 29.0382 0.2877 20
vehicle.car 26.2830 1218.7656 0.0687 0.6116 -0.2641 12.0464 4.9145 2.1034 1.4979 18.6583 20.3594 -0.0025 32
vehicle.car 64.6812 1201.7911 0.1638 0.4532 -0.1538 -119.0184 4.7000 2.2032 1.7322 -1.3156 32.5010 -0.0464 24
vehicle.car 118.7123 1194.5497 0.0974 1.3926 0.2671 -119.0035 4.6495 2.1154 1.5585 18.6583 20.3594 -0.0024 12
vehicle.truck 84.9346 1227.9585 1.0198 0.2621 0.9932 60.9993 8.8288 3.1457 3.4955 18.6583 20.3594 -0.0024 30
vehicle.car 27.0115 1133.9664 0.1428 1.5559 0.9838 -118.8749 4.6350 2.1608 1.6762 18.6584 20.3594 -0.0024 26
vehicle.car 54.9713 1174.0048 0.1917 1.2349 0.4349 61.1692 4.7997 2.0992 1.7220 18.6583 20.3594 -0.0024 22
vehicle.bus.rigid 45.9766 1209.7302 1.0650 0.2826 0.2544 -29.0708 12.0306 2.8726 3.5495 18.6583 20.3594 -0.0025 9
vehicle.car 26.3381 1112.9387 -0.0606 -1.0243 -1.3134 -177.5593 4.9145 2.1583 1.5012 18.6584 20.3594 -0.0024 18
vehicle.truck 123.7072 1203.5694 0.5847 1.5503 0.7343 -117.9518 6.5575 2.5166 2.5069 18.6583 20.3594 -0.0024 6
vehicle.car 57.3001 1178.2139 0.0465 1.2228 0.3871 61.1456 4.8306 2.0307 1.4361 18.6584 20.3594 -0.0024 2
vehicle.car 11.4374 1200.3637 0.1539 -0.5731 0.4473 61.0047 4.7997 2.0992 1.7226 34.7411 10.5158 -0.2708 5
