vehicle.car 57.9542 1149.7435 0.0089 0.5987 0.1162 151.1376 4.9145 2.1034 1.5079 -8.9269 8.3351 0.4893 4
vehicle.car 85.0597 1136.3951 0.0246 -0.1341 0.2358 13.2752 4.9954 2.1385 1.4855 7.4046 5.4414 -0.0116 29
vehicle.truck 37.8861 1153.4856 1.0343 0.1787 0.8988 -118.8788 8.8288 3.1457 3.5018 -8.9269 8.3351 0.4894 25
vehicle.car 127.3428 1213.7303 0.8273 0.4114 0.2275 -85.8512 6.1926 2.4695 2.8623 -8.9269 8.3351 0.4893 11
vehicle.truck 15.2721 1121.2857 0.4060 -3.0034 0.7297 60.9002 6.5575 2.5166 2.5104 -8.9269 8.3351 0.4893 27
vehicle.car 30.4840 1161.0572 0.1846 -0.6663 0.4403 -28.9566 4.7997 2.0992 1.7192 -8.9270 8.3350 0.4893 19
vehicle.car 32.1029 1143.0945 0.8185 1.1199 0.3775 -119.0504 6.1926 2.4695 2.8623 -8.9269 8.3351 0.4892 7
vehicle.car 66.5309 1144.9962 0.0793 0.4295 0.9151 151.0417 4.6350 2.1608 1.6713 -8.9269 8.3351 0.4893 16
vehicle.bus.rigid 77.3168 1224.5913 1.0938 0.9715 0.5252 -118.7038 12.0306 2.8726 3.5489 -8.9128 8.3433 0.5401 20
vehicle.car 51.1435 1177.4143 0.2101 0.7534 0.5664 -118.9694 4.7000 2.2032 1.7322 -26.6529 -2.7372 0.8949 24
vehicle.car 118.7122 1194.5496 0.0974 1.3927 0.2671 -119.0035 4.6495 2.1154 1.5585 -8.9269 8.3351 0.4893 12
vehicle.truck 84.9346 1227.9585 1.0198 0.2621 0.9932 60.9994 8.8288 3.1457 3.4955 -8.9269 8.3351 0.4893 30
vehicle.car 27.0114 1133.9664 0.1428 1.5559 0.9838 -118.8749 4.6350 2.1608 1.6762 -8.9269 8.3351 0.4893 26
vehicle.car 54.9713 1174.0047 0.1917 1.2349 0.4349 61.1692 4.7997 2.0992 1.7220 -8.9269 8.3351 0.4893 22
vehicle.bus.rigid 45.9766 1209.7302 1.0650 0.2826 0.2544 -29.0708 12.0306 2.8726 3.5495 -8.9269 8.3351 0.4893 9
vehicle.car 43.3937 1163.4380 0.0604 0.3332 0.1738 -119.0706 4.9145 2.1034 1.5006 -8.9264 8.3355 0.4924 14
vehicle.car 78.9248 1217.1256 0.1196 0.4488 0.3464 60.9309 4.3470 2.0651 1.5943 -8.9269 8.3351 0.4893 10
vehicle.truck 123.7071 1203.5694 0.5847 1.5503 0.7343 -117.9518 6.5575 2.5166 2.5069 -8.9269 8.3351 0.4893 6
vehicle.car 57.3000 1178.2138 0.0465 1.2228 0.3871 61.1456 4.8306 2.0307 1.4361 -8.9269 8.3351 0.4893 2
vehicle.car 22.8707 1165.2614 0.0177 -0.5880 0.3521 -28.8020 4.8306 2.0307 1.4369 -8.9269 8.3351 0.4893 15
