vehicle.car 57.9543 1149.7437 0.0089 0.5987 0.1161 151.1376 4.9145 2.1034 1.5079 -6.7469 5.7329 0.2923 4
vehicle.car 100.3000 1154.1812 -0.0087 1.1715 0.2312 61.1233 4.9954 2.1385 1.4855 13.1936 19.0910 -0.1281 29
vehicle.truck 37.8861 1153.4858 1.0343 0.1786 0.8987 -118.8788 8.8288 3.1457 3.5018 -6.7469 5.7329 0.2923 25
vehicle.car 22.3122 1125.5118 0.0818 1.5894 0.0902 -118.9734 4.9954 2.1385 1.4837 -6.7469 5.7329 0.2922 21
vehicle.car 31.0760 1120.6564 -0.0800 0.8492 1.8009 2.4169 4.9047 2.1309 1.4801 -6.7468 5.7329 0.2923 17
vehicle.car 127.3428 1213.7305 0.8273 0.4114 0.2275 -85.8512 6.1926 2.4695 2.8623 -6.7468 5.7329 0.2923 11
vehicle.car 30.4840 1161.0574 0.1846 -0.6663 0.4404 -28.9566 4.7997 2.0992 1.7192 -6.7468 5.7330 0.2922 19
vehicle.car 32.1030 1143.0946 0.8185 1.1199 0.3775 -119.0504 6.1926 2.4695 2.8623 -6.7469 5.7329 0.2923 7
vehicle.car 14.9613 1169.6243 0.1202 -0.7338 1.0400 -29.7350 4.6350 2.1608 1.6715 -6.7469 5.7329 0.2923 13
vehicle.car 66.5310 1144.9964 0.0793 0.4295 0.9151 151.0418 4.6350 2.1608 1.6713 -6.7468 5.7329 0.2923 16
vehicle.bus.rigid 77.3165 1224.5910 1.0944 0.9725 0.5474 -118.7035 12.0306 2.8726 3.5489 -6.7469 5.7329 0.2923 20
vehicle.car 47.0799 1170.0857 0.2044 0.7211 0.5264 -118.9406 4.7000 2.2032 1.7322 -6.7469 5.7329 0.2923 24
vehicle.car 118.7122 1194.5498 0.0974 1.3927 0.2671 -119.0034 4.6495 2.1154 1.5585 -6.7469 5.7329 0.2922 12
vehicle.truck 84.9346 1227.9587 1.0198 0.2621 0.9932 60.9994 8.8288 3.1457 3.4955 -6.7469 5.7329 0.2923 30
vehicle.car 27.0115 1133.9666 0.1428 1.5559 0.9838 -118.8749 4.6350 2.1608 1.6762 -6.7468 5.7329 0.2923 26
vehicle.car 54.9713 1174.0049 0.1917 1.2349 0.4349 61.1692 4.7997 2.0992 1.7220 -6.7468 5.7329 0.2923 22
vehicle.bus.rigid 45.9766 1209.7304 1.0650 0.2826 0.2544 -29.0708 12.0306 2.8726 3.5495 -6.7468 5.7329 0.2923 9
vehicle.car 26.3381 1112.9389 -0.0606 -1.0243 -1.3134 -177.5593 4.9145 2.1583 1.5012 -6.7469 5.7329 0.2922 18
vehicle.car 43.3938 1163.4382 0.0604 0.3332 0.1749 -119.0706 4.9145 2.1034 1.5006 -6.7468 5.7329 0.2923 14
vehicle.car 78.9248 1217.1258 0.1197 0.4489 0.3464 60.9308 4.3470 2.0651 1.5943 -6.7469 5.7329 0.2922 10
vehicle.truck 123.7072 1203.5696 0.5847 1.5503 0.7343 -117.9518 6.5575 2.5166 2.5069 -6.7469 5.7329 0.2923 6
vehicle.car 57.3001 1178.2140 0.0465 1.2228 0.3871 61.1456 4.8306 2.0307 1.4361 -6.7468 5.7329 0.2923 2
vehicle.car 22.8707 1165.2616 0.0177 -0.5880 0.3521 -28.8021 4.8306 2.0307 1.4369 -6.7468 5.7329 0.2923 15
