vehicle.car 57.9542 1149.7440 0.0089 0.5987 0.1161 151.1376 4.9145 2.1034 1.5079 0.8884 0.1948 0.2498 4
vehicle.car 107.1315 1167.3221 0.0055 0.0387 0.0708 66.4604 4.9954 2.1385 1.4855 6.8175 18.9441 0.0063 29
vehicle.truck 37.8861 1153.4860 1.0343 0.1786 0.8987 -118.8787 8.8288 3.1457 3.5018 0.8884 0.1949 0.2497 25
vehicle.car 127.3428 1213.7308 0.8273 0.4114 0.2275 -85.8512 6.1926 2.4695 2.8623 0.8884 0.1949 0.2497 11
vehicle.car 32.1030 1143.0949 0.8185 1.1199 0.3775 -119.0504 6.1926 2.4695 2.8623 0.8884 0.1949 0.2497 7
vehicle.truck 83.7565 1236.6688 0.5159 0.4504 0.6358 -114.5057 6.5575 2.5166 2.5270 0.8884 0.1949 0.2497 23
vehicle.car 66.5309 1144.9967 0.0793 0.4295 0.9151 151.0417 4.6350 2.1608 1.6713 0.8884 0.1949 0.2497 16
vehicle.bus.rigid 77.3164 1224.5913 1.0944 0.9725 0.5474 -118.7035 12.0306 2.8726 3.5489 0.8884 0.1949 0.2497 20
vehicle.car 26.2830 1218.7661 0.0687 0.6116 -0.2641 12.0464 4.9145 2.1034 1.4979 0.8884 0.1949 0.2497 32
vehicle.car 47.0798 1170.0860 0.2044 0.7211 0.5264 -118.9407 4.7000 2.2032 1.7322 0.8884 0.1949 0.2497 24
vehicle.car 118.7122 1194.5501 0.0974 1.3927 0.2671 -119.0035 4.6495 2.1154 1.5585 0.8884 0.1949 0.2497 12
vehicle.truck 84.9346 1227.9589 1.0198 0.2621 0.9932 60.9993 8.8288 3.1457 3.4955 0.8884 0.1949 0.2498 30
vehicle.car 54.9713 1174.0052 0.1917 1.2349 0.4349 61.1692 4.7997 2.0992 1.7220 0.8884 0.1949 0.2497 22
vehicle.bus.rigid 45.9766 1209.7307 1.0650 0.2826 0.2544 -29.0708 12.0306 2.8726 3.5495 0.8884 0.1949 0.2497 9
vehicle.car 26.3380 1112.9392 -0.0606 -1.0243 -1.3134 -177.5593 4.9145 2.1583 1.5012 0.8884 0.1949 0.2497 18
vehicle.car 43.3937 1163.4384 0.0604 0.3332 0.1749 -119.0706 4.9145 2.1034 1.5006 0.8884 0.1949 0.2497 14
vehicle.car 78.9248 1217.1261 0.1196 0.4488 0.3464 60.9308 4.3470 2.0651 1.5943 0.8884 0.1949 0.2497 10
vehicle.truck 123.7072 1203.5699 0.5847 1.5503 0.7343 -117.9518 6.5575 2.5166 2.5069 0.8884 0.1949 0.2497 6
vehicle.car 57.3000 1178.2143 0.0465 1.2228 0.3871 61.1456 4.8306 2.0307 1.4361 0.8884 0.1949 0.2497 2
vehicle.car 21.7363 1217.0641 0.1670 -0.1353 0.5257 48.2571 4.7997 2.0992 1.7226 0.8884 0.1949 0.2498 5
