vehicle.car 0.3339 1094.2093 -0.0437 2.1416 0.2876 -119.2722 4.3470 2.1044 1.6213 45.4438 4.5586 -0.2514 28
vehicle.car 57.9543 1149.7439 0.0089 0.5987 0.1161 151.1377 4.9145 2.1034 1.5079 45.4438 4.5586 -0.2514 4
vehicle.car 57.5416 1146.0181 0.0383 -0.0094 0.1861 -29.6113 4.9954 2.1385 1.4855 33.4917 -3.2699 -0.1272 29
vehicle.truck 43.9436 1164.4474 1.0325 0.4439 1.0499 -118.9903 8.8288 3.1457 3.5018 33.8348 21.8038 0.0400 25
vehicle.car 22.3122 1125.5119 0.0818 1.5894 0.0902 -118.9734 4.9954 2.1385 1.4837 45.4438 4.5586 -0.2514 21
vehicle.car 31.0760 1120.6566 -0.0801 0.8492 1.8009 2.4169 4.9047 2.1309 1.4801 45.4438 4.5586 -0.2514 17
vehicle.car 127.3429 1213.7307 0.8273 0.4114 0.2275 -85.8512 6.1926 2.4695 2.8623 45.4438 4.5586 -0.2514 11
vehicle.truck 15.2722 1121.2861 0.4060 -3.0034 0.7297 60.9002 6.5575 2.5166 2.5104 45.4438 4.5586 -0.2514 27
vehicle.car 30.4841 1161.0576 0.1846 -0.6663 0.4404 -28.9566 4.7997 2.0992 1.7192 45.4437 4.5586 -0.2514 19
vehicle.car 33.5714 1145.6880 0.8139 0.3949 0.0388 -118.9201 6.1926 2.4695 2.8623 38.4500 15.0291 -0.0032 7
vehicle.car 66.5310 1144.9966 0.0793 0.4295 0.9151 151.0418 4.6350 2.1608 1.6713 45.4438 4.5586 -0.2514 16
vehicle.bus.rigid 85.8867 1241.3248 1.0370 0.2781 0.5928 -114.5850 12.0306 2.8726 3.5489 31.9172 21.5417 0.1652 20
vehicle.car 26.2852 1218.7654 0.0693 0.6907 -0.1215 12.0481 4.9145 2.1034 1.4979 45.4892 4.5875 -0.2597 32
vehicle.car 70.1963 1211.7134 0.1601 0.4245 0.4392 -118.9983 4.7000 2.2032 1.7322 32.6869 23.6100 -0.0532 24
vehicle.car 118.7123 1194.5501 0.0975 1.3927 0.2671 -119.0034 4.6495 2.1154 1.5585 45.4438 4.5586 -0.2514 12
vehicle.truck 84.9346 1227.9589 1.0198 0.2621 0.9932 60.9994 8.8288 3.1457 3.4955 45.4438 4.5586 -0.2514 30
vehicle.car 27.0115 1133.9668 0.1428 1.5559 0.9838 -118.8748 4.6350 2.1608 1.6762 45.4438 4.5586 -0.2515 26
vehicle.car 54.9713 1174.0051 0.1917 1.2349 0.4348 61.1692 4.7997 2.0992 1.7220 45.4438 4.5586 -0.2514 22
vehicle.bus.rigid 45.9766 1209.7306 1.0650 0.2826 0.2544 -29.0708 12.0306 2.8726 3.5495 45.4438 4.5586 -0.2514 9
vehicle.car 26.3382 1112.9391 -0.0607 -1.0243 -1.3134 -177.5592 4.9145 2.1583 1.5012 45.4438 4.5586 -0.2514 18
vehicle.car 57.0198 1187.9983 0.0525 0.3433 0.6278 -118.9636 4.9145 2.1034 1.5006 31.7941 24.8405 0.1676 14
vehicle.car 78.9248 1217.1260 0.1197 0.4489 0.3464 60.9309 4.3470 2.0651 1.5943 45.4438 4.5586 -0.2514 10
vehicle.truck 123.7072 1203.5698 0.5847 1.5503 0.7343 -117.9518 6.5575 2.5166 2.5069 45.4438 4.5586 -0.2514 6
vehicle.car 57.3001 1178.2142 0.0465 1.2228 0.3870 61.1456 4.8306 2.0307 1.4361 45.4437 4.5586 -0.2514 2
