vehicle.car -17.4944 1056.9193 0.0699 0.4555 0.4298 -129.4896 4.6495 2.1154 1.5596 -38.6277 4.6064 1.9008 3
vehicle.car 57.9543 1149.7436 0.0089 0.5987 0.1161 151.1376 4.9145 2.1034 1.5079 -14.4738 13.6627 1.1126 4
vehicle.car 1.1914 1077.0091 0.0846 1.8255 0.1531 60.7540 4.9954 2.1385 1.4855 17.3871 33.4943 0.0757 29
vehicle.car 34.1375 1146.7022 0.0923 0.3005 -0.2604 -118.9911 4.9954 2.1385 1.4837 -34.1625 1.3176 1.6061 21
vehicle.car 31.0760 1120.6563 -0.0800 0.8492 1.8009 2.4169 4.9047 2.1309 1.4801 -14.4738 13.6627 1.1126 17
vehicle.truck 15.2722 1121.2858 0.4060 -3.0035 0.7298 60.9001 6.5575 2.5166 2.5104 -14.4738 13.6627 1.1125 27
vehicle.car 30.4840 1161.0573 0.1846 -0.6663 0.4404 -28.9566 4.7997 2.0992 1.7192 -14.4738 13.6627 1.1125 19
vehicle.bus.rigid 6.5114 1097.0997 1.0941 1.7991 0.3784 -118.9204 12.0306 2.8726 3.5515 -41.0323 -3.0171 1.9903 31
vehicle.car 48.1587 1172.0358 0.1563 0.7276 1.0259 -118.9528 4.6350 2.1608 1.6762 -37.1386 -0.5988 1.8496 26
vehicle.car 32.3333 1133.2448 0.1902 0.9620 0.8519 61.0347 4.7997 2.0992 1.7220 16.3286 33.0450 0.1170 22
vehicle.car 26.3381 1112.9388 -0.0606 -1.0243 -1.3134 -177.5593 4.9145 2.1583 1.5012 -14.4738 13.6627 1.1126 18
vehicle.car 18.2878 1171.7561 0.1563 -0.5269 0.6280 151.1871 4.7997 2.0992 1.7226 -24.3584 29.2492 1.4026 5
