vehicle.car 0.3338 1094.2097 -0.0437 2.1416 0.2876 -119.2723 4.3470 2.1044 1.6213 24.3531 13.7851 -0.1092 28
vehicle.car 57.9543 1149.7442 0.0089 0.5987 0.1161 151.1376 4.9145 2.1034 1.5079 24.3531 13.7851 -0.1091 4
vehicle.car 62.2100 1143.3958 0.0314 -0.0107 0.1260 -29.3446 4.9954 2.1385 1.4855 12.2807 0.6951 0.0702 29
vehicle.truck 41.1385 1159.3684 1.0390 0.2069 0.5997 -118.9670 8.8288 3.1457 3.5018 14.9689 22.4105 0.0501 25
vehicle.car 22.3122 1125.5123 0.0818 1.5894 0.0902 -118.9734 4.9954 2.1385 1.4837 24.3531 13.7851 -0.1091 21
vehicle.car 31.0760 1120.6569 -0.0800 0.8492 1.8009 2.4169 4.9047 2.1309 1.4801 24.3531 13.7851 -0.1091 17
vehicle.car 127.3428 1213.7310 0.8273 0.4114 0.2275 -85.8512 6.1926 2.4695 2.8623 24.3531 13.7851 -0.1091 11
vehicle.truck 15.2722 1121.2865 0.4060 -3.0034 0.7297 60.9002 6.5575 2.5166 2.5104 24.3531 13.7851 -0.1091 27
vehicle.car 32.1033 1143.0963 0.8191 1.1241 0.4899 -119.0483 6.1926 2.4695 2.8623 23.7960 14.3057 -0.0866 7
vehicle.car 66.5309 1144.9969 0.0793 0.4295 0.9151 151.0418 4.6350 2.1608 1.6713 24.3531 13.7851 -0.1091 16
vehicle.bus.rigid 82.8045 1234.7337 1.0577 0.4647 -0.1237 -115.3835 12.0306 2.8726 3.5489 8.4618 27.3205 0.4275 20
vehicle.car 66.5489 1205.1532 0.1604 0.5210 0.6288 -119.0265 4.7000 2.2032 1.7322 7.5366 29.2768 0.1186 24
vehicle.car 118.7122 1194.5504 0.0974 1.3927 0.2671 -119.0035 4.6495 2.1154 1.5585 24.3531 13.7851 -0.1091 12
vehicle.truck 84.9345 1227.9592 1.0198 0.2621 0.9932 60.9994 8.8288 3.1457 3.4955 24.3531 13.7851 -0.1091 30
vehicle.car 27.0115 1133.9671 0.1428 1.5559 0.9838 -118.8749 4.6350 2.1608 1.6762 24.3531 13.7851 -0.1091 26
vehicle.car 54.9713 1174.0055 0.1917 1.2349 0.4349 61.1692 4.7997 2.0992 1.7220 24.3531 13.7851 -0.1091 22
vehicle.bus.rigid 45.9766 1209.7309 1.0650 0.2826 0.2544 -29.0708 12.0306 2.8726 3.5495 24.3531 13.7851 -0.1091 9
vehicle.car 26.3381 1112.9394 -0.0606 -1.0243 -1.3134 -177.5593 4.9145 2.1583 1.5012 24.3531 13.7851 -0.1091 18
vehicle.car 53.1241 1180.9875 0.0913 0.7981 0.1994 -118.9720 4.9145 2.1034 1.5006 7.0317 29.7095 0.1889 14
vehicle.truck 123.7072 1203.5702 0.5847 1.5503 0.7343 -117.9518 6.5575 2.5166 2.5069 24.3531 13.7851 -0.1091 6
vehicle.car 57.3000 1178.2146 0.0465 1.2228 0.3871 61.1456 4.8306 2.0307 1.4361 24.3531 13.7851 -0.1091 2
vehicle.car 9.9428 1197.6706 0.1532 -0.7075 0.4319 61.9261 4.7997 2.0992 1.7226 37.6448 1.5946 -0.3132 5
