vehicle.car 0.3338 1094.2096 -0.0437 2.1416 0.2876 -119.2723 4.3470 2.1044 1.6213 -13.9884 13.3927 1.2130 28
vehicle.car 57.9543 1149.7442 0.0089 0.5987 0.1161 151.1376 4.9145 2.1034 1.5079 -13.9884 13.3927 1.2130 4
vehicle.car 23.0929 1116.5597 0.0896 1.4407 0.1166 61.0779 4.9954 2.1385 1.4855 18.5478 33.7094 -0.0153 29
vehicle.truck 69.2939 1210.1081 1.0046 0.5135 0.8382 -119.0109 8.8288 3.1457 3.5018 -32.2989 1.9950 1.9157 25
vehicle.car 22.8445 1126.4654 0.0819 1.5795 0.1548 -118.9920 4.9954 2.1385 1.4837 -23.2333 7.6326 1.5581 21
vehicle.car 31.0760 1120.6569 -0.0800 0.8492 1.8009 2.4169 4.9047 2.1309 1.4801 -13.9884 13.3926 1.2130 17
vehicle.truck 15.2722 1121.2864 0.4060 -3.0034 0.7297 60.9002 6.5575 2.5166 2.5104 -13.9884 13.3926 1.2130 27
vehicle.car 30.4840 1161.0579 0.1846 -0.6663 0.4404 -28.9566 4.7997 2.0992 1.7192 -13.9884 13.3926 1.2130 19
vehicle.car 56.0087 1186.1914 0.7885 0.5960 -0.3035 -118.9743 6.1926 2.4695 2.8623 -36.3086 -0.4305 2.9942 7
vehicle.car 2.3922 1186.2426 0.1247 -0.7543 0.6823 -96.3597 4.6350 2.1608 1.6715 -21.2754 1.0534 1.6463 13
vehicle.car 66.5309 1144.9969 0.0793 0.4295 0.9151 151.0418 4.6350 2.1608 1.6713 -13.9884 13.3927 1.2130 16
vehicle.bus.rigid -11.8784 1064.4983 1.0793 0.3260 0.6212 -121.7843 12.0306 2.8726 3.5515 -41.8018 -1.1484 2.1368 31
vehicle.car 7.8880 1193.6529 0.0430 -0.7744 0.2293 66.5790 4.9145 2.1034 1.4979 -4.9065 19.8215 0.8833 32
vehicle.car 35.9302 1149.9278 0.1375 -0.1767 0.6867 -118.9262 4.6350 2.1608 1.6762 -32.1916 1.9894 1.9212 26
vehicle.car 51.6523 1167.9691 0.1879 1.1506 0.7113 61.4723 4.7997 2.0992 1.7220 0.8180 22.7633 0.6710 22
vehicle.bus.rigid 45.9766 1209.7309 1.0650 0.2826 0.2544 -29.0708 12.0306 2.8726 3.5495 -13.9884 13.3927 1.2130 9
vehicle.car 26.3381 1112.9394 -0.0606 -1.0244 -1.3134 -177.5593 4.9145 2.1583 1.5012 -13.9884 13.3926 1.2130 18
vehicle.car 21.8280 1165.8372 0.0157 -0.6005 0.3921 -28.7861 4.8306 2.0307 1.4369 -8.5110 4.6721 1.1504 15
vehicle.car 31.7479 1217.5122 0.0560 0.3638 0.3431 -20.3024 4.9954 2.1385 1.4884 -7.1301 3.9312 1.0713 8
vehicle.car 7.3198 1180.3988 0.1882 -0.5143 0.8581 124.9596 4.7997 2.0992 1.7226 -13.8467 16.5695 1.1676 5
