vehicle.car 0.3338 1094.2098 -0.0437 2.1416 0.2876 -119.2723 4.3470 2.1044 1.6213 -5.8424 12.2568 0.2620 28
vehicle.car 57.9543 1149.7443 0.0089 0.5987 0.1161 151.1376 4.9145 2.1034 1.5079 -5.8424 12.2568 0.2620 4
vehicle.car 32.4491 1133.4582 0.0881 0.9679 0.4428 61.0305 4.9954 2.1385 1.4855 30.1754 25.8913 -0.3954 29
vehicle.truck 63.7069 1200.0369 1.0101 0.2715 0.7250 -119.0102 8.8288 3.1457 3.5018 -28.6638 3.6046 0.7199 25
vehicle.car 22.3122 1125.5124 0.0818 1.5894 0.0903 -118.9734 4.9954 2.1385 1.4837 -5.8424 12.2568 0.2620 21
vehicle.car 31.0760 1120.6570 -0.0800 0.8492 1.8009 2.4169 4.9047 2.1309 1.4801 -5.8424 12.2568 0.2620 17
vehicle.truck 15.2722 1121.2866 0.4060 -3.0034 0.7297 60.9001 6.5575 2.5166 2.5104 -5.8424 12.2568 0.2620 27
vehicle.car 30.4840 1161.0581 0.1846 -0.6663 0.4404 -28.9566 4.7997 2.0992 1.7192 -5.8424 12.2568 0.2619 19
vehicle.car 49.4745 1174.4232 0.8214 0.7312 0.2582 -118.9542 6.1926 2.4695 2.8623 -31.5349 2.5202 0.7434 7
vehicle.car 3.8668 1179.4067 0.1461 -0.7335 0.8507 -70.0548 4.6350 2.1608 1.6715 -9.1341 -1.1989 0.6074 13
vehicle.car 66.5310 1144.9970 0.0793 0.4295 0.9151 151.0418 4.6350 2.1608 1.6713 -5.8424 12.2568 0.2620 16
vehicle.car 11.5045 1200.4635 0.0445 -0.5463 0.1454 61.1895 4.9145 2.1034 1.4979 11.8112 18.9562 -0.0828 32
vehicle.truck 84.9346 1227.9593 1.0198 0.2621 0.9932 60.9993 8.8288 3.1457 3.4955 -5.8424 12.2568 0.2620 30
vehicle.car 30.8627 1140.8724 0.1484 1.3172 1.2672 -119.1714 4.6350 2.1608 1.6762 -22.9407 5.8649 0.5683 26
vehicle.car 54.5684 1173.2779 0.1912 1.2265 0.5172 61.2069 4.7997 2.0992 1.7220 1.4132 15.0087 0.1243 22
vehicle.bus.rigid 45.9766 1209.7310 1.0650 0.2826 0.2544 -29.0708 12.0306 2.8726 3.5495 -5.8424 12.2568 0.2620 9
vehicle.car 26.3381 1112.9395 -0.0606 -1.0243 -1.3134 -177.5593 4.9145 2.1583 1.5012 -5.8424 12.2568 0.2620 18
vehicle.truck 123.7072 1203.5702 0.5847 1.5503 0.7343 -117.9518 6.5575 2.5166 2.5069 -5.8424 12.2568 0.2620 6
vehicle.car 22.8708 1165.2623 0.0177 -0.5880 0.3522 -28.8021 4.8306 2.0307 1.4369 -5.8424 12.2568 0.2615 15
vehicle.car 34.9889 1215.8494 0.0490 0.3272 -0.1847 -27.3213 4.9954 2.1385 1.4884 -5.8406 12.2519 0.2572 8
vehicle.car 7.2530 1180.5214 0.1877 -0.6251 0.5128 124.2631 4.7997 2.0992 1.7226 -5.6741 12.9398 0.2432 5
