vehicle.car 57.9543 1149.7443 0.0089 0.5987 0.1161 151.1376 4.9145 2.1034 1.5079 -8.3023 8.4484 0.4914 4
vehicle.car 82.8849 1135.8453 0.0300 -0.2309 0.1363 3.9549 4.9954 2.1385 1.4855 6.3317 2.7425 0.0097 29
vehicle.truck 37.8861 1153.4863 1.0343 0.1787 0.8982 -118.8787 8.8288 3.1457 3.5018 -8.3023 8.4484 0.4915 25
vehicle.car 31.0760 1120.6570 -0.0800 0.8492 1.8009 2.4169 4.9047 2.1309 1.4801 -8.3023 8.4484 0.4914 17
vehicle.car 127.3428 1213.7311 0.8273 0.4114 0.2275 -85.8512 6.1926 2.4695 2.8623 -8.3023 8.4484 0.4914 11
vehicle.truck 15.2722 1121.2865 0.4060 -3.0034 0.7297 60.9001 6.5575 2.5166 2.5104 -8.3023 8.4484 0.4914 27
vehicle.car 30.4840 1161.0580 0.1846 -0.6663 0.4403 -28.9566 4.7997 2.0992 1.7192 -8.3024 8.4484 0.4914 19
vehicle.car 32.1030 1143.0952 0.8185 1.1199 0.3775 -119.0504 6.1926 2.4695 2.8623 -8.3023 8.4484 0.4914 7
vehicle.truck 84.3120 1237.8884 0.5152 0.5483 0.6627 -114.5175 6.5575 2.5166 2.5270 -16.2483 3.0681 0.7203 23
vehicle.car 66.5309 1144.9970 0.0793 0.4295 0.9151 151.0417 4.6350 2.1608 1.6713 -8.3023 8.4484 0.4914 16
vehicle.bus.rigid 77.3688 1224.6864 1.0944 0.9653 0.5775 -118.6997 12.0306 2.8726 3.5489 -10.5638 7.1643 0.5362 20
vehicle.car 26.2830 1218.7664 0.0687 0.6116 -0.2641 12.0465 4.9145 2.1034 1.4979 -8.3023 8.4484 0.4914 32
vehicle.car 52.5841 1180.0142 0.2120 0.7788 0.5698 -118.9772 4.7000 2.2032 1.7322 -27.3153 -2.3739 0.9762 24
vehicle.car 118.7122 1194.5504 0.0974 1.3926 0.2671 -119.0034 4.6495 2.1154 1.5585 -8.3023 8.4484 0.4914 12
vehicle.truck 84.9346 1227.9592 1.0198 0.2621 0.9932 60.9994 8.8288 3.1457 3.4955 -8.3023 8.4484 0.4914 30
vehicle.car 27.0115 1133.9672 0.1428 1.5559 0.9838 -118.8749 4.6350 2.1608 1.6762 -8.3023 8.4484 0.4914 26
vehicle.car 54.9713 1174.0055 0.1917 1.2349 0.4349 61.1692 4.7997 2.0992 1.7220 -8.3023 8.4484 0.4914 22
vehicle.bus.rigid 45.9766 1209.7310 1.0650 0.2826 0.2544 -29.0708 12.0306 2.8726 3.5495 -8.3023 8.4484 0.4914 9
vehicle.car 43.3931 1163.4371 0.0601 0.3259 0.2774 -119.0701 4.9145 2.1034 1.5006 -8.2514 8.4812 0.5262 14
vehicle.car 78.9248 1217.1263 0.1196 0.4488 0.3464 60.9309 4.3470 2.0651 1.5943 -8.3023 8.4484 0.4914 10
vehicle.truck 123.7072 1203.5702 0.5847 1.5503 0.7343 -117.9518 6.5575 2.5166 2.5069 -8.3023 8.4484 0.4914 6
vehicle.car 57.3000 1178.2146 0.0465 1.2228 0.3871 61.1456 4.8306 2.0307 1.4361 -8.3023 8.4485 0.4914 2
vehicle.car 22.8707 1165.2622 0.0177 -0.5880 0.3521 -28.8020 4.8306 2.0307 1.4369 -8.3022 8.4485 0.4913 15
vehicle.car 34.9889 1215.8494 0.0490 0.3273 -0.1852 -27.3212 4.9954 2.1385 1.4884 -8.3023 8.4484 0.4914 8
vehicle.car 20.6240 1215.8940 0.1666 -0.6628 0.2436 54.1290 4.7997 2.0992 1.7226 5.0093 12.6344 0.0581 5
