vehicle.car 57.9542 1149.7441 0.0089 0.5987 0.1161 151.1376 4.9145 2.1034 1.5079 -1.4865 0.0426 0.1954 4
vehicle.car 105.8992 1164.6222 0.0011 0.3021 0.0734 62.8781 4.9954 2.1385 1.4855 10.8127 19.3759 -0.0408 29
vehicle.truck 37.8861 1153.4861 1.0343 0.1786 0.8987 -118.8788 8.8288 3.1457 3.5018 -1.4865 0.0426 0.1954 25
vehicle.car 127.3428 1213.7309 0.8273 0.4114 0.2275 -85.8512 6.1926 2.4695 2.8623 -1.4865 0.0426 0.1954 11
vehicle.car 32.1029 1143.0950 0.8185 1.1199 0.3775 -119.0504 6.1926 2.4695 2.8623 -1.4865 0.0426 0.1954 7
vehicle.car 66.5309 1144.9967 0.0793 0.4295 0.9151 151.0417 4.6350 2.1608 1.6713 -1.4865 0.0426 0.1954 16
vehicle.bus.rigid 77.3164 1224.5914 1.0944 0.9725 0.5474 -118.7035 12.0306 2.8726 3.5489 -1.4865 0.0426 0.1954 20
vehicle.car 26.2829 1218.7662 0.0687 0.6116 -0.2641 12.0464 4.9145 2.1034 1.4979 -1.4865 0.0426 0.1954 32
vehicle.car 47.0798 1170.0861 0.2044 0.7211 0.5264 -118.9406 4.7000 2.2032 1.7322 -1.4865 0.0426 0.1954 24
vehicle.car 118.7122 1194.5502 0.0974 1.3926 0.2671 -119.0035 4.6495 2.1154 1.5585 -1.4865 0.0426 0.1953 12
vehicle.truck 84.9346 1227.9590 1.0198 0.2621 0.9932 60.9994 8.8288 3.1457 3.4955 -1.4865 0.0426 0.1954 30
vehicle.car 54.9713 1174.0053 0.1917 1.2349 0.4349 61.1692 4.7997 2.0992 1.7220 -1.4865 0.0426 0.1954 22
vehicle.bus.rigid 45.9766 1209.7308 1.0650 0.2826 0.2544 -29.0708 12.0306 2.8726 3.5495 -1.4865 0.0426 0.1954 9
vehicle.car 43.3937 1163.4385 0.0604 0.3331 0.1749 -119.0706 4.9145 2.1034 1.5006 -1.4865 0.0426 0.1954 14
vehicle.car 78.9248 1217.1262 0.1196 0.4488 0.3464 60.9308 4.3470 2.0651 1.5943 -1.4865 0.0426 0.1954 10
vehicle.truck 123.7072 1203.5700 0.5847 1.5503 0.7343 -117.9518 6.5575 2.5166 2.5069 -1.4865 0.0426 0.1954 6
vehicle.car 57.3000 1178.2144 0.0465 1.2228 0.3871 61.1456 4.8306 2.0307 1.4361 -1.4865 0.0426 0.1954 2
vehicle.car 21.7363 1217.0642 0.1670 -0.1353 0.5257 48.2572 4.7997 2.0992 1.7226 -1.4865 0.0426 0.1954 5
