vehicle.car 0.3338 1094.2091 -0.0437 2.1416 0.2876 -119.2722 4.3470 2.1044 1.6213 -13.1625 12.6371 1.2038 28
vehicle.car 57.9543 1149.7436 0.0089 0.5987 0.1161 151.1376 4.9145 2.1034 1.5079 -13.1626 12.6371 1.2038 4
vehicle.car 24.1279 1118.4255 0.0879 1.4779 0.1610 61.0909 4.9954 2.1385 1.4855 19.4499 32.9420 -0.1003 29
vehicle.truck 68.7081 1209.0546 1.0083 0.5378 0.8539 -119.0197 8.8288 3.1457 3.5018 -31.6619 1.1489 2.0137 25
vehicle.car 22.5718 1125.9744 0.0822 1.5813 0.2426 -118.9836 4.9954 2.1385 1.4837 -20.7028 7.9618 1.4881 21
vehicle.car 31.0760 1120.6564 -0.0800 0.8492 1.8009 2.4169 4.9047 2.1309 1.4801 -13.1626 12.6371 1.2038 17
vehicle.truck 15.2722 1121.2859 0.4060 -3.0034 0.7297 60.9002 6.5575 2.5166 2.5104 -13.1625 12.6371 1.2038 27
vehicle.car 30.4840 1161.0574 0.1846 -0.6663 0.4404 -28.9566 4.7997 2.0992 1.7192 -13.1626 12.6371 1.2039 19
vehicle.car 55.3047 1184.9127 0.7980 0.3516 -0.6339 -119.0152 6.1926 2.4695 2.8623 -35.6029 -1.3528 1.8889 7
vehicle.car 2.3914 1185.4473 0.1282 -0.7064 0.6739 -93.8474 4.6350 2.1608 1.6715 -19.8553 0.0098 1.6641 13
vehicle.car 66.5310 1144.9963 0.0793 0.4295 0.9151 151.0418 4.6350 2.1608 1.6713 -13.1626 12.6371 1.2038 16
vehicle.bus.rigid -12.8362 1063.0410 1.0674 0.0203 0.5755 -122.7439 12.0306 2.8726 3.5515 -41.3345 -1.2543 2.0445 31
vehicle.car 8.1710 1194.2362 0.0430 -0.7887 0.1914 65.5682 4.9145 2.1034 1.4979 -3.0973 19.4704 0.7981 32
vehicle.car 35.3509 1148.8741 0.1405 -0.4272 0.7605 -118.9589 4.6350 2.1608 1.6762 -31.5806 1.1123 1.9866 26
vehicle.car 52.0833 1168.7577 0.1880 1.1629 0.5898 61.4687 4.7997 2.0992 1.7220 -0.0382 20.9322 0.7240 22
vehicle.bus.rigid 45.9766 1209.7303 1.0650 0.2826 0.2544 -29.0708 12.0306 2.8726 3.5495 -13.1625 12.6371 1.2038 9
vehicle.car 26.3381 1112.9388 -0.0606 -1.0243 -1.3134 -177.5593 4.9145 2.1583 1.5012 -13.1625 12.6371 1.2038 18
vehicle.car 78.9248 1217.1257 0.1196 0.4488 0.3464 60.9309 4.3470 2.0651 1.5943 -13.1626 12.6371 1.2039 10
vehicle.car 22.2902 1165.5820 0.0174 -0.5922 0.5413 -28.8028 4.8306 2.0307 1.4369 -8.7741 5.6258 1.1876 15
vehicle.car 32.3343 1217.2394 0.0481 0.4356 0.4472 -21.9452 4.9954 2.1385 1.4884 -6.5450 3.1800 1.0250 8
vehicle.car 7.2794 1180.4729 0.1881 -0.5221 0.8068 124.5583 4.7997 2.0992 1.7226 -13.1659 12.7609 1.2095 5
