vehicle.car 57.9543 1149.7443 0.0089 0.5987 0.1161 151.1376 4.9145 2.1034 1.5079 -9.4659 8.7045 0.6957 4
vehicle.car 86.7926 1137.0728 0.0185 -0.1592 0.3089 19.9291 4.9954 2.1385 1.4855 7.3425 7.7580 0.1547 29
vehicle.truck 37.8861 1153.4864 1.0343 0.1787 0.8987 -118.8787 8.8288 3.1457 3.5018 -9.4660 8.7045 0.6956 25
vehicle.car 22.3122 1125.5124 0.0818 1.5894 0.0902 -118.9734 4.9954 2.1385 1.4837 -9.4660 8.7045 0.6957 21
vehicle.car 31.0760 1120.6570 -0.0800 0.8492 1.8009 2.4169 4.9047 2.1309 1.4801 -9.4659 8.7045 0.6957 17
vehicle.car 127.3428 1213.7311 0.8273 0.4114 0.2275 -85.8512 6.1926 2.4695 2.8623 -9.4660 8.7045 0.6957 11
vehicle.truck 15.2722 1121.2865 0.4060 -3.0034 0.7297 60.9002 6.5575 2.5166 2.5104 -9.4660 8.7045 0.6957 27
vehicle.car 30.4840 1161.0580 0.1846 -0.6664 0.4404 -28.9566 4.7997 2.0992 1.7192 -9.4659 8.7045 0.6956 19
vehicle.car 32.1030 1143.0952 0.8185 1.1199 0.3775 -119.0504 6.1926 2.4695 2.8623 -9.4660 8.7045 0.6956 7
vehicle.truck 83.7563 1236.6696 0.5120 0.4511 0.6141 -114.5055 6.5575 2.5166 2.5270 -9.3657 8.7743 0.8415 23
vehicle.car 66.5309 1144.9970 0.0793 0.4295 0.9151 151.0418 4.6350 2.1608 1.6713 -9.4659 8.7045 0.6957 16
vehicle.bus.rigid 77.3163 1224.5915 1.0941 0.9726 0.5590 -118.7032 12.0306 2.8726 3.5489 -9.4674 8.7033 0.6735 20
vehicle.car 26.2830 1218.7664 0.0687 0.6116 -0.2641 12.0465 4.9145 2.1034 1.4979 -9.4659 8.7045 0.6957 32
vehicle.car 50.0467 1175.4352 0.2084 0.7448 0.6095 -118.9591 4.7000 2.2032 1.7322 -26.0687 -1.9260 1.2078 24
vehicle.car 118.7122 1194.5505 0.0974 1.3927 0.2671 -119.0034 4.6495 2.1154 1.5585 -9.4659 8.7045 0.6957 12
vehicle.truck 84.9346 1227.9593 1.0198 0.2621 0.9932 60.9994 8.8288 3.1457 3.4955 -9.4660 8.7045 0.6957 30
vehicle.car 27.0115 1133.9672 0.1428 1.5559 0.9838 -118.8749 4.6350 2.1608 1.6762 -9.4659 8.7045 0.6957 26
vehicle.car 54.9713 1174.0055 0.1917 1.2349 0.4349 61.1692 4.7997 2.0992 1.7220 -9.4659 8.7045 0.6957 22
vehicle.bus.rigid 45.9766 1209.7310 1.0650 0.2826 0.2544 -29.0708 12.0306 2.8726 3.5495 -9.4660 8.7045 0.6957 9
vehicle.car 26.3381 1112.9395 -0.0607 -1.0244 -1.3134 -177.5593 4.9145 2.1583 1.5012 -9.4660 8.7045 0.6956 18
vehicle.car 43.3938 1163.4388 0.0604 0.3332 0.1749 -119.0706 4.9145 2.1034 1.5006 -9.4659 8.7045 0.6959 14
vehicle.car 78.9248 1217.1264 0.1196 0.4489 0.3464 60.9309 4.3470 2.0651 1.5943 -9.4660 8.7045 0.6957 10
vehicle.truck 123.7072 1203.5702 0.5847 1.5504 0.7343 -117.9518 6.5575 2.5166 2.5069 -9.4660 8.7045 0.6957 6
vehicle.car 57.3000 1178.2146 0.0465 1.2228 0.3871 61.1456 4.8306 2.0307 1.4361 -9.4660 8.7045 0.6957 2
vehicle.car 22.8707 1165.2622 0.0177 -0.5880 0.3521 -28.8020 4.8306 2.0307 1.4369 -9.4659 8.7045 0.6957 15
vehicle.car 34.9889 1215.8494 0.0490 0.3273 -0.1852 -27.3212 4.9954 2.1385 1.4884 -9.4659 8.7045 0.6957 8
vehicle.car 21.7380 1217.0655 0.1668 -0.1048 0.6454 48.2570 4.7997 2.0992 1.7226 -9.5138 8.7006 0.7199 5
