vehicle.car 0.3338 1094.2096 -0.0437 2.1416 0.2876 -119.2723 4.3470 2.1044 1.6213 7.2450 16.3734 -0.1522 28
vehicle.car 57.9543 1149.7441 0.0089 0.5987 0.1161 151.1376 4.9145 2.1034 1.5079 7.2451 16.3734 -0.1522 4
vehicle.car 38.7113 1144.1385 0.0723 0.2536 0.0928 56.0750 4.9954 2.1385 1.4855 35.6500 9.0976 -0.6732 29
vehicle.truck 59.3003 1192.1502 1.0194 0.8596 0.7449 -119.0151 8.8288 3.1457 3.5018 -18.0065 19.8845 0.2817 25
vehicle.car 22.3122 1125.5122 0.0818 1.5894 0.0902 -118.9734 4.9954 2.1385 1.4837 7.2450 16.3734 -0.1522 21
vehicle.car 31.0760 1120.6568 -0.0800 0.8492 1.8009 2.4169 4.9047 2.1309 1.4801 7.2450 16.3734 -0.1522 17
vehicle.car 127.3428 1213.7309 0.8273 0.4114 0.2275 -85.8512 6.1926 2.4695 2.8623 7.2450 16.3734 -0.1523 11
vehicle.truck 15.2722 1121.2863 0.4060 -3.0034 0.7297 60.9002 6.5575 2.5166 2.5104 7.2450 16.3734 -0.1522 27
vehicle.car 30.4840 1161.0578 0.1846 -0.6663 0.4404 -28.9566 4.7997 2.0992 1.7192 7.2451 16.3735 -0.1523 19
vehicle.car 44.6181 1165.6711 0.8070 0.6131 0.6849 -118.9787 6.1926 2.4695 2.8623 -19.7628 20.1046 0.2017 7
vehicle.car 6.6540 1175.4145 0.1419 -0.7796 1.0890 -52.6620 4.6350 2.1608 1.6715 1.3679 4.7285 0.1777 13
vehicle.car 66.5310 1144.9968 0.0793 0.4295 0.9151 151.0418 4.6350 2.1608 1.6713 7.2450 16.3734 -0.1522 16
vehicle.car 14.9346 1206.6428 0.0445 -0.3945 0.2878 60.9692 4.9145 2.1034 1.4979 25.7945 13.8382 -0.4881 32
vehicle.car 85.7232 1240.9698 0.1342 0.7774 0.6660 -114.5640 4.7000 2.2032 1.7322 -17.5436 17.9043 0.1201 24
vehicle.truck 84.9346 1227.9591 1.0198 0.2621 0.9932 60.9993 8.8288 3.1457 3.4955 7.2450 16.3734 -0.1523 30
vehicle.car 28.1826 1136.0678 0.1424 1.5098 1.1637 -118.9899 4.6350 2.1608 1.6762 -4.6912 18.0230 0.0093 26
vehicle.car 54.9713 1174.0053 0.1917 1.2349 0.4352 61.1692 4.7997 2.0992 1.7220 7.2450 16.3735 -0.1528 22
vehicle.bus.rigid 45.9766 1209.7308 1.0650 0.2826 0.2544 -29.0708 12.0306 2.8726 3.5495 7.2450 16.3734 -0.1522 9
vehicle.car 26.3381 1112.9393 -0.0606 -1.0244 -1.3134 -177.5593 4.9145 2.1583 1.5012 7.2450 16.3734 -0.1523 18
vehicle.car 78.9248 1217.1262 0.1196 0.4489 0.3464 60.9309 4.3470 2.0651 1.5943 7.2450 16.3734 -0.1522 10
vehicle.truck 123.7072 1203.5700 0.5847 1.5503 0.7343 -117.9518 6.5575 2.5166 2.5069 7.2450 16.3734 -0.1522 6
vehicle.car 57.3001 1178.2144 0.0465 1.2228 0.3865 61.1456 4.8306 2.0307 1.4361 7.2443 16.3735 -0.1450 2
vehicle.car 22.8707 1165.2621 0.0177 -0.5880 0.3521 -28.8020 4.8306 2.0307 1.4369 7.2450 16.3734 -0.1522 15
vehicle.car 6.9600 1181.1111 0.1870 -0.6182 0.5834 121.1362 4.7997 2.0992 1.7226 9.4266 18.5273 -0.2481 5
