vehicle.car 0.3339 1094.2092 -0.0437 2.1416 0.2876 -119.2722 4.3470 2.1044 1.6213 50.3699 2.0940 -0.1653 28
vehicle.car 57.9544 1149.7438 0.0089 0.5987 0.1161 151.1376 4.9145 2.1034 1.5079 50.3699 2.0940 -0.1652 4
vehicle.car 56.5382 1146.5917 0.0398 -0.0134 0.2018 -29.6219 4.9954 2.1385 1.4855 38.8965 -4.8894 -0.1070 29
vehicle.truck 44.7968 1165.9808 1.0332 0.3724 1.0714 -119.0087 8.8288 3.1457 3.5018 38.9879 20.1440 0.1097 25
vehicle.car 22.3123 1125.5119 0.0818 1.5894 0.0902 -118.9734 4.9954 2.1385 1.4837 50.3699 2.0940 -0.1652 21
vehicle.car 31.0761 1120.6565 -0.0800 0.8492 1.8009 2.4169 4.9047 2.1309 1.4801 50.3699 2.0940 -0.1652 17
vehicle.car 127.3429 1213.7307 0.8273 0.4114 0.2275 -85.8512 6.1926 2.4695 2.8623 50.3699 2.0940 -0.1652 11
vehicle.truck 15.2723 1121.2860 0.4060 -3.0034 0.7298 60.9002 6.5575 2.5166 2.5104 50.3699 2.0940 -0.1652 27
vehicle.car 30.4841 1161.0575 0.1846 -0.6663 0.4404 -28.9566 4.7997 2.0992 1.7192 50.3699 2.0940 -0.1652 19
vehicle.car 34.0974 1146.6353 0.8137 0.3368 -0.0370 -118.8988 6.1926 2.4695 2.8623 43.2089 13.3710 -0.0127 7
vehicle.car 66.5310 1144.9965 0.0793 0.4295 0.9151 151.0418 4.6350 2.1608 1.6713 50.3699 2.0940 -0.1652 16
vehicle.bus.rigid 86.6191 1242.9649 1.0436 0.8227 0.6874 -114.5874 12.0306 2.8726 3.5489 37.6042 19.3217 -0.0830 20
vehicle.car 26.0575 1218.7644 0.0662 0.4150 -0.0682 13.6785 4.9145 2.1034 1.4979 47.1830 -3.7232 -0.1740 32
vehicle.car 71.1397 1213.4155 0.1586 0.4875 0.2680 -118.9926 4.7000 2.2032 1.7322 37.6537 22.2110 0.3859 24
vehicle.truck 84.9346 1227.9588 1.0198 0.2621 0.9932 60.9994 8.8288 3.1457 3.4955 50.3699 2.0940 -0.1652 30
vehicle.car 27.0116 1133.9667 0.1428 1.5559 0.9838 -118.8748 4.6350 2.1608 1.6762 50.3699 2.0940 -0.1651 26
vehicle.car 54.9714 1174.0051 0.1917 1.2349 0.4349 61.1693 4.7997 2.0992 1.7220 50.3699 2.0940 -0.1652 22
vehicle.bus.rigid 45.9767 1209.7305 1.0650 0.2826 0.2544 -29.0707 12.0306 2.8726 3.5495 50.3699 2.0940 -0.1652 9
vehicle.car 26.3382 1112.9390 -0.0606 -1.0244 -1.3134 -177.5592 4.9145 2.1583 1.5012 50.3699 2.0940 -0.1653 18
vehicle.car 58.0081 1189.7889 0.0483 0.6935 0.2258 -118.9704 4.9145 2.1034 1.5006 37.2441 22.8346 -0.3849 14
vehicle.car 78.9248 1217.1259 0.1196 0.4488 0.3464 60.9309 4.3470 2.0651 1.5943 50.3699 2.0940 -0.1652 10
vehicle.truck 123.7072 1203.5698 0.5847 1.5503 0.7343 -117.9518 6.5575 2.5166 2.5069 50.3699 2.0940 -0.1652 6
vehicle.car 57.3001 1178.2142 0.0465 1.2228 0.3871 61.1456 4.8306 2.0307 1.4361 50.3699 2.0940 -0.1653 2
vehicle.car 6.9374 1191.4975 0.1560 -0.9481 0.6145 73.2499 4.7997 2.0992 1.7226 59.6228 -9.1537 -0.4155 5
