vehicle.car 0.3338 1094.2090 -0.0437 2.1416 0.2876 -119.2723 4.3470 2.1044 1.6213 -14.4938 13.7457 1.0904 28
vehicle.car 57.9543 1149.7436 0.0089 0.5987 0.1161 151.1376 4.9145 2.1034 1.5079 -14.4939 13.7457 1.0904 4
vehicle.car 8.7772 1090.7082 0.0939 1.6946 0.0331 61.2192 4.9954 2.1385 1.4855 17.3633 33.8167 0.1113 29
vehicle.car 29.4753 1138.3997 0.0829 1.4579 0.1518 -119.0577 4.9954 2.1385 1.4837 -33.2476 2.0548 1.6643 21
vehicle.car 31.0760 1120.6563 -0.0800 0.8492 1.8009 2.4169 4.9047 2.1309 1.4801 -14.4939 13.7457 1.0904 17
vehicle.truck 15.2722 1121.2858 0.4060 -3.0034 0.7297 60.9001 6.5575 2.5166 2.5104 -14.4938 13.7457 1.0904 27
vehicle.car 30.4840 1161.0573 0.1846 -0.6663 0.4404 -28.9566 4.7997 2.0992 1.7192 -14.4938 13.7457 1.0904 19
vehicle.car 66.5310 1144.9963 0.0793 0.4295 0.9151 151.0418 4.6350 2.1608 1.6713 -14.4938 13.7457 1.0904 16
vehicle.bus.rigid 0.1666 1085.6838 1.0956 1.7953 0.3891 -118.9399 12.0306 2.8726 3.5515 -41.0384 -2.8690 1.9519 31
vehicle.car 42.8909 1162.5346 0.1267 0.4478 1.3354 -118.9701 4.6350 2.1608 1.6762 -33.3067 1.9519 1.8133 26
vehicle.car 39.7219 1146.4460 0.1741 0.0053 0.4876 60.7331 4.7997 2.0992 1.7220 16.2831 32.8626 0.0673 22
vehicle.car 26.3381 1112.9388 -0.0606 -1.0243 -1.3134 -177.5593 4.9145 2.1583 1.5012 -14.4938 13.7457 1.0904 18
