vehicle.car 57.9542 1149.7436 0.0089 0.5987 0.1162 151.1376 4.9145 2.1034 1.5079 0.0218 -0.0231 -0.0017 4
vehicle.car 91.8280 1140.4574 0.0028 -0.6558 0.1402 39.3804 4.9954 2.1385 1.4855 13.9260 4.1953 -0.3799 29
vehicle.truck 37.8860 1153.4856 1.0343 0.1787 0.8987 -118.8788 8.8288 3.1457 3.5018 0.0218 -0.0231 -0.0017 25
vehicle.car 127.3428 1213.7304 0.8273 0.4114 0.2275 -85.8512 6.1926 2.4695 2.8623 0.0218 -0.0231 -0.0017 11
vehicle.truck 15.2721 1121.2858 0.4060 -3.0034 0.7297 60.9002 6.5575 2.5166 2.5104 0.0218 -0.0231 -0.0017 27
vehicle.car 30.4839 1161.0573 0.1846 -0.6663 0.4404 -28.9566 4.7997 2.0992 1.7192 0.0217 -0.0231 -0.0017 19
vehicle.car 32.1029 1143.0945 0.8185 1.1199 0.3775 -119.0504 6.1926 2.4695 2.8623 0.0218 -0.0231 -0.0017 7
vehicle.car 66.5309 1144.9963 0.0793 0.4295 0.9151 151.0418 4.6350 2.1608 1.6713 0.0218 -0.0231 -0.0017 16
vehicle.bus.rigid 77.3164 1224.5909 1.0944 0.9725 0.5478 -118.7035 12.0306 2.8726 3.5489 0.0218 -0.0231 -0.0017 20
vehicle.car 26.2829 1218.7657 0.0687 0.6116 -0.2641 12.0464 4.9145 2.1034 1.4979 0.0218 -0.0231 -0.0017 32
vehicle.car 47.1917 1170.2854 0.2047 0.7150 0.8847 -118.9433 4.7000 2.2032 1.7322 -4.8552 -3.1600 0.1474 24
vehicle.car 118.7122 1194.5497 0.0974 1.3927 0.2671 -119.0035 4.6495 2.1154 1.5585 0.0218 -0.0231 -0.0017 12
vehicle.truck 84.9345 1227.9585 1.0198 0.2621 0.9932 60.9994 8.8288 3.1457 3.4955 0.0218 -0.0231 -0.0017 30
vehicle.car 27.0114 1133.9665 0.1428 1.5559 0.9838 -118.8749 4.6350 2.1608 1.6762 0.0218 -0.0231 -0.0017 26
vehicle.car 54.9712 1174.0048 0.1917 1.2349 0.4349 61.1692 4.7997 2.0992 1.7220 0.0218 -0.0231 -0.0017 22
vehicle.bus.rigid 45.9765 1209.7303 1.0650 0.2826 0.2544 -29.0708 12.0306 2.8726 3.5495 0.0218 -0.0231 -0.0017 9
vehicle.car 43.3937 1163.4380 0.0604 0.3332 0.1749 -119.0706 4.9145 2.1034 1.5006 0.0218 -0.0231 -0.0017 14
vehicle.car 78.9247 1217.1257 0.1196 0.4488 0.3464 60.9309 4.3470 2.0651 1.5943 0.0218 -0.0231 -0.0017 10
vehicle.truck 123.7071 1203.5695 0.5847 1.5503 0.7343 -117.9518 6.5575 2.5166 2.5069 0.0218 -0.0231 -0.0017 6
vehicle.car 57.3000 1178.2139 0.0465 1.2228 0.3871 61.1456 4.8306 2.0307 1.4361 0.0218 -0.0231 -0.0017 2
vehicle.car 34.9888 1215.8487 0.0490 0.3273 -0.1852 -27.3212 4.9954 2.1385 1.4884 0.0218 -0.0231 -0.0016 8
vehicle.car 21.7362 1217.0636 0.1670 -0.1353 0.5257 48.2572 4.7997 2.0992 1.7226 0.0218 -0.0231 -0.0017 5
