vehicle.car 57.9542 1149.7445 0.0089 0.5987 0.1161 151.1375 4.9145 2.1034 1.5079 -0.7330 32.9185 -0.0242 4
vehicle.car 92.4210 1187.9588 0.0861 1.3281 0.0053 151.8019 4.9954 2.1385 1.4855 -0.7330 32.9185 -0.0242 29
vehicle.truck 37.8861 1153.4866 1.0343 0.1786 0.8987 -118.8788 8.8288 3.1457 3.5018 -0.7330 32.9185 -0.0242 25
vehicle.car 22.3121 1125.5126 0.0818 1.5894 0.0902 -118.9735 4.9954 2.1385 1.4837 -0.7330 32.9184 -0.0242 21
vehicle.car 31.0759 1120.6572 -0.0800 0.8492 1.8009 2.4169 4.9047 2.1309 1.4801 -0.7330 32.9185 -0.0242 17
vehicle.car 127.3429 1213.7313 0.8273 0.4114 0.2275 -85.8513 6.1926 2.4695 2.8623 -0.7330 32.9185 -0.0242 11
vehicle.truck 15.2721 1121.2868 0.4060 -3.0034 0.7297 60.9001 6.5575 2.5166 2.5104 -0.7330 32.9185 -0.0242 27
vehicle.car 30.4840 1161.0582 0.1846 -0.6663 0.4404 -28.9567 4.7997 2.0992 1.7192 -0.7329 32.9184 -0.0241 19
vehicle.car 14.9613 1169.6251 0.1202 -0.7338 1.0400 -29.7351 4.6350 2.1608 1.6715 -0.7330 32.9185 -0.0242 13
vehicle.truck 83.7565 1236.6693 0.5159 0.4504 0.6358 -114.5058 6.5575 2.5166 2.5270 -0.7330 32.9185 -0.0242 23
vehicle.car 66.5309 1144.9972 0.0793 0.4295 0.9151 151.0417 4.6350 2.1608 1.6713 -0.7330 32.9185 -0.0242 16
vehicle.bus.rigid -2.8952 1263.2725 1.1599 -0.4402 0.4596 50.4608 12.0306 2.8726 3.5515 -10.9465 55.9525 -0.3943 31
vehicle.bus.rigid 77.3165 1224.5918 1.0944 0.9725 0.5474 -118.7035 12.0306 2.8726 3.5489 -0.7330 32.9185 -0.0242 20
vehicle.car 47.0798 1170.0865 0.2044 0.7211 0.5264 -118.9407 4.7000 2.2032 1.7322 -0.7330 32.9185 -0.0242 24
vehicle.car 118.7122 1194.5506 0.0974 1.3926 0.2671 -119.0035 4.6495 2.1154 1.5585 -0.7330 32.9185 -0.0242 12
vehicle.truck 84.9346 1227.9594 1.0198 0.2621 0.9932 60.9993 8.8288 3.1457 3.4955 -0.7330 32.9185 -0.0242 30
vehicle.car 54.9713 1174.0057 0.1917 1.2349 0.4349 61.1691 4.7997 2.0992 1.7220 -0.7330 32.9185 -0.0242 22
vehicle.bus.rigid 45.9766 1209.7312 1.0650 0.2826 0.2544 -29.0708 12.0306 2.8726 3.5495 -0.7330 32.9185 -0.0242 9
vehicle.car 26.3380 1112.9397 -0.0606 -1.0243 -1.3134 -177.5594 4.9145 2.1583 1.5012 -0.7330 32.9185 -0.0241 18
vehicle.car 43.3937 1163.4390 0.0604 0.3332 0.1749 -119.0706 4.9145 2.1034 1.5006 -0.7330 32.9185 -0.0242 14
vehicle.car 78.9248 1217.1266 0.1196 0.4489 0.3464 60.9308 4.3470 2.0651 1.5943 -0.7330 32.9185 -0.0242 10
vehicle.truck 123.7072 1203.5704 0.5847 1.5503 0.7343 -117.9518 6.5575 2.5166 2.5069 -0.7330 32.9185 -0.0242 6
vehicle.car 57.3000 1178.2148 0.0465 1.2228 0.3871 61.1455 4.8306 2.0307 1.4361 -0.7330 32.9185 -0.0242 2
vehicle.car 22.8707 1165.2625 0.0177 -0.5880 0.3521 -28.8021 4.8306 2.0307 1.4369 -0.7330 32.9185 -0.0242 15
vehicle.car 34.9889 1215.8496 0.0490 0.3273 -0.1852 -27.3213 4.9954 2.1385 1.4884 -0.7330 32.9185 -0.0242 8
