vehicle.car 0.3338 1094.2094 -0.0437 2.1416 0.2876 -119.2723 4.3470 2.1044 1.6213 -13.5965 13.0340 1.2215 28
vehicle.car 57.9543 1149.7440 0.0089 0.5987 0.1161 151.1376 4.9145 2.1034 1.5079 -13.5965 13.0340 1.2215 4
vehicle.car 23.6103 1117.4921 0.0888 1.4671 0.1363 61.0830 4.9954 2.1385 1.4855 18.9792 33.3426 -0.0621 29
vehicle.truck 69.0015 1209.5831 1.0054 0.5372 0.8330 -119.0151 8.8288 3.1457 3.5018 -31.9856 1.5924 2.0508 25
vehicle.car 22.7016 1126.2081 0.0819 1.5857 0.1581 -118.9898 4.9954 2.1385 1.4837 -22.3397 7.5918 1.5572 21
vehicle.car 31.0760 1120.6567 -0.0800 0.8492 1.8009 2.4169 4.9047 2.1309 1.4801 -13.5965 13.0340 1.2215 17
vehicle.truck 15.2722 1121.2862 0.4060 -3.0034 0.7297 60.9001 6.5575 2.5166 2.5104 -13.5965 13.0339 1.2215 27
vehicle.car 30.4840 1161.0577 0.1846 -0.6663 0.4404 -28.9566 4.7997 2.0992 1.7192 -13.5965 13.0340 1.2215 19
vehicle.car 55.6566 1185.5571 0.7984 0.5393 -0.6493 -118.9918 6.1926 2.4695 2.8623 -35.9633 -0.8917 2.2936 7
vehicle.car 2.3873 1185.8447 0.1267 -0.7211 0.6780 -95.1040 4.6350 2.1608 1.6715 -20.6186 0.5524 1.6618 13
vehicle.car 66.5309 1144.9966 0.0793 0.4295 0.9151 151.0418 4.6350 2.1608 1.6713 -13.5965 13.0339 1.2215 16
vehicle.bus.rigid -12.3546 1063.7677 1.0743 0.2236 0.6117 -122.2305 12.0306 2.8726 3.5515 -41.5855 -1.2055 2.0346 31
vehicle.car 8.0251 1193.9388 0.0432 -0.8073 0.2120 66.0723 4.9145 2.1034 1.4979 -4.0103 19.6461 0.8434 32
vehicle.car 35.6408 1149.4033 0.1386 -0.2273 0.6653 -118.9405 4.6350 2.1608 1.6762 -31.9195 1.5756 1.9805 26
vehicle.car 51.8741 1168.3748 0.1883 1.1560 0.7511 61.4759 4.7997 2.0992 1.7220 -0.1266 21.5615 0.7082 22
vehicle.bus.rigid 45.9766 1209.7307 1.0650 0.2826 0.2544 -29.0708 12.0306 2.8726 3.5495 -13.5965 13.0340 1.2215 9
vehicle.car 26.3381 1112.9391 -0.0606 -1.0243 -1.3134 -177.5593 4.9145 2.1583 1.5012 -13.5965 13.0340 1.2215 18
vehicle.car 78.9248 1217.1260 0.1196 0.4488 0.3464 60.9309 4.3470 2.0651 1.5943 -13.5965 13.0340 1.2215 10
vehicle.car 22.0734 1165.7017 0.0164 -0.5898 0.4209 -28.7929 4.8306 2.0307 1.4369 -8.4918 4.8962 1.1935 15
vehicle.car 32.0421 1217.3770 0.0533 0.4228 0.3428 -21.1457 4.9954 2.1385 1.4884 -6.8284 3.5628 0.9097 8
vehicle.car 7.2887 1180.4565 0.1880 -0.5079 0.8310 124.6419 4.7997 2.0992 1.7226 -13.5472 14.5570 1.2088 5
