vehicle.car -17.9591 1056.3818 0.0699 0.4955 0.3389 -130.0788 4.6495 2.1154 1.5596 -38.4576 5.0132 1.9292 3
vehicle.car 57.9542 1149.7436 0.0089 0.5987 0.1161 151.1376 4.9145 2.1034 1.5079 -14.4783 13.6749 1.1127 4
vehicle.car 1.7008 1077.9186 0.0855 1.8037 0.0968 60.8146 4.9954 2.1385 1.4855 17.3617 33.5411 0.0945 29
vehicle.car 33.8236 1146.1382 0.0887 0.3076 -0.2250 -119.0242 4.9954 2.1385 1.4837 -34.1615 1.3563 1.6759 21
vehicle.car 31.0759 1120.6564 -0.0800 0.8492 1.8009 2.4169 4.9047 2.1309 1.4801 -14.4783 13.6749 1.1127 17
vehicle.truck 15.2721 1121.2859 0.4060 -3.0035 0.7297 60.9002 6.5575 2.5166 2.5104 -14.4783 13.6749 1.1127 27
vehicle.car 30.4840 1161.0574 0.1846 -0.6663 0.4404 -28.9566 4.7997 2.0992 1.7192 -14.4784 13.6749 1.1127 19
vehicle.bus.rigid 6.0882 1096.3380 1.0945 1.7985 0.3790 -118.9238 12.0306 2.8726 3.5515 -41.0352 -2.9976 2.0014 31
vehicle.car 47.7982 1171.3859 0.1559 0.7260 1.0317 -118.9550 4.6350 2.1608 1.6762 -37.0940 -0.5448 1.8391 26
vehicle.car 32.8259 1134.1257 0.1866 1.2020 0.6453 60.9767 4.7997 2.0992 1.7220 16.3604 32.9418 0.0080 22
vehicle.car 26.3381 1112.9388 -0.0606 -1.0243 -1.3134 -177.5593 4.9145 2.1583 1.5012 -14.4784 13.6749 1.1127 18
vehicle.car 17.8462 1171.9984 0.1560 -0.5514 0.6919 151.1725 4.7997 2.0992 1.7226 -23.7774 28.3542 1.3904 5
