vehicle.car 92.4210 1187.9578 0.0861 1.3281 0.0053 151.8019 4.9954 2.1385 1.4855 -0.9384 35.5057 0.0854 29
vehicle.truck 37.8860 1153.4855 1.0343 0.1786 0.8987 -118.8788 8.8288 3.1457 3.5018 -0.9384 35.5058 0.0854 25
vehicle.car 127.3428 1213.7302 0.8273 0.4114 0.2275 -85.8512 6.1926 2.4695 2.8623 -0.9383 35.5058 0.0854 11
vehicle.truck 15.2721 1121.2857 0.4060 -3.0034 0.7297 60.9001 6.5575 2.5166 2.5104 -0.9383 35.5058 0.0854 27
vehicle.car 30.4839 1161.0572 0.1846 -0.6664 0.4404 -28.9566 4.7997 2.0992 1.7192 -0.9384 35.5058 0.0854 19
vehicle.car 32.1029 1143.0944 0.8185 1.1199 0.3775 -119.0504 6.1926 2.4695 2.8623 -0.9384 35.5058 0.0854 7
vehicle.car 14.9613 1169.6241 0.1202 -0.7338 1.0400 -29.7350 4.6350 2.1608 1.6715 -0.9383 35.5058 0.0854 13
vehicle.truck 83.7564 1236.6682 0.5159 0.4504 0.6358 -114.5058 6.5575 2.5166 2.5270 -0.9383 35.5058 0.0854 23
vehicle.car 66.5309 1144.9961 0.0793 0.4295 0.9151 151.0418 4.6350 2.1608 1.6713 -0.9384 35.5058 0.0854 16
vehicle.bus.rigid 0.7017 1268.4340 1.1571 -0.3239 0.3784 55.7332 12.0306 2.8726 3.5515 -13.3652 57.4310 -0.4571 31
vehicle.bus.rigid 77.3164 1224.5907 1.0944 0.9725 0.5474 -118.7035 12.0306 2.8726 3.5489 -0.9384 35.5058 0.0854 20
vehicle.car 26.2829 1218.7655 0.0687 0.6116 -0.2641 12.0464 4.9145 2.1034 1.4979 -0.9384 35.5058 0.0855 32
vehicle.car 47.0798 1170.0855 0.2044 0.7211 0.5264 -118.9407 4.7000 2.2032 1.7322 -0.9383 35.5058 0.0854 24
vehicle.car 118.7122 1194.5495 0.0974 1.3926 0.2671 -119.0035 4.6495 2.1154 1.5585 -0.9383 35.5058 0.0855 12
vehicle.car 27.0114 1133.9663 0.1428 1.5559 0.9838 -118.8750 4.6350 2.1608 1.6762 -0.9383 35.5058 0.0854 26
vehicle.car 54.9712 1174.0046 0.1917 1.2349 0.4349 61.1692 4.7997 2.0992 1.7220 -0.9383 35.5058 0.0854 22
vehicle.bus.rigid 45.9766 1209.7301 1.0650 0.2826 0.2544 -29.0708 12.0306 2.8726 3.5495 -0.9384 35.5058 0.0855 9
vehicle.car 43.3937 1163.4379 0.0604 0.3332 0.1749 -119.0706 4.9145 2.1034 1.5006 -0.9384 35.5058 0.0854 14
vehicle.car 78.9247 1217.1255 0.1197 0.4488 0.3464 60.9308 4.3470 2.0651 1.5943 -0.9384 35.5057 0.0855 10
vehicle.truck 123.7071 1203.5693 0.5847 1.5503 0.7343 -117.9518 6.5575 2.5166 2.5069 -0.9383 35.5058 0.0854 6
vehicle.car 57.3000 1178.2138 0.0465 1.2228 0.3870 61.1456 4.8306 2.0307 1.4361 -0.9383 35.5058 0.0854 2
vehicle.car 22.8707 1165.2614 0.0177 -0.5879 0.3521 -28.8021 4.8306 2.0307 1.4369 -0.9383 35.5057 0.0854 15
vehicle.car 34.9888 1215.8485 0.0490 0.3273 -0.1852 -27.3213 4.9954 2.1385 1.4884 -0.9383 35.5057 0.0854 8
