vehicle.car 57.9542 1149.7442 0.0089 0.5987 0.1161 151.1375 4.9145 2.1034 1.5079 -0.7117 34.7029 0.1100 4
vehicle.car 92.4210 1187.9586 0.0861 1.3281 0.0053 151.8019 4.9954 2.1385 1.4855 -0.7117 34.7029 0.1100 29
vehicle.truck 37.8860 1153.4863 1.0343 0.1786 0.8987 -118.8788 8.8288 3.1457 3.5018 -0.7117 34.7029 0.1100 25
vehicle.car 22.3120 1125.5123 0.0818 1.5894 0.0902 -118.9735 4.9954 2.1385 1.4837 -0.7117 34.7029 0.1100 21
vehicle.car 127.3428 1213.7310 0.8273 0.4114 0.2275 -85.8513 6.1926 2.4695 2.8623 -0.7117 34.7029 0.1100 11
vehicle.truck 15.2721 1121.2865 0.4060 -3.0034 0.7297 60.9001 6.5575 2.5166 2.5104 -0.7117 34.7029 0.1100 27
vehicle.car 30.4839 1161.0579 0.1846 -0.6663 0.4404 -28.9567 4.7997 2.0992 1.7192 -0.7117 34.7029 0.1100 19
vehicle.car 32.1029 1143.0952 0.8185 1.1199 0.3775 -119.0504 6.1926 2.4695 2.8623 -0.7117 34.7029 0.1100 7
vehicle.car 14.9613 1169.6249 0.1202 -0.7338 1.0400 -29.7350 4.6350 2.1608 1.6715 -0.7117 34.7029 0.1100 13
vehicle.truck 83.7564 1236.6690 0.5159 0.4504 0.6358 -114.5058 6.5575 2.5166 2.5270 -0.7117 34.7029 0.1100 23
vehicle.car 66.5309 1144.9969 0.0793 0.4295 0.9151 151.0417 4.6350 2.1608 1.6713 -0.7117 34.7029 0.1100 16
vehicle.bus.rigid -0.4428 1266.6761 1.1597 -0.3791 0.4154 53.9259 12.0306 2.8726 3.5515 -12.3883 57.0327 -0.3405 31
vehicle.bus.rigid 77.3164 1224.5915 1.0944 0.9725 0.5474 -118.7035 12.0306 2.8726 3.5489 -0.7117 34.7029 0.1100 20
vehicle.car 26.2829 1218.7664 0.0687 0.6116 -0.2641 12.0464 4.9145 2.1034 1.4979 -0.7117 34.7030 0.1100 32
vehicle.car 47.0798 1170.0863 0.2044 0.7211 0.5264 -118.9407 4.7000 2.2032 1.7322 -0.7117 34.7029 0.1100 24
vehicle.car 118.7122 1194.5503 0.0974 1.3926 0.2671 -119.0035 4.6495 2.1154 1.5585 -0.7117 34.7029 0.1099 12
vehicle.truck 84.9345 1227.9592 1.0198 0.2621 0.9932 60.9993 8.8288 3.1457 3.4955 -0.7117 34.7029 0.1100 30
vehicle.car 27.0114 1133.9671 0.1428 1.5559 0.9838 -118.8749 4.6350 2.1608 1.6762 -0.7117 34.7029 0.1100 26
vehicle.car 54.9712 1174.0054 0.1917 1.2349 0.4349 61.1692 4.7997 2.0992 1.7220 -0.7117 34.7029 0.1100 22
vehicle.bus.rigid 45.9766 1209.7309 1.0650 0.2826 0.2544 -29.0708 12.0306 2.8726 3.5495 -0.7117 34.7029 0.1100 9
vehicle.car 43.3937 1163.4387 0.0604 0.3332 0.1749 -119.0706 4.9145 2.1034 1.5006 -0.7117 34.7029 0.1100 14
vehicle.car 78.9247 1217.1263 0.1196 0.4489 0.3464 60.9308 4.3470 2.0651 1.5943 -0.7118 34.7029 0.1100 10
vehicle.truck 123.7071 1203.5701 0.5847 1.5503 0.7343 -117.9518 6.5575 2.5166 2.5069 -0.7117 34.7029 0.1100 6
vehicle.car 57.3000 1178.2146 0.0465 1.2228 0.3871 61.1455 4.8306 2.0307 1.4361 -0.7117 34.7029 0.1100 2
vehicle.car 22.8706 1165.2622 0.0177 -0.5880 0.3521 -28.8021 4.8306 2.0307 1.4369 -0.7117 34.7029 0.1100 15
vehicle.car 34.9888 1215.8494 0.0490 0.3274 -0.1852 -27.3213 4.9954 2.1385 1.4884 -0.7117 34.7029 0.1100 8
