vehicle.car 0.3339 1094.2098 -0.0437 2.1416 0.2876 -119.2723 4.3470 2.1044 1.6213 -14.4829 13.7308 1.1036 28
vehicle.car -21.8538 1052.3264 0.0662 0.2498 0.3803 -135.5551 4.6495 2.1154 1.5596 -38.8121 7.7830 1.8672 3
vehicle.car 57.9543 1149.7444 0.0089 0.5987 0.1162 151.1376 4.9145 2.1034 1.5079 -14.4828 13.7308 1.1036 4
vehicle.car 5.7513 1085.2178 0.0891 1.8777 0.0934 61.2022 4.9954 2.1385 1.4855 17.3002 33.7720 0.0799 29
vehicle.car 31.3077 1141.6698 0.0900 1.2485 0.2634 -119.1705 4.9954 2.1385 1.4837 -33.8737 1.7123 1.6588 21
vehicle.car 31.0760 1120.6571 -0.0800 0.8492 1.8009 2.4169 4.9047 2.1309 1.4801 -14.4829 13.7308 1.1036 17
vehicle.truck 15.2722 1121.2866 0.4060 -3.0034 0.7297 60.9002 6.5575 2.5166 2.5104 -14.4829 13.7308 1.1036 27
vehicle.car 30.4840 1161.0581 0.1846 -0.6664 0.4403 -28.9566 4.7997 2.0992 1.7192 -14.4829 13.7308 1.1037 19
vehicle.bus.rigid 2.7039 1090.2478 1.0958 1.7865 0.3774 -118.9421 12.0306 2.8726 3.5515 -41.0367 -2.8922 1.9763 31
vehicle.car 44.9336 1166.2200 0.1425 0.2850 1.3907 -118.9931 4.6350 2.1608 1.6762 -36.8698 -0.3213 1.6337 26
vehicle.car 36.7732 1141.1682 0.1763 0.7528 0.3678 60.6515 4.7997 2.0992 1.7220 16.3741 32.8135 0.1663 22
vehicle.car 26.3381 1112.9396 -0.0606 -1.0243 -1.3134 -177.5593 4.9145 2.1583 1.5012 -14.4829 13.7308 1.1036 18
