vehicle.car 0.3339 1094.2090 -0.0437 2.1416 0.2876 -119.2723 4.3470 2.1044 1.6213 30.6916 3.0320 -0.2391 28
vehicle.car 57.9543 1149.7435 0.0089 0.5987 0.1161 151.1376 4.9145 2.1034 1.5079 30.6916 3.0321 -0.2391 4
vehicle.car 46.7808 1150.0637 0.0718 -0.5084 0.4288 15.4453 4.9954 2.1385 1.4855 25.8735 -12.8158 -0.0529 29
vehicle.truck 53.5078 1181.6904 1.0535 0.7363 0.5574 -119.0315 8.8288 3.1457 3.5018 15.6216 22.4272 0.2427 25
vehicle.car 22.3122 1125.5116 0.0818 1.5894 0.0902 -118.9734 4.9954 2.1385 1.4837 30.6916 3.0320 -0.2391 21
vehicle.car 31.0760 1120.6562 -0.0800 0.8492 1.8009 2.4169 4.9047 2.1309 1.4801 30.6916 3.0320 -0.2391 17
vehicle.car 127.3429 1213.7303 0.8273 0.4114 0.2275 -85.8512 6.1926 2.4695 2.8623 30.6916 3.0321 -0.2391 11
vehicle.truck 15.2722 1121.2857 0.4060 -3.0034 0.7297 60.9002 6.5575 2.5166 2.5104 30.6916 3.0321 -0.2391 27
vehicle.car 40.1409 1157.5488 0.8149 -0.0606 0.4705 -118.9784 6.1926 2.4695 2.8623 20.6184 15.9558 -0.0866 7
vehicle.car 66.5310 1144.9962 0.0793 0.4295 0.9151 151.0418 4.6350 2.1608 1.6713 30.6916 3.0321 -0.2391 16
vehicle.car 19.0714 1213.6605 0.0448 0.2543 -0.0047 58.5701 4.9145 2.1034 1.4979 39.4553 -9.2897 -0.4191 32
vehicle.car 80.5736 1230.3983 0.1994 0.8386 0.1693 -117.9827 4.7000 2.2032 1.7322 15.1811 22.5291 0.1008 24
vehicle.car 118.7123 1194.5497 0.0974 1.3927 0.2671 -119.0035 4.6495 2.1154 1.5585 30.6916 3.0320 -0.2391 12
vehicle.truck 84.9346 1227.9585 1.0198 0.2621 0.9932 60.9993 8.8288 3.1457 3.4955 30.6916 3.0321 -0.2391 30
vehicle.car 27.0115 1133.9664 0.1428 1.5577 0.9790 -118.8720 4.6350 2.1608 1.6762 30.6813 3.0384 -0.3300 26
vehicle.car 54.9713 1174.0047 0.1917 1.2349 0.4349 61.1692 4.7997 2.0992 1.7220 30.6916 3.0320 -0.2391 22
vehicle.bus.rigid 45.9766 1209.7302 1.0650 0.2826 0.2544 -29.0708 12.0306 2.8726 3.5495 30.6916 3.0320 -0.2391 9
vehicle.car 26.3381 1112.9387 -0.0606 -1.0243 -1.3134 -177.5593 4.9145 2.1583 1.5012 30.6916 3.0320 -0.2391 18
vehicle.car 67.1393 1206.2142 0.0400 0.5739 0.2674 -119.0440 4.9145 2.1034 1.5006 16.5410 21.1572 0.0665 14
vehicle.car 78.9248 1217.1256 0.1196 0.4488 0.3464 60.9309 4.3470 2.0651 1.5943 30.6916 3.0321 -0.2391 10
vehicle.truck 123.7072 1203.5694 0.5847 1.5503 0.7343 -117.9518 6.5575 2.5166 2.5069 30.6916 3.0320 -0.2391 6
vehicle.car 57.3001 1178.2138 0.0465 1.2228 0.3871 61.1456 4.8306 2.0307 1.4361 30.6916 3.0320 -0.2391 2
vehicle.car 34.9889 1215.8486 0.0490 0.3273 -0.1851 -27.3212 4.9954 2.1385 1.4884 30.6916 3.0320 -0.2391 8
