vehicle.car 57.9544 1149.7444 0.0089 0.5987 0.1161 151.1376 4.9145 2.1034 1.5079 -0.6056 18.3130 -0.1532 4
vehicle.car 99.2961 1184.1785 0.0817 1.4193 0.1782 147.1427 4.9954 2.1385 1.4855 -15.9826 9.0705 0.0275 29
vehicle.truck 37.8862 1153.4865 1.0343 0.1786 0.8987 -118.8787 8.8288 3.1457 3.5018 -0.6056 18.3130 -0.1532 25
vehicle.car 22.3122 1125.5124 0.0818 1.5894 0.0902 -118.9734 4.9954 2.1385 1.4837 -0.6056 18.3130 -0.1532 21
vehicle.car 31.0760 1120.6571 -0.0801 0.8492 1.8009 2.4169 4.9047 2.1309 1.4801 -0.6056 18.3130 -0.1532 17
vehicle.car 127.3429 1213.7313 0.8273 0.4114 0.2275 -85.8512 6.1926 2.4695 2.8623 -0.6056 18.3130 -0.1532 11
vehicle.truck 15.2722 1121.2866 0.4060 -3.0034 0.7297 60.9002 6.5575 2.5166 2.5104 -0.6056 18.3130 -0.1532 27
vehicle.car 30.4841 1161.0581 0.1846 -0.6664 0.4404 -28.9566 4.7997 2.0992 1.7192 -0.6056 18.3130 -0.1532 19
vehicle.car 32.1031 1143.0953 0.8185 1.1199 0.3775 -119.0503 6.1926 2.4695 2.8623 -0.6056 18.3130 -0.1532 7
vehicle.car 14.9614 1169.6250 0.1202 -0.7338 1.0400 -29.7350 4.6350 2.1608 1.6715 -0.6056 18.3130 -0.1532 13
vehicle.car 66.5310 1144.9971 0.0793 0.4295 0.9151 151.0418 4.6350 2.1608 1.6713 -0.6056 18.3130 -0.1532 16
vehicle.bus.rigid 77.3165 1224.5917 1.0944 0.9725 0.5474 -118.7035 12.0306 2.8726 3.5489 -0.6056 18.3130 -0.1532 20
vehicle.car 118.7123 1194.5506 0.0974 1.3927 0.2671 -119.0034 4.6495 2.1154 1.5585 -0.6056 18.3130 -0.1532 12
vehicle.truck 84.9346 1227.9594 1.0198 0.2621 0.9932 60.9994 8.8288 3.1457 3.4955 -0.6056 18.3130 -0.1532 30
vehicle.car 27.0116 1133.9673 0.1428 1.5559 0.9838 -118.8749 4.6350 2.1608 1.6762 -0.6056 18.3130 -0.1532 26
vehicle.car 54.9714 1174.0056 0.1917 1.2349 0.4349 61.1692 4.7997 2.0992 1.7220 -0.6056 18.3130 -0.1532 22
vehicle.bus.rigid 45.9767 1209.7311 1.0650 0.2826 0.2544 -29.0708 12.0306 2.8726 3.5495 -0.6056 18.3130 -0.1532 9
vehicle.car 26.3382 1112.9396 -0.0607 -1.0243 -1.3134 -177.5593 4.9145 2.1583 1.5012 -0.6056 18.3130 -0.1531 18
vehicle.car 43.3938 1163.4389 0.0604 0.3332 0.1749 -119.0706 4.9145 2.1034 1.5006 -0.6056 18.3130 -0.1532 14
vehicle.car 78.9248 1217.1265 0.1196 0.4488 0.3464 60.9309 4.3470 2.0651 1.5943 -0.6056 18.3130 -0.1532 10
vehicle.truck 123.7072 1203.5704 0.5847 1.5503 0.7343 -117.9518 6.5575 2.5166 2.5069 -0.6056 18.3130 -0.1532 6
vehicle.car 57.3001 1178.2147 0.0465 1.2228 0.3870 61.1456 4.8306 2.0307 1.4361 -0.6056 18.3130 -0.1532 2
vehicle.car 22.8708 1165.2623 0.0177 -0.5880 0.3521 -28.8020 4.8306 2.0307 1.4369 -0.6056 18.3130 -0.1532 15
vehicle.car 34.9889 1215.8495 0.0490 0.3273 -0.1852 -27.3212 4.9954 2.1385 1.4884 -0.6056 18.3130 -0.1532 8
vehicle.car 21.7363 1217.0645 0.1670 -0.1353 0.5257 48.2572 4.7997 2.0992 1.7226 -0.6056 18.3130 -0.1532 5
