vehicle.car 0.3338 1094.2090 -0.0437 2.1416 0.2876 -119.2722 4.3470 2.1044 1.6213 38.4407 0.0261 -0.1895 28
vehicle.car 57.9543 1149.7436 0.0089 0.5987 0.1161 151.1376 4.9145 2.1034 1.5079 38.4407 0.0261 -0.1895 4
vehicle.car 49.7659 1149.9667 0.0562 -0.5744 0.4094 -3.3791 4.9954 2.1385 1.4855 28.3577 -10.4679 -0.1210 29
vehicle.truck 51.2188 1177.5743 1.0564 0.7668 0.7937 -118.9760 8.8288 3.1457 3.5018 25.9250 20.3107 0.1302 25
vehicle.car 22.3121 1125.5117 0.0818 1.5894 0.0902 -118.9734 4.9954 2.1385 1.4837 38.4407 0.0261 -0.1895 21
vehicle.car 31.0760 1120.6563 -0.0800 0.8492 1.8009 2.4169 4.9047 2.1309 1.4801 38.4407 0.0261 -0.1895 17
vehicle.car 127.3428 1213.7304 0.8273 0.4114 0.2275 -85.8512 6.1926 2.4695 2.8623 38.4407 0.0261 -0.1895 11
vehicle.truck 15.2722 1121.2858 0.4060 -3.0034 0.7297 60.9002 6.5575 2.5166 2.5104 38.4407 0.0261 -0.1895 27
vehicle.car 38.5683 1154.7210 0.8032 0.2297 0.3578 -118.9311 6.1926 2.4695 2.8623 29.4948 14.3701 -0.0302 7
vehicle.car 66.5309 1144.9963 0.0793 0.4295 0.9151 151.0418 4.6350 2.1608 1.6713 38.4407 0.0261 -0.1895 16
vehicle.car 20.6864 1215.9670 0.0555 -0.6136 -0.0154 53.8943 4.9145 2.1034 1.4979 43.0680 -13.2552 -0.3939 32
vehicle.car 78.2267 1226.1518 0.2116 1.0389 0.4300 -118.9854 4.7000 2.2032 1.7322 25.3847 21.3268 0.1659 24
vehicle.car 118.7122 1194.5498 0.0974 1.3926 0.2671 -119.0034 4.6495 2.1154 1.5585 38.4407 0.0261 -0.1894 12
vehicle.truck 84.9345 1227.9586 1.0198 0.2621 0.9932 60.9994 8.8288 3.1457 3.4955 38.4407 0.0261 -0.1895 30
vehicle.car 27.0115 1133.9666 0.1432 1.5562 0.9756 -118.8750 4.6350 2.1608 1.6762 38.4392 0.0270 -0.2072 26
vehicle.car 54.9713 1174.0048 0.1917 1.2349 0.4349 61.1692 4.7997 2.0992 1.7220 38.4407 0.0261 -0.1894 22
vehicle.car 26.3381 1112.9388 -0.0606 -1.0243 -1.3134 -177.5593 4.9145 2.1583 1.5012 38.4407 0.0261 -0.1894 18
vehicle.car 64.9221 1202.2247 0.0475 0.5566 -0.4133 -119.0334 4.9145 2.1034 1.5006 25.8908 20.4201 -0.2616 14
vehicle.car 78.9247 1217.1257 0.1196 0.4488 0.3464 60.9309 4.3470 2.0651 1.5943 38.4407 0.0261 -0.1895 10
vehicle.truck 123.7071 1203.5695 0.5847 1.5503 0.7343 -117.9518 6.5575 2.5166 2.5069 38.4407 0.0261 -0.1895 6
vehicle.car 57.3000 1178.2139 0.0465 1.2228 0.3871 61.1456 4.8306 2.0307 1.4361 38.4407 0.0261 -0.1895 2
vehicle.car 34.9888 1215.8487 0.0490 0.3273 -0.1851 -27.3212 4.9954 2.1385 1.4884 38.4407 0.0261 -0.1895 8
vehicle.car 5.9451 1184.8508 0.1739 -0.6808 0.7242 101.8844 4.7997 2.0992 1.7226 46.4864 -3.6946 -0.3728 5
