vehicle.car 0.3338 1094.2097 -0.0437 2.1416 0.2876 -119.2723 4.3470 2.1044 1.6213 -14.5195 13.7110 0.9156 28
vehicle.car 57.9543 1149.7442 0.0089 0.5987 0.1161 151.1376 4.9145 2.1034 1.5079 -14.5195 13.7110 0.9156 4
vehicle.car 21.0286 1112.8355 0.0915 1.4462 0.1182 61.0725 4.9954 2.1385 1.4855 17.8860 34.0312 0.0340 29
vehicle.truck 70.4585 1212.1998 1.0055 0.3933 0.7330 -119.0144 8.8288 3.1457 3.5018 -32.9274 2.1692 1.3623 25
vehicle.car 23.4977 1127.6410 0.0817 1.5715 0.1664 -118.9934 4.9954 2.1385 1.4837 -25.7969 6.6550 1.2156 21
vehicle.car 31.0759 1120.6570 -0.0800 0.8492 1.8009 2.4169 4.9047 2.1309 1.4801 -14.5195 13.7111 0.9156 17
vehicle.truck 15.2722 1121.2865 0.4060 -3.0034 0.7297 60.9002 6.5575 2.5166 2.5104 -14.5195 13.7111 0.9156 27
vehicle.car 30.4840 1161.0580 0.1846 -0.6664 0.4404 -28.9566 4.7997 2.0992 1.7192 -14.5195 13.7110 0.9156 19
vehicle.car 57.4165 1188.7260 0.7884 0.4501 0.6224 -118.9862 6.1926 2.4695 2.8623 -36.6382 -0.1645 1.7522 7
vehicle.car 2.4993 1187.8375 0.1177 -0.8208 0.6782 -101.3208 4.6350 2.1608 1.6715 -22.8996 1.9287 1.1999 13
vehicle.car 66.5309 1144.9969 0.0793 0.4295 0.9151 151.0418 4.6350 2.1608 1.6713 -14.5195 13.7110 0.9156 16
vehicle.bus.rigid -10.0281 1067.4536 1.0837 0.3763 0.6056 -120.3266 12.0306 2.8726 3.5515 -41.7900 -1.7846 1.4845 31
vehicle.car 7.4161 1192.6353 0.0438 -0.8193 0.2791 68.7241 4.9145 2.1034 1.4979 -7.2650 19.0442 0.6998 32
vehicle.car 37.0591 1151.9856 0.1351 0.2754 1.0210 -118.8830 4.6350 2.1608 1.6762 -32.0397 2.6558 1.3106 26
vehicle.car 50.5588 1165.9720 0.1899 1.0515 0.8665 61.4427 4.7997 2.0992 1.7220 5.5517 26.4310 0.4140 22
vehicle.bus.rigid 45.9766 1209.7309 1.0650 0.2826 0.2544 -29.0708 12.0306 2.8726 3.5495 -14.5195 13.7110 0.9156 9
vehicle.car 26.3381 1112.9394 -0.0606 -1.0243 -1.3134 -177.5593 4.9145 2.1583 1.5012 -14.5195 13.7111 0.9155 18
vehicle.car 20.7760 1166.4155 0.0142 -0.5951 0.3800 -28.7659 4.8306 2.0307 1.4369 -8.5141 4.2011 0.8250 15
vehicle.car 30.5515 1218.0305 0.0599 0.2730 0.5034 -15.4999 4.9954 2.1385 1.4884 -7.2110 4.4614 0.6228 8
vehicle.car 7.7195 1179.7314 0.1887 -0.6733 0.4218 128.5287 4.7997 2.0992 1.7226 -15.0589 24.1318 0.9220 5
