vehicle.car 0.3338 1094.2091 -0.0437 2.1416 0.2875 -119.2723 4.3470 2.1044 1.6213 41.1181 -0.2597 -0.1862 28
vehicle.car 57.9543 1149.7436 0.0089 0.5987 0.1161 151.1376 4.9145 2.1034 1.5079 41.1180 -0.2597 -0.1862 4
vehicle.car 50.8907 1149.6225 0.0559 -0.2232 0.3392 -11.4653 4.9954 2.1385 1.4855 30.2812 -8.9976 -0.2268 29
vehicle.truck 50.2618 1175.8484 1.0545 0.7482 0.7957 -118.9617 8.8288 3.1457 3.5018 29.0114 19.9223 0.1275 25
vehicle.car 22.3122 1125.5117 0.0818 1.5894 0.0902 -118.9734 4.9954 2.1385 1.4837 41.1180 -0.2597 -0.1863 21
vehicle.car 31.0760 1120.6563 -0.0800 0.8492 1.8009 2.4169 4.9047 2.1309 1.4801 41.1181 -0.2597 -0.1862 17
vehicle.car 127.3428 1213.7304 0.8273 0.4114 0.2275 -85.8512 6.1926 2.4695 2.8623 41.1180 -0.2597 -0.1862 11
vehicle.truck 15.2722 1121.2859 0.4060 -3.0034 0.7297 60.9002 6.5575 2.5166 2.5104 41.1180 -0.2597 -0.1862 27
vehicle.car 30.4840 1161.0573 0.1846 -0.6663 0.4404 -28.9566 4.7997 2.0992 1.7192 41.1180 -0.2597 -0.1863 19
vehicle.car 37.8799 1153.4809 0.8041 0.3507 0.5070 -118.9147 6.1926 2.4695 2.8623 32.3200 14.3498 0.0029 7
vehicle.car 66.5309 1144.9963 0.0793 0.4295 0.9151 151.0418 4.6350 2.1608 1.6713 41.1180 -0.2597 -0.1862 16
vehicle.car 21.4893 1216.7994 0.0525 -0.4566 0.3337 48.9541 4.9145 2.1034 1.4979 43.6280 -13.5260 -0.3277 32
vehicle.car 77.2095 1224.3313 0.2092 0.9792 0.6450 -119.1098 4.7000 2.2032 1.7322 28.3209 21.2591 0.0975 24
vehicle.car 118.7122 1194.5498 0.0974 1.3927 0.2671 -119.0035 4.6495 2.1154 1.5585 41.1180 -0.2597 -0.1863 12
vehicle.truck 84.9346 1227.9586 1.0198 0.2621 0.9932 60.9994 8.8288 3.1457 3.4955 41.1180 -0.2597 -0.1862 30
vehicle.car 27.0115 1133.9665 0.1425 1.5557 0.9885 -118.8746 4.6350 2.1608 1.6762 41.1182 -0.2597 -0.1827 26
vehicle.car 54.9713 1174.0049 0.1917 1.2349 0.4349 61.1692 4.7997 2.0992 1.7220 41.1180 -0.2597 -0.1862 22
vehicle.bus.rigid 45.9766 1209.7303 1.0650 0.2826 0.2544 -29.0708 12.0306 2.8726 3.5495 41.1180 -0.2597 -0.1862 9
vehicle.car 26.3381 1112.9388 -0.0606 -1.0243 -1.3134 -177.5593 4.9145 2.1583 1.5012 41.1180 -0.2597 -0.1862 18
vehicle.car 63.9470 1200.4632 0.0517 0.2702 0.7385 -118.9969 4.9145 2.1034 1.5006 28.6703 20.4767 0.1661 14
vehicle.car 78.9248 1217.1257 0.1196 0.4488 0.3464 60.9308 4.3470 2.0651 1.5943 41.1180 -0.2597 -0.1863 10
vehicle.truck 123.7072 1203.5695 0.5847 1.5503 0.7343 -117.9518 6.5575 2.5166 2.5069 41.1180 -0.2597 -0.1862 6
vehicle.car 57.3000 1178.2140 0.0465 1.2228 0.3871 61.1456 4.8306 2.0307 1.4361 41.1180 -0.2597 -0.1862 2
vehicle.car 5.8871 1185.6175 0.1720 -0.7909 0.6792 98.3501 4.7997 2.0992 1.7226 49.5137 -4.9636 -0.3799 5
