vehicle.car 0.3338 1094.2099 -0.0437 2.1416 0.2876 -119.2723 4.3470 2.1044 1.6213 26.4502 10.7991 -0.1989 28
vehicle.car 57.9543 1149.7444 0.0089 0.5987 0.1161 151.1376 4.9145 2.1034 1.5079 26.4503 10.7991 -0.1989 4
vehicle.car 60.9446 1144.1023 0.0327 0.0059 0.1275 -29.4434 4.9954 2.1385 1.4855 14.0484 -0.7383 0.0332 29
vehicle.truck 41.7020 1160.3848 1.0370 0.1648 0.5702 -118.9808 8.8288 3.1457 3.5018 16.0253 21.9048 -0.0534 25
vehicle.car 22.3122 1125.5125 0.0818 1.5894 0.0902 -118.9734 4.9954 2.1385 1.4837 26.4503 10.7990 -0.1989 21
vehicle.car 31.0760 1120.6571 -0.0800 0.8492 1.8009 2.4169 4.9047 2.1309 1.4801 26.4503 10.7990 -0.1989 17
vehicle.car 127.3428 1213.7312 0.8273 0.4114 0.2275 -85.8512 6.1926 2.4695 2.8623 26.4503 10.7990 -0.1989 11
vehicle.truck 15.2722 1121.2867 0.4060 -3.0034 0.7297 60.9002 6.5575 2.5166 2.5104 26.4503 10.7990 -0.1989 27
vehicle.car 30.4840 1161.0581 0.1846 -0.6663 0.4404 -28.9566 4.7997 2.0992 1.7192 26.4503 10.7990 -0.1990 19
vehicle.car 32.2474 1143.3494 0.8199 1.1018 0.4898 -119.0305 6.1926 2.4695 2.8623 21.7004 15.9729 -0.1807 7
vehicle.car 66.5309 1144.9971 0.0793 0.4295 0.9151 151.0418 4.6350 2.1608 1.6713 26.4503 10.7990 -0.1989 16
vehicle.bus.rigid 83.5813 1236.3287 1.0277 0.4876 0.3233 -114.7839 12.0306 2.8726 3.5489 10.5609 25.9314 0.2230 20
vehicle.car 67.4697 1206.8128 0.1596 0.6219 0.3978 -119.0575 4.7000 2.2032 1.7322 11.0007 27.3308 0.0561 24
vehicle.car 118.7122 1194.5506 0.0974 1.3926 0.2671 -119.0035 4.6495 2.1154 1.5585 26.4502 10.7990 -0.1989 12
vehicle.truck 84.9346 1227.9594 1.0198 0.2621 0.9932 60.9993 8.8288 3.1457 3.4955 26.4503 10.7990 -0.1989 30
vehicle.car 27.0115 1133.9673 0.1428 1.5559 0.9838 -118.8749 4.6350 2.1608 1.6762 26.4503 10.7990 -0.1989 26
vehicle.car 54.9713 1174.0057 0.1917 1.2349 0.4349 61.1692 4.7997 2.0992 1.7220 26.4503 10.7990 -0.1989 22
vehicle.bus.rigid 45.9766 1209.7311 1.0650 0.2826 0.2544 -29.0707 12.0306 2.8726 3.5495 26.4503 10.7990 -0.1989 9
vehicle.car 26.3381 1112.9396 -0.0606 -1.0243 -1.3134 -177.5593 4.9145 2.1583 1.5012 26.4503 10.7990 -0.1990 18
vehicle.car 54.0798 1182.7115 0.0924 0.9283 0.1443 -119.0085 4.9145 2.1034 1.5006 10.1807 28.2748 0.2127 14
vehicle.car 78.9248 1217.1265 0.1196 0.4488 0.3464 60.9309 4.3470 2.0651 1.5943 26.4503 10.7991 -0.1990 10
vehicle.truck 123.7071 1203.5704 0.5847 1.5503 0.7343 -117.9518 6.5575 2.5166 2.5069 26.4503 10.7990 -0.1989 6
vehicle.car 57.3000 1178.2148 0.0465 1.2228 0.3870 61.1456 4.8306 2.0307 1.4361 26.4502 10.7990 -0.1990 2
vehicle.car 9.2353 1196.3682 0.1519 -0.7915 0.4171 62.9978 4.7997 2.0992 1.7226 38.5469 -1.8587 -0.3790 5
