vehicle.car 0.3339 1094.2098 -0.0437 2.1416 0.2876 -119.2722 4.3470 2.1044 1.6213 -14.4931 13.7565 1.1162 28
vehicle.car 57.9543 1149.7443 0.0089 0.5987 0.1161 151.1376 4.9145 2.1034 1.5079 -14.4930 13.7565 1.1161 4
vehicle.car 14.3612 1100.8110 0.0985 1.4443 0.1331 61.1000 4.9954 2.1385 1.4855 17.6037 33.8756 0.0075 29
vehicle.car 26.4170 1132.8970 0.0814 1.5467 0.1178 -118.9935 4.9954 2.1385 1.4837 -30.7708 3.5666 1.6415 21
vehicle.car 31.0760 1120.6570 -0.0800 0.8492 1.8009 2.4169 4.9047 2.1309 1.4801 -14.4930 13.7565 1.1162 17
vehicle.truck 15.2722 1121.2866 0.4060 -3.0034 0.7297 60.9001 6.5575 2.5166 2.5104 -14.4931 13.7565 1.1161 27
vehicle.car 30.4840 1161.0580 0.1846 -0.6663 0.4404 -28.9566 4.7997 2.0992 1.7192 -14.4930 13.7565 1.1162 19
vehicle.car 61.9048 1196.8112 0.7823 0.6514 -0.0931 -119.0750 6.1926 2.4695 2.8623 -35.6632 0.6246 1.8715 7
vehicle.car 3.7984 1192.8727 0.1084 -1.0774 0.9488 -113.4842 4.6350 2.1608 1.6715 -25.5575 4.4835 1.4917 13
vehicle.car 66.5310 1144.9970 0.0793 0.4295 0.9151 151.0418 4.6350 2.1608 1.6713 -14.4931 13.7565 1.1161 16
vehicle.bus.rigid -4.4615 1077.3088 1.0976 1.5308 0.3092 -118.8149 12.0306 2.8726 3.5515 -40.9826 -2.9280 1.8903 31
vehicle.car 40.3790 1157.9836 0.1555 -0.0223 1.0332 -118.9493 4.6350 2.1608 1.6762 -28.7406 4.8228 1.6599 26
vehicle.car 45.0415 1155.9936 0.1877 -0.2973 0.5024 60.9286 4.7997 2.0992 1.7220 14.8960 32.2164 0.1788 22
vehicle.bus.rigid 45.9766 1209.7310 1.0650 0.2826 0.2544 -29.0708 12.0306 2.8726 3.5495 -14.4931 13.7565 1.1161 9
vehicle.car 26.3381 1112.9395 -0.0606 -1.0243 -1.3134 -177.5593 4.9145 2.1583 1.5012 -14.4931 13.7565 1.1161 18
vehicle.car 16.8751 1168.5497 0.0085 -0.6435 0.3948 -28.8919 4.8306 2.0307 1.4369 -7.2633 2.4062 0.9212 15
vehicle.car 10.3116 1176.7947 0.1721 -0.6752 0.2247 141.6404 4.7997 2.0992 1.7226 -18.0734 24.6128 1.2616 5
