vehicle.car 57.9543 1149.7435 0.0089 0.5987 0.1161 151.1376 4.9145 2.1034 1.5079 -0.7150 32.5745 -0.0430 4
vehicle.car 92.4210 1187.9579 0.0861 1.3281 0.0053 151.8019 4.9954 2.1385 1.4855 -0.7150 32.5744 -0.0430 29
vehicle.truck 37.8861 1153.4856 1.0343 0.1786 0.8987 -118.8787 8.8288 3.1457 3.5018 -0.7150 32.5745 -0.0430 25
vehicle.car 31.0760 1120.6562 -0.0800 0.8492 1.8009 2.4169 4.9047 2.1309 1.4801 -0.7150 32.5745 -0.0430 17
vehicle.car 127.3429 1213.7304 0.8273 0.4114 0.2275 -85.8512 6.1926 2.4695 2.8623 -0.7150 32.5745 -0.0430 11
vehicle.truck 15.2722 1121.2858 0.4060 -3.0034 0.7297 60.9002 6.5575 2.5166 2.5104 -0.7150 32.5745 -0.0430 27
vehicle.car 30.4840 1161.0573 0.1846 -0.6664 0.4404 -28.9566 4.7997 2.0992 1.7192 -0.7149 32.5745 -0.0430 19
vehicle.car 14.9613 1169.6242 0.1202 -0.7338 1.0400 -29.7350 4.6350 2.1608 1.6715 -0.7150 32.5745 -0.0430 13
vehicle.truck 83.7565 1236.6684 0.5159 0.4504 0.6358 -114.5058 6.5575 2.5166 2.5270 -0.7150 32.5745 -0.0430 23
vehicle.car 66.5310 1144.9962 0.0793 0.4295 0.9151 151.0417 4.6350 2.1608 1.6713 -0.7150 32.5745 -0.0430 16
vehicle.bus.rigid -3.3251 1262.7192 1.1606 -0.4642 0.4502 49.9093 12.0306 2.8726 3.5515 -10.6986 55.7100 -0.5599 31
vehicle.bus.rigid 77.3164 1224.5909 1.0944 0.9725 0.5474 -118.7035 12.0306 2.8726 3.5489 -0.7150 32.5745 -0.0430 20
vehicle.car 47.0798 1170.0856 0.2044 0.7211 0.5264 -118.9406 4.7000 2.2032 1.7322 -0.7150 32.5745 -0.0430 24
vehicle.car 118.7123 1194.5497 0.0974 1.3926 0.2671 -119.0034 4.6495 2.1154 1.5585 -0.7150 32.5745 -0.0430 12
vehicle.truck 84.9346 1227.9585 1.0198 0.2621 0.9932 60.9993 8.8288 3.1457 3.4955 -0.7150 32.5745 -0.0430 30
vehicle.car 54.9713 1174.0048 0.1917 1.2349 0.4349 61.1692 4.7997 2.0992 1.7220 -0.7150 32.5745 -0.0430 22
vehicle.bus.rigid 45.9766 1209.7303 1.0650 0.2826 0.2544 -29.0708 12.0306 2.8726 3.5495 -0.7150 32.5745 -0.0430 9
vehicle.car 26.3381 1112.9387 -0.0606 -1.0244 -1.3134 -177.5593 4.9145 2.1583 1.5012 -0.7150 32.5744 -0.0430 18
vehicle.car 43.3938 1163.4380 0.0604 0.3332 0.1749 -119.0706 4.9145 2.1034 1.5006 -0.7150 32.5745 -0.0430 14
vehicle.car 78.9248 1217.1257 0.1196 0.4489 0.3464 60.9308 4.3470 2.0651 1.5943 -0.7150 32.5745 -0.0430 10
vehicle.truck 123.7072 1203.5695 0.5847 1.5503 0.7343 -117.9518 6.5575 2.5166 2.5069 -0.7150 32.5745 -0.0430 6
vehicle.car 57.3000 1178.2139 0.0465 1.2228 0.3871 61.1456 4.8306 2.0307 1.4361 -0.7150 32.5745 -0.0430 2
vehicle.car 22.8707 1165.2615 0.0177 -0.5880 0.3521 -28.8021 4.8306 2.0307 1.4369 -0.7150 32.5745 -0.0431 15
vehicle.car 34.9888 1215.8487 0.0490 0.3273 -0.1851 -27.3212 4.9954 2.1385 1.4884 -0.7150 32.5745 -0.0430 8
