vehicle.car 0.3338 1094.2095 -0.0437 2.1416 0.2876 -119.2723 4.3470 2.1044 1.6213 -9.2118 11.9681 0.5125 28
vehicle.car 57.9543 1149.7440 0.0089 0.5987 0.1161 151.1376 4.9145 2.1034 1.5079 -9.2118 11.9681 0.5125 4
vehicle.car 29.8429 1128.7431 0.0836 1.3965 0.1620 61.0922 4.9954 2.1385 1.4855 25.2001 29.7781 -0.3390 29
vehicle.truck 65.3295 1202.9712 1.0186 0.4892 0.5422 -119.0011 8.8288 3.1457 3.5018 -30.3130 1.0846 1.1078 25
vehicle.car 22.3122 1125.5121 0.0818 1.5894 0.0899 -118.9734 4.9954 2.1385 1.4837 -9.2119 11.9681 0.5131 21
vehicle.car 31.0760 1120.6568 -0.0800 0.8492 1.8009 2.4169 4.9047 2.1309 1.4801 -9.2118 11.9681 0.5125 17
vehicle.truck 15.2722 1121.2863 0.4060 -3.0034 0.7297 60.9001 6.5575 2.5166 2.5104 -9.2118 11.9681 0.5125 27
vehicle.car 30.4840 1161.0578 0.1846 -0.6663 0.4404 -28.9566 4.7997 2.0992 1.7192 -9.2118 11.9681 0.5125 19
vehicle.car 51.3148 1177.7431 0.8239 0.7498 0.2594 -118.9531 6.1926 2.4695 2.8623 -33.3393 -0.5123 1.0654 7
vehicle.car 3.1222 1181.1966 0.1447 -0.6292 0.7403 -77.8400 4.6350 2.1608 1.6715 -12.8352 -1.5823 0.9002 13
vehicle.car 66.5309 1144.9967 0.0793 0.4295 0.9151 151.0418 4.6350 2.1608 1.6713 -9.2118 11.9681 0.5125 16
vehicle.bus.rigid -18.7746 1055.4958 1.0518 0.2696 0.3431 -130.1909 12.0306 2.8726 3.5515 -39.9006 4.7250 0.9564 31
vehicle.truck 84.9346 1227.9590 1.0198 0.2621 0.9932 60.9994 8.8288 3.1457 3.4955 -9.2118 11.9681 0.5125 30
vehicle.car 32.1683 1143.1973 0.1575 1.1173 1.2045 -119.1330 4.6350 2.1608 1.6762 -27.1123 2.8169 0.8354 26
vehicle.car 53.9701 1172.1969 0.1906 1.2137 0.5317 61.2794 4.7997 2.0992 1.7220 -0.2167 16.6386 0.2957 22
vehicle.bus.rigid 45.9766 1209.7307 1.0650 0.2826 0.2544 -29.0708 12.0306 2.8726 3.5495 -9.2118 11.9681 0.5125 9
vehicle.car 26.3381 1112.9392 -0.0606 -1.0243 -1.3134 -177.5593 4.9145 2.1583 1.5012 -9.2118 11.9681 0.5125 18
vehicle.truck 123.7072 1203.5699 0.5847 1.5503 0.7343 -117.9518 6.5575 2.5166 2.5069 -9.2118 11.9681 0.5125 6
vehicle.car 22.8708 1165.2620 0.0176 -0.5881 0.3551 -28.8021 4.8306 2.0307 1.4369 -9.2118 11.9679 0.5092 15
vehicle.car 34.9122 1215.8933 0.0461 0.2655 -0.0831 -27.2388 4.9954 2.1385 1.4884 -7.6145 8.8426 0.5181 8
vehicle.car 7.2785 1180.4732 0.1878 -0.6163 0.5150 124.5343 4.7997 2.0992 1.7226 -9.1942 12.0994 0.5098 5
