vehicle.car 57.9543 1149.7443 0.0089 0.5987 0.1161 151.1376 4.9145 2.1034 1.5079 5.6681 7.7359 0.1757 4
vehicle.car 108.0940 1172.3801 0.0246 -0.1426 -0.0494 84.9324 4.9954 2.1385 1.4855 -2.4280 20.9033 -0.1437 29
vehicle.truck 37.8861 1153.4864 1.0343 0.1786 0.8987 -118.8787 8.8288 3.1457 3.5018 5.6681 7.7359 0.1757 25
vehicle.car 31.0760 1120.6570 -0.0800 0.8492 1.8009 2.4169 4.9047 2.1309 1.4801 5.6681 7.7359 0.1756 17
vehicle.car 127.3428 1213.7312 0.8273 0.4114 0.2275 -85.8512 6.1926 2.4695 2.8623 5.6681 7.7359 0.1757 11
vehicle.car 32.1030 1143.0952 0.8185 1.1199 0.3775 -119.0503 6.1926 2.4695 2.8623 5.6681 7.7359 0.1757 7
vehicle.truck 83.7565 1236.6691 0.5159 0.4504 0.6358 -114.5057 6.5575 2.5166 2.5270 5.6681 7.7359 0.1757 23
vehicle.car 66.5310 1144.9970 0.0793 0.4295 0.9151 151.0418 4.6350 2.1608 1.6713 5.6681 7.7359 0.1757 16
vehicle.bus.rigid 77.3164 1224.5916 1.0944 0.9725 0.5474 -118.7035 12.0306 2.8726 3.5489 5.6681 7.7359 0.1757 20
vehicle.car 26.2830 1218.7664 0.0687 0.6116 -0.2641 12.0465 4.9145 2.1034 1.4979 5.6681 7.7359 0.1757 32
vehicle.car 47.0799 1170.0863 0.2044 0.7211 0.5264 -118.9406 4.7000 2.2032 1.7322 5.6681 7.7359 0.1757 24
vehicle.car 118.7122 1194.5505 0.0974 1.3927 0.2671 -119.0034 4.6495 2.1154 1.5585 5.6681 7.7359 0.1756 12
vehicle.truck 84.9346 1227.9593 1.0198 0.2621 0.9932 60.9994 8.8288 3.1457 3.4955 5.6681 7.7359 0.1757 30
vehicle.car 27.0115 1133.9672 0.1428 1.5559 0.9838 -118.8749 4.6350 2.1608 1.6762 5.6681 7.7359 0.1757 26
vehicle.car 54.9713 1174.0055 0.1917 1.2349 0.4349 61.1692 4.7997 2.0992 1.7220 5.6681 7.7359 0.1757 22
vehicle.bus.rigid 45.9766 1209.7310 1.0650 0.2826 0.2544 -29.0708 12.0306 2.8726 3.5495 5.6681 7.7359 0.1757 9
vehicle.car 43.3938 1163.4388 0.0604 0.3332 0.1749 -119.0706 4.9145 2.1034 1.5006 5.6681 7.7359 0.1757 14
vehicle.car 78.9248 1217.1264 0.1196 0.4488 0.3464 60.9309 4.3470 2.0651 1.5943 5.6681 7.7359 0.1757 10
vehicle.truck 123.7072 1203.5703 0.5847 1.5503 0.7343 -117.9518 6.5575 2.5166 2.5069 5.6681 7.7359 0.1757 6
vehicle.car 57.3001 1178.2147 0.0465 1.2228 0.3871 61.1456 4.8306 2.0307 1.4361 5.6681 7.7359 0.1757 2
vehicle.car 21.7363 1217.0644 0.1670 -0.1353 0.5257 48.2572 4.7997 2.0992 1.7226 5.6680 7.7359 0.1757 5
