vehicle.car 92.4211 1187.9580 0.0861 1.3281 0.0053 151.8019 4.9954 2.1385 1.4855 -0.8318 35.2421 0.0632 29
vehicle.truck 37.8862 1153.4857 1.0343 0.1786 0.8987 -118.8787 8.8288 3.1457 3.5018 -0.8318 35.2420 0.0632 25
vehicle.car 22.3122 1125.5117 0.0818 1.5894 0.0902 -118.9734 4.9954 2.1385 1.4837 -0.8318 35.2420 0.0632 21
vehicle.car 127.3429 1213.7305 0.8273 0.4114 0.2275 -85.8512 6.1926 2.4695 2.8623 -0.8318 35.2420 0.0632 11
vehicle.truck 15.2722 1121.2859 0.4060 -3.0034 0.7298 60.9002 6.5575 2.5166 2.5104 -0.8318 35.2420 0.0632 27
vehicle.car 30.4841 1161.0574 0.1846 -0.6664 0.4404 -28.9566 4.7997 2.0992 1.7192 -0.8317 35.2420 0.0633 19
vehicle.car 32.1031 1143.0946 0.8185 1.1199 0.3775 -119.0504 6.1926 2.4695 2.8623 -0.8318 35.2420 0.0632 7
vehicle.car 14.9614 1169.6243 0.1202 -0.7338 1.0400 -29.7350 4.6350 2.1608 1.6715 -0.8318 35.2420 0.0632 13
vehicle.truck 83.7566 1236.6685 0.5159 0.4504 0.6358 -114.5057 6.5575 2.5166 2.5270 -0.8318 35.2420 0.0632 23
vehicle.car 66.5310 1144.9963 0.0793 0.4295 0.9151 151.0417 4.6350 2.1608 1.6713 -0.8318 35.2420 0.0632 16
vehicle.bus.rigid 0.3263 1267.8432 1.1562 -0.3330 0.3579 55.1323 12.0306 2.8726 3.5515 -12.9998 57.3112 -0.5249 31
vehicle.bus.rigid 77.3165 1224.5910 1.0944 0.9725 0.5474 -118.7035 12.0306 2.8726 3.5489 -0.8318 35.2420 0.0632 20
vehicle.car 26.2830 1218.7658 0.0687 0.6116 -0.2641 12.0464 4.9145 2.1034 1.4979 -0.8318 35.2420 0.0632 32
vehicle.car 47.0799 1170.0857 0.2044 0.7211 0.5264 -118.9407 4.7000 2.2032 1.7322 -0.8318 35.2420 0.0632 24
vehicle.car 118.7123 1194.5498 0.0974 1.3927 0.2671 -119.0034 4.6495 2.1154 1.5585 -0.8318 35.2420 0.0632 12
vehicle.truck 84.9347 1227.9587 1.0198 0.2621 0.9932 60.9993 8.8288 3.1457 3.4955 -0.8318 35.2420 0.0632 30
vehicle.car 27.0116 1133.9665 0.1428 1.5559 0.9838 -118.8749 4.6350 2.1608 1.6762 -0.8318 35.2420 0.0632 26
vehicle.car 54.9714 1174.0049 0.1917 1.2349 0.4349 61.1692 4.7997 2.0992 1.7220 -0.8318 35.2420 0.0632 22
vehicle.bus.rigid 45.9767 1209.7304 1.0650 0.2826 0.2544 -29.0708 12.0306 2.8726 3.5495 -0.8318 35.2420 0.0632 9
vehicle.car 43.3939 1163.4381 0.0604 0.3332 0.1749 -119.0706 4.9145 2.1034 1.5006 -0.8318 35.2420 0.0632 14
vehicle.car 78.9249 1217.1258 0.1196 0.4488 0.3464 60.9308 4.3470 2.0651 1.5943 -0.8318 35.2420 0.0632 10
vehicle.truck 123.7073 1203.5696 0.5847 1.5503 0.7343 -117.9518 6.5575 2.5166 2.5069 -0.8318 35.2420 0.0632 6
vehicle.car 57.3001 1178.2140 0.0465 1.2228 0.3871 61.1456 4.8306 2.0307 1.4361 -0.8318 35.2420 0.0632 2
vehicle.car 22.8708 1165.2616 0.0177 -0.5879 0.3521 -28.8021 4.8306 2.0307 1.4369 -0.8318 35.2420 0.0632 15
vehicle.car 34.9889 1215.8488 0.0490 0.3273 -0.1852 -27.3212 4.9954 2.1385 1.4884 -0.8318 35.2420 0.0632 8
