vehicle.car 57.9543 1149.7441 0.0089 0.5987 0.1161 151.1376 4.9145 2.1034 1.5079 11.2383 15.2983 0.0185 4
vehicle.car 40.1124 1145.9513 0.0748 -0.3652 0.2046 51.2424 4.9954 2.1385 1.4855 33.9900 2.8524 -0.4408 29
vehicle.truck 58.2693 1190.2844 1.0190 0.6736 0.7415 -119.0012 8.8288 3.1457 3.5018 -13.3818 22.5087 0.4392 25
vehicle.car 22.3122 1125.5122 0.0818 1.5894 0.0902 -118.9734 4.9954 2.1385 1.4837 11.2383 15.2983 0.0184 21
vehicle.car 31.0760 1120.6568 -0.0800 0.8492 1.8009 2.4169 4.9047 2.1309 1.4801 11.2383 15.2983 0.0185 17
vehicle.truck 15.2722 1121.2864 0.4060 -3.0034 0.7297 60.9001 6.5575 2.5166 2.5104 11.2383 15.2983 0.0184 27
vehicle.car 30.4840 1161.0578 0.1846 -0.6663 0.4403 -28.9566 4.7997 2.0992 1.7192 11.2382 15.2983 0.0185 19
vehicle.car 43.5589 1163.7419 0.7947 0.2916 0.3462 -118.9298 6.1926 2.4695 2.8623 -12.6129 22.2927 0.6779 7
vehicle.car 7.4022 1174.6406 0.1398 -0.7221 1.0909 -49.3191 4.6350 2.1608 1.6715 4.5649 4.3892 0.1865 13
vehicle.car 66.5310 1144.9968 0.0793 0.4295 0.9151 151.0418 4.6350 2.1608 1.6713 11.2383 15.2983 0.0184 16
vehicle.car 15.6862 1207.9862 0.0329 0.0245 0.8291 60.9218 4.9145 2.1034 1.4979 28.6453 9.9827 -0.4218 32
vehicle.car 84.8617 1239.0870 0.1339 0.6849 0.4285 -114.5701 4.7000 2.2032 1.7322 -13.1048 20.4793 0.4990 24
vehicle.truck 84.9346 1227.9591 1.0198 0.2621 0.9932 60.9993 8.8288 3.1457 3.4955 11.2383 15.2983 0.0185 30
vehicle.car 27.7260 1135.2463 0.1422 1.5433 1.1530 -118.9619 4.6350 2.1608 1.6762 1.1128 18.2751 0.2289 26
vehicle.car 54.9713 1174.0053 0.1917 1.2349 0.4348 61.1692 4.7997 2.0992 1.7220 11.2383 15.2983 0.0185 22
vehicle.bus.rigid 45.9767 1209.7308 1.0650 0.2826 0.2544 -29.0708 12.0306 2.8726 3.5495 11.2383 15.2983 0.0185 9
vehicle.car 71.2803 1213.6674 0.0367 0.5414 0.0774 -118.9801 4.9145 2.1034 1.5006 -9.2897 21.3270 0.7785 14
vehicle.car 78.9248 1217.1262 0.1197 0.4489 0.3464 60.9309 4.3470 2.0651 1.5943 11.2383 15.2983 0.0184 10
vehicle.truck 123.7072 1203.5700 0.5847 1.5503 0.7343 -117.9518 6.5575 2.5166 2.5069 11.2383 15.2983 0.0185 6
vehicle.car 57.3001 1178.2146 0.0465 1.2228 0.3874 61.1456 4.8306 2.0307 1.4361 11.2384 15.2983 0.0174 2
vehicle.car 22.8708 1165.2621 0.0177 -0.5880 0.3522 -28.8021 4.8306 2.0307 1.4369 11.2383 15.2983 0.0185 15
vehicle.car 6.8454 1181.3696 0.1862 -0.6087 0.6315 119.7055 4.7997 2.0992 1.7226 14.2916 17.4280 -0.0792 5
