vehicle.car 57.9543 1149.7434 0.0089 0.5987 0.1161 151.1376 4.9145 2.1034 1.5079 -0.5467 -0.0319 0.2155 4
vehicle.car 106.4433 1165.7380 0.0027 0.1292 0.0821 63.7657 4.9954 2.1385 1.4855 9.4220 19.3386 -0.0259 29
vehicle.truck 37.8861 1153.4855 1.0343 0.1786 0.8987 -118.8787 8.8288 3.1457 3.5018 -0.5467 -0.0319 0.2155 25
vehicle.car 22.3122 1125.5115 0.0818 1.5894 0.0902 -118.9734 4.9954 2.1385 1.4837 -0.5467 -0.0319 0.2155 21
vehicle.car 127.3428 1213.7302 0.8273 0.4114 0.2275 -85.8512 6.1926 2.4695 2.8623 -0.5467 -0.0319 0.2155 11
vehicle.car 32.1030 1143.0944 0.8185 1.1199 0.3775 -119.0504 6.1926 2.4695 2.8623 -0.5467 -0.0319 0.2155 7
vehicle.truck 83.7565 1236.6682 0.5159 0.4504 0.6358 -114.5057 6.5575 2.5166 2.5270 -0.5467 -0.0319 0.2155 23
vehicle.car 66.5309 1144.9961 0.0793 0.4295 0.9151 151.0418 4.6350 2.1608 1.6713 -0.5467 -0.0319 0.2155 16
vehicle.bus.rigid 77.3164 1224.5907 1.0944 0.9725 0.5474 -118.7035 12.0306 2.8726 3.5489 -0.5467 -0.0319 0.2155 20
vehicle.car 26.2830 1218.7655 0.0687 0.6116 -0.2641 12.0465 4.9145 2.1034 1.4979 -0.5467 -0.0319 0.2155 32
vehicle.car 47.0798 1170.0855 0.2044 0.7211 0.5264 -118.9407 4.7000 2.2032 1.7322 -0.5467 -0.0319 0.2155 24
vehicle.car 118.7122 1194.5496 0.0974 1.3926 0.2671 -119.0034 4.6495 2.1154 1.5585 -0.5467 -0.0319 0.2155 12
vehicle.truck 84.9346 1227.9584 1.0198 0.2621 0.9932 60.9994 8.8288 3.1457 3.4955 -0.5467 -0.0319 0.2155 30
vehicle.car 54.9713 1174.0046 0.1917 1.2349 0.4349 61.1692 4.7997 2.0992 1.7220 -0.5467 -0.0319 0.2155 22
vehicle.bus.rigid 45.9766 1209.7301 1.0650 0.2826 0.2544 -29.0708 12.0306 2.8726 3.5495 -0.5467 -0.0319 0.2155 9
vehicle.car 26.3381 1112.9386 -0.0606 -1.0243 -1.3133 -177.5593 4.9145 2.1583 1.5012 -0.5467 -0.0319 0.2155 18
vehicle.car 43.3938 1163.4379 0.0604 0.3331 0.1749 -119.0706 4.9145 2.1034 1.5006 -0.5467 -0.0319 0.2155 14
vehicle.car 78.9248 1217.1255 0.1196 0.4488 0.3464 60.9309 4.3470 2.0651 1.5943 -0.5467 -0.0319 0.2155 10
vehicle.truck 123.7072 1203.5693 0.5847 1.5503 0.7343 -117.9518 6.5575 2.5166 2.5069 -0.5467 -0.0319 0.2155 6
vehicle.car 57.3000 1178.2138 0.0465 1.2228 0.3871 61.1456 4.8306 2.0307 1.4361 -0.5467 -0.0319 0.2155 2
vehicle.car 21.7363 1217.0635 0.1670 -0.1353 0.5257 48.2572 4.7997 2.0992 1.7226 -0.5467 -0.0319 0.2155 5
