vehicle.car -52.8257 1231.6885 0.1155 0.4108 0.2583 29.6009 4.6495 2.1154 1.5596 6.1859 42.5014 -0.5020 3
vehicle.car 57.9543 1149.7436 0.0089 0.5987 0.1161 151.1376 4.9145 2.1034 1.5079 2.9020 14.7978 -0.0474 4
vehicle.car 92.4210 1187.9580 0.0861 1.3281 0.0053 151.8019 4.9954 2.1385 1.4855 2.9020 14.7978 -0.0474 29
vehicle.truck 37.8861 1153.4857 1.0343 0.1786 0.8987 -118.8787 8.8288 3.1457 3.5018 2.9020 14.7978 -0.0474 25
vehicle.car 22.3122 1125.5117 0.0818 1.5894 0.0902 -118.9734 4.9954 2.1385 1.4837 2.9021 14.7978 -0.0474 21
vehicle.car 127.3428 1213.7305 0.8273 0.4114 0.2275 -85.8512 6.1926 2.4695 2.8623 2.9020 14.7978 -0.0474 11
vehicle.truck 15.2722 1121.2859 0.4060 -3.0034 0.7297 60.9002 6.5575 2.5166 2.5104 2.9020 14.7978 -0.0474 27
vehicle.car 30.4840 1161.0574 0.1846 -0.6663 0.4404 -28.9566 4.7997 2.0992 1.7192 2.9020 14.7978 -0.0473 19
vehicle.car 32.1030 1143.0946 0.8185 1.1199 0.3775 -119.0503 6.1926 2.4695 2.8623 2.9020 14.7978 -0.0474 7
vehicle.car 14.9614 1169.6242 0.1202 -0.7338 1.0400 -29.7350 4.6350 2.1608 1.6715 2.9020 14.7978 -0.0474 13
vehicle.truck 83.7564 1236.6685 0.5159 0.4504 0.6358 -114.5057 6.5575 2.5166 2.5270 2.9020 14.7978 -0.0474 23
vehicle.car 66.5310 1144.9963 0.0793 0.4295 0.9151 151.0418 4.6350 2.1608 1.6713 2.9020 14.7978 -0.0474 16
vehicle.bus.rigid 9.6817 1289.6027 1.1589 -0.2845 0.2879 74.1512 12.0306 2.8726 3.5515 -13.7156 33.7118 -0.4326 31
vehicle.bus.rigid 77.3164 1224.5910 1.0944 0.9725 0.5474 -118.7034 12.0306 2.8726 3.5489 2.9020 14.7978 -0.0474 20
vehicle.car 26.2830 1218.7657 0.0687 0.6116 -0.2641 12.0465 4.9145 2.1034 1.4979 2.9020 14.7978 -0.0474 32
vehicle.car 47.0799 1170.0857 0.2044 0.7211 0.5264 -118.9406 4.7000 2.2032 1.7322 2.9020 14.7978 -0.0474 24
vehicle.car 118.7122 1194.5499 0.0974 1.3926 0.2671 -119.0034 4.6495 2.1154 1.5585 2.9020 14.7978 -0.0474 12
vehicle.truck 84.9346 1227.9586 1.0198 0.2621 0.9932 60.9994 8.8288 3.1457 3.4955 2.9020 14.7978 -0.0474 30
vehicle.car 27.0116 1133.9665 0.1428 1.5559 0.9838 -118.8748 4.6350 2.1608 1.6762 2.9020 14.7978 -0.0474 26
vehicle.car 54.9713 1174.0049 0.1917 1.2349 0.4349 61.1693 4.7997 2.0992 1.7220 2.9020 14.7978 -0.0474 22
vehicle.bus.rigid 45.9766 1209.7303 1.0650 0.2826 0.2544 -29.0708 12.0306 2.8726 3.5495 2.9020 14.7978 -0.0474 9
vehicle.car 43.3938 1163.4381 0.0604 0.3332 0.1749 -119.0705 4.9145 2.1034 1.5006 2.9020 14.7978 -0.0474 14
vehicle.car 78.9248 1217.1257 0.1196 0.4489 0.3465 60.9309 4.3470 2.0651 1.5943 2.9020 14.7978 -0.0474 10
vehicle.truck 123.7072 1203.5696 0.5847 1.5503 0.7343 -117.9517 6.5575 2.5166 2.5069 2.9020 14.7978 -0.0474 6
vehicle.car 57.3001 1178.2140 0.0465 1.2228 0.3871 61.1457 4.8306 2.0307 1.4361 2.9020 14.7978 -0.0474 2
vehicle.car 22.8708 1165.2616 0.0177 -0.5880 0.3521 -28.8020 4.8306 2.0307 1.4369 2.9020 14.7978 -0.0474 15
vehicle.car 34.9889 1215.8487 0.0490 0.3273 -0.1852 -27.3212 4.9954 2.1385 1.4884 2.9020 14.7978 -0.0474 8
vehicle.car 21.7363 1217.0637 0.1670 -0.1353 0.5257 48.2572 4.7997 2.0992 1.7226 2.9020 14.7978 -0.0474 5
