vehicle.car 57.9542 1149.7436 0.0089 0.5987 0.1161 151.1376 4.9145 2.1034 1.5079 32.0139 8.2242 -0.3186 4
vehicle.car 59.3587 1144.9905 0.0347 0.0164 0.1367 -29.5512 4.9954 2.1385 1.4855 19.6235 -1.5003 -0.0269 29
vehicle.truck 42.6099 1162.0237 1.0328 0.1753 0.5942 -118.9905 8.8288 3.1457 3.5018 20.4832 22.7574 0.1688 25
vehicle.car 22.3121 1125.5117 0.0818 1.5894 0.0902 -118.9734 4.9954 2.1385 1.4837 32.0139 8.2241 -0.3186 21
vehicle.car 31.0759 1120.6564 -0.0800 0.8492 1.8009 2.4169 4.9047 2.1309 1.4801 32.0139 8.2241 -0.3186 17
vehicle.car 127.3428 1213.7305 0.8273 0.4114 0.2275 -85.8512 6.1926 2.4695 2.8623 32.0139 8.2241 -0.3186 11
vehicle.truck 15.2721 1121.2859 0.4060 -3.0034 0.7297 60.9002 6.5575 2.5166 2.5104 32.0139 8.2241 -0.3186 27
vehicle.car 30.4840 1161.0574 0.1846 -0.6664 0.4404 -28.9566 4.7997 2.0992 1.7192 32.0140 8.2242 -0.3186 19
vehicle.car 32.7725 1144.2827 0.8224 1.0079 0.3777 -118.9612 6.1926 2.4695 2.8623 25.3510 16.6567 -0.1602 7
vehicle.car 66.5309 1144.9963 0.0793 0.4295 0.9151 151.0418 4.6350 2.1608 1.6713 32.0139 8.2241 -0.3186 16
vehicle.bus.rigid 84.6140 1238.5632 1.0317 0.5773 0.3936 -114.5701 12.0306 2.8726 3.5489 16.9343 24.3917 0.1086 20
vehicle.car 26.2829 1218.7657 0.0687 0.6115 -0.2648 12.0465 4.9145 2.1034 1.4979 32.0141 8.2247 -0.3160 32
vehicle.car 68.6856 1208.9941 0.1579 0.4852 0.4380 -119.0347 4.7000 2.2032 1.7322 18.1367 25.7270 0.1559 24
vehicle.car 118.7122 1194.5498 0.0974 1.3927 0.2671 -119.0035 4.6495 2.1154 1.5585 32.0139 8.2241 -0.3186 12
vehicle.truck 84.9345 1227.9586 1.0198 0.2621 0.9932 60.9994 8.8288 3.1457 3.4955 32.0139 8.2241 -0.3186 30
vehicle.car 27.0114 1133.9665 0.1428 1.5559 0.9838 -118.8749 4.6350 2.1608 1.6762 32.0139 8.2241 -0.3185 26
vehicle.car 54.9712 1174.0049 0.1917 1.2349 0.4349 61.1692 4.7997 2.0992 1.7220 32.0139 8.2241 -0.3186 22
vehicle.bus.rigid 45.9766 1209.7303 1.0650 0.2826 0.2544 -29.0708 12.0306 2.8726 3.5495 32.0139 8.2241 -0.3186 9
vehicle.car 26.3380 1112.9388 -0.0606 -1.0243 -1.3134 -177.5593 4.9145 2.1583 1.5012 32.0139 8.2241 -0.3186 18
vehicle.car 55.3858 1185.0502 0.0665 0.4325 -0.9312 -118.9972 4.9145 2.1034 1.5006 16.9358 27.2237 0.2376 14
vehicle.truck 123.7071 1203.5696 0.5847 1.5503 0.7343 -117.9518 6.5575 2.5166 2.5069 32.0139 8.2241 -0.3186 6
vehicle.car 57.3000 1178.2140 0.0465 1.2228 0.3871 61.1456 4.8306 2.0307 1.4361 32.0140 8.2241 -0.3185 2
vehicle.car 34.9888 1215.8487 0.0490 0.3274 -0.1852 -27.3212 4.9954 2.1385 1.4884 32.0139 8.2242 -0.3186 8
