vehicle.car 57.9543 1149.7439 0.0089 0.5987 0.1161 151.1376 4.9145 2.1034 1.5079 -0.6551 28.3871 0.2208 4
vehicle.car 92.4210 1187.9583 0.0861 1.3281 0.0053 151.8020 4.9954 2.1385 1.4855 -0.6551 28.3871 0.2208 29
vehicle.truck 37.8861 1153.4860 1.0343 0.1786 0.8987 -118.8787 8.8288 3.1457 3.5018 -0.6551 28.3871 0.2208 25
vehicle.car 22.3122 1125.5120 0.0818 1.5893 0.0902 -118.9734 4.9954 2.1385 1.4837 -0.6551 28.3871 0.2208 21
vehicle.car 127.3428 1213.7308 0.8273 0.4114 0.2275 -85.8512 6.1926 2.4695 2.8623 -0.6551 28.3871 0.2208 11
vehicle.car 30.4840 1161.0577 0.1846 -0.6663 0.4404 -28.9566 4.7997 2.0992 1.7192 -0.6551 28.3870 0.2209 19
vehicle.car 32.1030 1143.0949 0.8185 1.1199 0.3775 -119.0503 6.1926 2.4695 2.8623 -0.6551 28.3871 0.2208 7
vehicle.car 14.9614 1169.6245 0.1202 -0.7338 1.0400 -29.7350 4.6350 2.1608 1.6715 -0.6551 28.3871 0.2208 13
vehicle.truck 83.7565 1236.6688 0.5159 0.4504 0.6358 -114.5057 6.5575 2.5166 2.5270 -0.6551 28.3871 0.2208 23
vehicle.car 66.5310 1144.9966 0.0793 0.4295 0.9151 151.0418 4.6350 2.1608 1.6713 -0.6551 28.3871 0.2208 16
vehicle.bus.rigid -8.3816 1256.9250 1.1593 -0.4194 0.3142 43.8738 12.0306 2.8726 3.5515 -8.1472 52.4239 0.1853 31
vehicle.bus.rigid 77.3164 1224.5913 1.0944 0.9725 0.5474 -118.7034 12.0306 2.8726 3.5489 -0.6551 28.3871 0.2208 20
vehicle.car 47.0799 1170.0860 0.2044 0.7211 0.5264 -118.9406 4.7000 2.2032 1.7322 -0.6551 28.3871 0.2208 24
vehicle.car 118.7122 1194.5501 0.0974 1.3926 0.2671 -119.0035 4.6495 2.1154 1.5585 -0.6551 28.3871 0.2208 12
vehicle.truck 84.9346 1227.9589 1.0198 0.2621 0.9932 60.9994 8.8288 3.1457 3.4955 -0.6551 28.3871 0.2208 30
vehicle.car 27.0115 1133.9668 0.1428 1.5559 0.9838 -118.8749 4.6350 2.1608 1.6762 -0.6551 28.3871 0.2208 26
vehicle.car 54.9713 1174.0052 0.1917 1.2349 0.4349 61.1692 4.7997 2.0992 1.7220 -0.6551 28.3871 0.2208 22
vehicle.bus.rigid 45.9766 1209.7306 1.0650 0.2826 0.2544 -29.0708 12.0306 2.8726 3.5495 -0.6551 28.3871 0.2208 9
vehicle.car 43.3938 1163.4384 0.0604 0.3332 0.1749 -119.0706 4.9145 2.1034 1.5006 -0.6551 28.3871 0.2208 14
vehicle.car 78.9248 1217.1260 0.1196 0.4488 0.3464 60.9309 4.3470 2.0651 1.5943 -0.6551 28.3870 0.2208 10
vehicle.truck 123.7072 1203.5699 0.5847 1.5503 0.7343 -117.9518 6.5575 2.5166 2.5069 -0.6551 28.3871 0.2208 6
vehicle.car 57.3001 1178.2143 0.0465 1.2228 0.3871 61.1456 4.8306 2.0307 1.4361 -0.6551 28.3871 0.2208 2
vehicle.car 22.8708 1165.2619 0.0177 -0.5880 0.3521 -28.8020 4.8306 2.0307 1.4369 -0.6551 28.3871 0.2208 15
vehicle.car 34.9889 1215.8490 0.0490 0.3273 -0.1852 -27.3212 4.9954 2.1385 1.4884 -0.6551 28.3870 0.2208 8
