vehicle.car 0.3339 1094.2095 -0.0437 2.1416 0.2876 -119.2722 4.3470 2.1044 1.6213 -12.7240 12.2507 1.1618 28
vehicle.car 57.9543 1149.7440 0.0089 0.5987 0.1161 151.1376 4.9145 2.1034 1.5079 -12.7240 12.2507 1.1617 4
vehicle.car 24.6457 1119.3600 0.0870 1.5045 0.1483 61.0951 4.9954 2.1385 1.4855 19.9306 32.5436 -0.1350 29
vehicle.truck 68.4150 1208.5249 1.0089 0.4906 0.7697 -119.0275 8.8288 3.1457 3.5018 -31.3485 0.6874 1.9283 25
vehicle.car 22.4678 1125.7887 0.0822 1.5842 0.3153 -118.9752 4.9954 2.1385 1.4837 -18.3876 8.7804 1.3738 21
vehicle.car 31.0760 1120.6568 -0.0800 0.8492 1.8009 2.4169 4.9047 2.1309 1.4801 -12.7240 12.2507 1.1617 17
vehicle.truck 15.2722 1121.2863 0.4060 -3.0034 0.7297 60.9002 6.5575 2.5166 2.5104 -12.7240 12.2507 1.1617 27
vehicle.car 30.4840 1161.0578 0.1846 -0.6663 0.4404 -28.9566 4.7997 2.0992 1.7192 -12.7240 12.2506 1.1617 19
vehicle.car 54.9498 1184.2669 0.7953 0.2371 -0.5677 -119.0319 6.1926 2.4695 2.8623 -35.2362 -1.7577 1.9821 7
vehicle.car 2.4046 1185.0517 0.1299 -0.6768 0.6775 -92.5688 4.6350 2.1608 1.6715 -19.0721 -0.5241 1.6285 13
vehicle.car 66.5310 1144.9967 0.0793 0.4295 0.9151 151.0418 4.6350 2.1608 1.6713 -12.7240 12.2507 1.1617 16
vehicle.bus.rigid -13.3281 1062.3217 1.0637 -0.0977 0.5304 -123.3168 12.0306 2.8726 3.5515 -41.0989 -1.2352 2.1428 31
vehicle.car 8.3250 1194.5465 0.0430 -0.7595 0.1820 65.0999 4.9145 2.1034 1.4979 -2.2207 19.3569 0.7486 32
vehicle.car 35.0583 1148.3444 0.1420 -0.4386 0.8186 -118.9499 4.6350 2.1608 1.6762 -31.2299 0.7253 1.9436 26
vehicle.car 52.2864 1169.1304 0.1886 1.1641 0.5228 61.4642 4.7997 2.0992 1.7220 0.0750 20.3239 0.6931 22
vehicle.bus.rigid 45.9766 1209.7307 1.0650 0.2826 0.2544 -29.0708 12.0306 2.8726 3.5495 -12.7240 12.2507 1.1617 9
vehicle.car 26.3381 1112.9392 -0.0606 -1.0243 -1.3134 -177.5593 4.9145 2.1583 1.5012 -12.7240 12.2507 1.1617 18
vehicle.car 22.4720 1165.4823 0.0174 -0.5916 0.5671 -28.8068 4.8306 2.0307 1.4369 -9.0989 6.4465 1.1647 15
vehicle.car 32.6198 1217.1039 0.0497 0.2868 0.2038 -22.7108 4.9954 2.1385 1.4884 -6.2531 2.8606 1.3563 8
vehicle.car 7.2799 1180.4712 0.1876 -0.5837 0.6281 124.5593 4.7997 2.0992 1.7226 -12.7319 12.2049 1.1979 5
