vehicle.car 57.9543 1149.7435 0.0089 0.5987 0.1161 151.1376 4.9145 2.1034 1.5079 28.0999 9.2548 -0.2631 4
vehicle.car 60.1371 1144.5536 0.0338 0.0118 0.1268 -29.5051 4.9954 2.1385 1.4855 15.6565 -1.3440 0.0187 29
vehicle.truck 42.1340 1161.1642 1.0373 0.1698 0.5176 -118.9857 8.8288 3.1457 3.5018 17.0687 22.0876 0.0125 25
vehicle.car 22.3122 1125.5116 0.0818 1.5894 0.0902 -118.9734 4.9954 2.1385 1.4837 28.0999 9.2548 -0.2631 21
vehicle.car 31.0760 1120.6562 -0.0800 0.8492 1.8009 2.4169 4.9047 2.1309 1.4801 28.0999 9.2548 -0.2631 17
vehicle.car 127.3429 1213.7303 0.8273 0.4114 0.2275 -85.8512 6.1926 2.4695 2.8623 28.0999 9.2548 -0.2631 11
vehicle.truck 15.2722 1121.2857 0.4060 -3.0034 0.7297 60.9002 6.5575 2.5166 2.5104 28.0999 9.2548 -0.2631 27
vehicle.car 30.4841 1161.0572 0.1846 -0.6663 0.4404 -28.9566 4.7997 2.0992 1.7192 28.0999 9.2548 -0.2631 19
vehicle.car 32.4892 1143.7766 0.8206 1.0460 0.3955 -118.9915 6.1926 2.4695 2.8623 21.5884 16.9055 -0.1230 7
vehicle.car 66.5310 1144.9962 0.0793 0.4295 0.9151 151.0417 4.6350 2.1608 1.6713 28.0999 9.2548 -0.2631 16
vehicle.bus.rigid 84.1016 1237.4427 1.0278 0.5831 0.3266 -114.5795 12.0306 2.8726 3.5489 12.4266 25.0758 -0.0121 20
vehicle.car 26.2830 1218.7656 0.0687 0.6116 -0.2640 12.0465 4.9145 2.1034 1.4979 28.0999 9.2546 -0.2638 32
vehicle.car 68.0807 1207.9071 0.1611 0.5223 0.2806 -119.0642 4.7000 2.2032 1.7322 13.4885 26.3289 0.0822 24
vehicle.car 118.7123 1194.5496 0.0974 1.3926 0.2671 -119.0035 4.6495 2.1154 1.5585 28.0999 9.2548 -0.2631 12
vehicle.truck 84.9346 1227.9585 1.0198 0.2621 0.9932 60.9994 8.8288 3.1457 3.4955 28.0999 9.2548 -0.2631 30
vehicle.car 27.0115 1133.9664 0.1428 1.5559 0.9838 -118.8749 4.6350 2.1608 1.6762 28.0999 9.2548 -0.2631 26
vehicle.car 54.9713 1174.0047 0.1917 1.2349 0.4349 61.1692 4.7997 2.0992 1.7220 28.0999 9.2548 -0.2631 22
vehicle.bus.rigid 45.9767 1209.7302 1.0650 0.2826 0.2544 -29.0708 12.0306 2.8726 3.5495 28.0999 9.2548 -0.2631 9
vehicle.car 26.3381 1112.9387 -0.0606 -1.0243 -1.3134 -177.5593 4.9145 2.1583 1.5012 28.0999 9.2548 -0.2631 18
vehicle.car 54.7364 1183.8757 0.0637 0.3520 -0.7918 -119.0480 4.9145 2.1034 1.5006 12.4842 27.5017 0.1723 14
vehicle.truck 123.7072 1203.5694 0.5847 1.5503 0.7343 -117.9518 6.5575 2.5166 2.5069 28.0999 9.2548 -0.2631 6
vehicle.car 57.3001 1178.2138 0.0465 1.2228 0.3871 61.1456 4.8306 2.0307 1.4361 28.0999 9.2548 -0.2631 2
vehicle.car 34.9889 1215.8486 0.0490 0.3273 -0.1851 -27.3212 4.9954 2.1385 1.4884 28.0999 9.2548 -0.2632 8
vehicle.car 8.7857 1195.5161 0.1514 -0.8296 0.4072 64.0158 4.7997 2.0992 1.7226 39.5113 -3.5042 -0.5354 5
