vehicle.car 57.9543 1149.7434 0.0090 0.5987 0.1161 151.1376 4.9145 2.1034 1.5079 -0.9827 20.6650 -0.2663 4
vehicle.car 101.7055 1182.6109 0.0635 1.1499 -0.5189 140.9893 4.9954 2.1385 1.4855 -15.8075 13.2752 -0.0855 29
vehicle.truck 37.8861 1153.4855 1.0343 0.1786 0.8987 -118.8787 8.8288 3.1457 3.5018 -0.9827 20.6650 -0.2663 25
vehicle.car 22.3122 1125.5115 0.0818 1.5894 0.0902 -118.9734 4.9954 2.1385 1.4837 -0.9827 20.6650 -0.2663 21
vehicle.car 127.3428 1213.7303 0.8273 0.4114 0.2275 -85.8512 6.1926 2.4695 2.8623 -0.9827 20.6650 -0.2663 11
vehicle.truck 15.2722 1121.2856 0.4060 -3.0034 0.7298 60.9002 6.5575 2.5166 2.5104 -0.9827 20.6650 -0.2663 27
vehicle.car 30.4840 1161.0571 0.1847 -0.6663 0.4404 -28.9566 4.7997 2.0992 1.7192 -0.9827 20.6649 -0.2663 19
vehicle.car 32.1031 1143.0944 0.8185 1.1199 0.3775 -119.0503 6.1926 2.4695 2.8623 -0.9828 20.6650 -0.2663 7
vehicle.car 14.9614 1169.6240 0.1202 -0.7338 1.0400 -29.7349 4.6350 2.1608 1.6715 -0.9827 20.6650 -0.2663 13
vehicle.car 66.5310 1144.9961 0.0793 0.4296 0.9151 151.0418 4.6350 2.1608 1.6713 -0.9827 20.6650 -0.2663 16
vehicle.bus.rigid 77.3164 1224.5907 1.0944 0.9725 0.5474 -118.7034 12.0306 2.8726 3.5489 -0.9827 20.6650 -0.2663 20
vehicle.car 118.7122 1194.5496 0.0974 1.3927 0.2671 -119.0034 4.6495 2.1154 1.5585 -0.9828 20.6650 -0.2663 12
vehicle.truck 84.9346 1227.9584 1.0198 0.2621 0.9932 60.9994 8.8288 3.1457 3.4955 -0.9827 20.6650 -0.2663 30
vehicle.car 27.0115 1133.9663 0.1428 1.5559 0.9838 -118.8749 4.6350 2.1608 1.6762 -0.9827 20.6650 -0.2663 26
vehicle.car 54.9713 1174.0047 0.1917 1.2349 0.4349 61.1692 4.7997 2.0992 1.7220 -0.9827 20.6650 -0.2663 22
vehicle.bus.rigid 45.9766 1209.7301 1.0650 0.2826 0.2544 -29.0708 12.0306 2.8726 3.5495 -0.9827 20.6650 -0.2663 9
vehicle.car 43.3938 1163.4379 0.0604 0.3332 0.1749 -119.0706 4.9145 2.1034 1.5006 -0.9827 20.6650 -0.2663 14
vehicle.car 78.9248 1217.1255 0.1196 0.4488 0.3464 60.9309 4.3470 2.0651 1.5943 -0.9827 20.6650 -0.2663 10
vehicle.truck 123.7072 1203.5694 0.5847 1.5503 0.7343 -117.9518 6.5575 2.5166 2.5069 -0.9827 20.6650 -0.2663 6
vehicle.car 57.3001 1178.2138 0.0465 1.2228 0.3871 61.1456 4.8306 2.0307 1.4361 -0.9827 20.6650 -0.2663 2
vehicle.car 22.8708 1165.2614 0.0177 -0.5880 0.3521 -28.8020 4.8306 2.0307 1.4369 -0.9827 20.6650 -0.2663 15
vehicle.car 21.7363 1217.0635 0.1670 -0.1353 0.5257 48.2572 4.7997 2.0992 1.7226 -0.9827 20.6650 -0.2663 5
