vehicle.car 57.9543 1149.7434 0.0089 0.5987 0.1161 151.1376 4.9145 2.1034 1.5079 -1.0168 20.6194 -0.2829 4
vehicle.car 105.2506 1179.5515 0.0354 0.3974 0.0245 127.0069 4.9954 2.1385 1.4855 -14.4469 16.6313 -0.2015 29
vehicle.truck 37.8862 1153.4855 1.0343 0.1786 0.8987 -118.8787 8.8288 3.1457 3.5018 -1.0168 20.6194 -0.2829 25
vehicle.car 22.3122 1125.5115 0.0818 1.5894 0.0902 -118.9734 4.9954 2.1385 1.4837 -1.0168 20.6194 -0.2828 21
vehicle.car 31.0760 1120.6561 -0.0801 0.8492 1.8009 2.4169 4.9047 2.1309 1.4801 -1.0168 20.6194 -0.2829 17
vehicle.car 127.3429 1213.7303 0.8273 0.4114 0.2275 -85.8512 6.1926 2.4695 2.8623 -1.0168 20.6194 -0.2829 11
vehicle.truck 15.2722 1121.2856 0.4060 -3.0034 0.7297 60.9002 6.5575 2.5166 2.5104 -1.0168 20.6194 -0.2829 27
vehicle.car 30.4841 1161.0572 0.1846 -0.6663 0.4404 -28.9566 4.7997 2.0992 1.7192 -1.0168 20.6195 -0.2829 19
vehicle.car 32.1030 1143.0944 0.8185 1.1199 0.3775 -119.0504 6.1926 2.4695 2.8623 -1.0168 20.6194 -0.2829 7
vehicle.car 66.5310 1144.9961 0.0793 0.4295 0.9151 151.0418 4.6350 2.1608 1.6713 -1.0168 20.6194 -0.2829 16
vehicle.bus.rigid 77.3165 1224.5908 1.0944 0.9725 0.5475 -118.7035 12.0306 2.8726 3.5489 -1.0168 20.6194 -0.2829 20
vehicle.car 47.0799 1170.0855 0.2044 0.7211 0.5264 -118.9406 4.7000 2.2032 1.7322 -1.0168 20.6194 -0.2829 24
vehicle.car 118.7123 1194.5496 0.0974 1.3926 0.2671 -119.0035 4.6495 2.1154 1.5585 -1.0167 20.6194 -0.2828 12
vehicle.truck 84.9346 1227.9585 1.0198 0.2621 0.9932 60.9993 8.8288 3.1457 3.4955 -1.0168 20.6194 -0.2829 30
vehicle.car 27.0115 1133.9663 0.1428 1.5559 0.9838 -118.8749 4.6350 2.1608 1.6762 -1.0168 20.6194 -0.2829 26
vehicle.car 54.9714 1174.0047 0.1917 1.2349 0.4349 61.1692 4.7997 2.0992 1.7220 -1.0168 20.6194 -0.2828 22
vehicle.bus.rigid 45.9767 1209.7302 1.0650 0.2826 0.2544 -29.0708 12.0306 2.8726 3.5495 -1.0168 20.6194 -0.2829 9
vehicle.car 26.3381 1112.9386 -0.0607 -1.0243 -1.3134 -177.5593 4.9145 2.1583 1.5012 -1.0167 20.6194 -0.2828 18
vehicle.car 43.3938 1163.4379 0.0604 0.3332 0.1749 -119.0706 4.9145 2.1034 1.5006 -1.0168 20.6194 -0.2829 14
vehicle.car 78.9248 1217.1256 0.1197 0.4488 0.3464 60.9309 4.3470 2.0651 1.5943 -1.0167 20.6194 -0.2829 10
vehicle.truck 123.7073 1203.5694 0.5847 1.5503 0.7343 -117.9518 6.5575 2.5166 2.5069 -1.0168 20.6194 -0.2829 6
vehicle.car 57.3001 1178.2138 0.0465 1.2228 0.3870 61.1456 4.8306 2.0307 1.4361 -1.0168 20.6194 -0.2828 2
vehicle.car 21.7363 1217.0635 0.1670 -0.1353 0.5257 48.2572 4.7997 2.0992 1.7226 -1.0168 20.6194 -0.2828 5
