vehicle.car 0.3339 1094.2093 -0.0437 2.1416 0.2876 -119.2723 4.3470 2.1044 1.6213 -14.4963 13.7375 1.0652 28
vehicle.car 57.9543 1149.7439 0.0089 0.5987 0.1161 151.1376 4.9145 2.1034 1.5079 -14.4963 13.7375 1.0652 4
vehicle.car 18.9704 1109.1233 0.0933 1.4991 0.1359 61.0778 4.9954 2.1385 1.4855 17.8097 33.9901 0.0346 29
vehicle.truck 71.6929 1214.4326 1.0006 0.5715 0.5649 -119.0557 8.8288 3.1457 3.5018 -34.8434 0.9786 1.8839 25
vehicle.car 24.2789 1129.0466 0.0817 1.5601 0.1537 -118.9944 4.9954 2.1385 1.4837 -27.7152 5.4680 1.4855 21
vehicle.car 31.0760 1120.6566 -0.0800 0.8492 1.8009 2.4169 4.9047 2.1309 1.4801 -14.4963 13.7375 1.0652 17
vehicle.truck 15.2722 1121.2861 0.4060 -3.0034 0.7297 60.9002 6.5575 2.5166 2.5104 -14.4963 13.7375 1.0651 27
vehicle.car 30.4840 1161.0576 0.1846 -0.6663 0.4404 -28.9566 4.7997 2.0992 1.7192 -14.4963 13.7375 1.0651 19
vehicle.car 58.8147 1191.2628 0.7932 0.7678 0.0209 -118.9866 6.1926 2.4695 2.8623 -36.3623 0.0297 1.6498 7
vehicle.car 2.7502 1189.4211 0.1132 -0.8591 0.8018 -106.0679 4.6350 2.1608 1.6715 -23.9121 2.7789 1.4341 13
vehicle.car 66.5310 1144.9965 0.0793 0.4295 0.9151 151.0418 4.6350 2.1608 1.6713 -14.4963 13.7375 1.0651 16
vehicle.bus.rigid -8.2728 1070.4648 1.0954 0.9537 0.4636 -119.3895 12.0306 2.8726 3.5515 -41.3259 -2.4216 1.8889 31
vehicle.car 7.0640 1191.8280 0.0458 -0.8684 0.2986 71.0457 4.9145 2.1034 1.4979 -9.1271 17.8738 0.8903 32
vehicle.car 38.1417 1153.9537 0.1387 0.5393 1.0917 -118.9117 4.6350 2.1608 1.6762 -31.1304 3.3002 1.5222 26
vehicle.car 49.1007 1163.3232 0.1741 0.4690 0.1286 61.3226 4.7997 2.0992 1.7220 11.4685 30.1729 0.5495 22
vehicle.bus.rigid 45.9766 1209.7305 1.0650 0.2826 0.2544 -29.0708 12.0306 2.8726 3.5495 -14.4963 13.7375 1.0651 9
vehicle.car 26.3381 1112.9390 -0.0606 -1.0243 -1.3134 -177.5593 4.9145 2.1583 1.5012 -14.4964 13.7375 1.0651 18
vehicle.car 19.6495 1167.0338 0.0123 -0.6083 0.3877 -28.7512 4.8306 2.0307 1.4369 -8.1374 3.6922 0.9157 15
vehicle.car 8.4029 1178.7806 0.1840 -0.7882 0.3607 133.2772 4.7997 2.0992 1.7226 -15.9959 24.3223 1.1229 5
