vehicle.car 0.3339 1094.2088 -0.0437 2.1416 0.2876 -119.2723 4.3470 2.1044 1.6213 -14.4755 13.6507 1.1473 28
vehicle.car -16.0715 1058.6383 0.0754 0.3612 0.6300 -127.6587 4.6495 2.1154 1.5596 -40.2602 3.0356 1.9718 3
vehicle.car 57.9543 1149.7434 0.0089 0.5987 0.1161 151.1376 4.9145 2.1034 1.5079 -14.4754 13.6506 1.1473 4
vehicle.car -0.3452 1074.2823 0.0846 1.7862 0.0333 60.6090 4.9954 2.1385 1.4855 17.4497 33.3916 0.1001 29
vehicle.car 35.0842 1148.3908 0.0805 -0.3483 -0.0163 -118.9545 4.9954 2.1385 1.4837 -34.1568 1.2484 1.9351 21
vehicle.car 31.0760 1120.6561 -0.0800 0.8492 1.8009 2.4169 4.9047 2.1309 1.4801 -14.4755 13.6506 1.1473 17
vehicle.truck 15.2722 1121.2856 0.4060 -3.0034 0.7297 60.9002 6.5575 2.5166 2.5104 -14.4754 13.6507 1.1473 27
vehicle.car 30.4840 1161.0571 0.1846 -0.6663 0.4404 -28.9566 4.7997 2.0992 1.7192 -14.4755 13.6506 1.1473 19
vehicle.bus.rigid 7.7814 1099.3850 1.0937 1.8004 0.3671 -118.9074 12.0306 2.8726 3.5515 -41.0410 -3.0445 2.0570 31
vehicle.car 49.2438 1173.9925 0.1572 0.7389 1.0393 -118.9557 4.6350 2.1608 1.6762 -37.2585 -0.6926 1.9050 26
vehicle.car 30.8596 1130.5831 0.1911 0.9878 0.2302 61.0794 4.7997 2.0992 1.7220 16.3350 33.1462 0.2801 22
vehicle.car 26.3381 1112.9386 -0.0606 -1.0243 -1.3134 -177.5593 4.9145 2.1583 1.5012 -14.4754 13.6506 1.1474 18
