vehicle.car 0.3338 1094.2094 -0.0437 2.1416 0.2876 -119.2723 4.3470 2.1044 1.6213 1.3054 15.8494 -0.0595 28
vehicle.car 57.9543 1149.7439 0.0089 0.5987 0.1161 151.1376 4.9145 2.1034 1.5079 1.3054 15.8494 -0.0595 4
vehicle.car 36.8410 1141.2086 0.0733 0.7562 0.0589 59.6504 4.9954 2.1385 1.4855 34.4450 16.8991 -0.4016 29
vehicle.truck 60.6778 1194.6104 1.0177 0.6038 0.7353 -119.0617 8.8288 3.1457 3.5018 -23.8825 14.2605 0.2324 25
vehicle.car 22.3122 1125.5120 0.0818 1.5894 0.0902 -118.9734 4.9954 2.1385 1.4837 1.3055 15.8494 -0.0596 21
vehicle.car 31.0760 1120.6566 -0.0800 0.8492 1.8009 2.4169 4.9047 2.1309 1.4801 1.3054 15.8494 -0.0595 17
vehicle.truck 15.2722 1121.2862 0.4060 -3.0034 0.7297 60.9002 6.5575 2.5166 2.5104 1.3055 15.8494 -0.0595 27
vehicle.car 30.4840 1161.0576 0.1846 -0.6663 0.4403 -28.9566 4.7997 2.0992 1.7192 1.3055 15.8494 -0.0595 19
vehicle.car 46.1124 1168.3684 0.8181 0.7362 0.1998 -119.0278 6.1926 2.4695 2.8623 -26.5304 14.0827 0.2378 7
vehicle.car 5.7091 1176.5366 0.1444 -0.8550 1.0327 -57.2423 4.6350 2.1608 1.6715 -3.2049 3.2354 0.2220 13
vehicle.car 66.5310 1144.9966 0.0793 0.4295 0.9151 151.0418 4.6350 2.1608 1.6713 1.3055 15.8494 -0.0595 16
vehicle.car 13.8960 1204.7700 0.0460 -0.4122 0.1821 60.9358 4.9145 2.1034 1.4979 21.0887 17.1164 -0.2798 32
vehicle.car 118.7122 1194.5501 0.0974 1.3927 0.2671 -119.0035 4.6495 2.1154 1.5585 1.3055 15.8494 -0.0595 12
vehicle.truck 84.9346 1227.9589 1.0198 0.2621 0.9932 60.9994 8.8288 3.1457 3.4955 1.3055 15.8494 -0.0595 30
vehicle.car 28.8866 1137.3347 0.1429 1.4982 1.1722 -119.0408 4.6350 2.1608 1.6762 -12.7421 14.9598 0.0919 26
vehicle.car 54.9713 1174.0051 0.1912 1.2365 0.4119 61.1686 4.7997 2.0992 1.7220 1.3151 15.8509 -0.0474 22
vehicle.bus.rigid 45.9766 1209.7306 1.0650 0.2826 0.2544 -29.0708 12.0306 2.8726 3.5495 1.3055 15.8494 -0.0595 9
vehicle.car 26.3381 1112.9391 -0.0606 -1.0243 -1.3134 -177.5593 4.9145 2.1583 1.5012 1.3055 15.8494 -0.0595 18
vehicle.car 78.9248 1217.1260 0.1196 0.4488 0.3464 60.9309 4.3470 2.0651 1.5943 1.3055 15.8494 -0.0595 10
vehicle.truck 123.7072 1203.5698 0.5847 1.5503 0.7343 -117.9518 6.5575 2.5166 2.5069 1.3055 15.8494 -0.0595 6
vehicle.car 57.2999 1178.2141 0.0478 1.2216 0.3637 61.1450 4.8306 2.0307 1.4361 1.3036 15.8483 -0.0986 2
vehicle.car 22.8707 1165.2619 0.0177 -0.5880 0.3521 -28.8020 4.8306 2.0307 1.4369 1.3054 15.8494 -0.0595 15
vehicle.car 34.9889 1215.8490 0.0490 0.3274 -0.1852 -27.3212 4.9954 2.1385 1.4884 1.3054 15.8494 -0.0595 8
vehicle.car 7.0900 1180.8447 0.1877 -0.6032 0.5453 122.4544 4.7997 2.0992 1.7226 2.5295 17.7442 -0.1150 5
