vehicle.car 92.4210 1187.9579 0.0861 1.3281 0.0053 151.8019 4.9954 2.1385 1.4855 -1.0645 37.9253 0.0074 29
vehicle.car 127.3428 1213.7303 0.8273 0.4114 0.2275 -85.8513 6.1926 2.4695 2.8623 -1.0645 37.9253 0.0074 11
vehicle.truck 83.7565 1236.6683 0.5159 0.4504 0.6358 -114.5057 6.5575 2.5166 2.5270 -1.0645 37.9253 0.0074 23
vehicle.bus.rigid 5.3303 1277.0637 1.1528 -0.2369 0.3856 63.7104 12.0306 2.8726 3.5515 -16.3897 57.9431 -0.4216 31
vehicle.bus.rigid 77.3164 1224.5908 1.0944 0.9725 0.5474 -118.7035 12.0306 2.8726 3.5489 -1.0645 37.9253 0.0074 20
vehicle.car 26.2830 1218.7656 0.0687 0.6116 -0.2641 12.0464 4.9145 2.1034 1.4979 -1.0645 37.9253 0.0074 32
vehicle.car 118.7122 1194.5496 0.0974 1.3927 0.2671 -119.0035 4.6495 2.1154 1.5585 -1.0646 37.9252 0.0073 12
vehicle.bus.rigid 45.9766 1209.7302 1.0650 0.2826 0.2544 -29.0708 12.0306 2.8726 3.5495 -1.0645 37.9253 0.0074 9
vehicle.car 78.9248 1217.1256 0.1196 0.4488 0.3464 60.9308 4.3470 2.0651 1.5943 -1.0645 37.9253 0.0074 10
vehicle.truck 123.7072 1203.5694 0.5847 1.5503 0.7343 -117.9518 6.5575 2.5166 2.5069 -1.0645 37.9253 0.0074 6
vehicle.car 34.9889 1215.8486 0.0490 0.3274 -0.1852 -27.3212 4.9954 2.1385 1.4884 -1.0645 37.9253 0.0074 8
vehicle.car 21.7363 1217.0636 0.1670 -0.1353 0.5257 48.2572 4.7997 2.0992 1.7226 -1.0645 37.9253 0.0074 5
