vehicle.car 57.9543 1149.7437 0.0089 0.5987 0.1161 151.1376 4.9145 2.1034 1.5079 -0.0000 0.0000 -0.0000 4
vehicle.car 92.4210 1187.9581 0.0861 1.3281 0.0053 151.8020 4.9954 2.1385 1.4855 -0.0000 0.0000 -0.0000 29
vehicle.truck 37.8861 1153.4858 1.0343 0.1786 0.8987 -118.8787 8.8288 3.1457 3.5018 -0.0000 0.0000 0.0000 25
vehicle.car 22.3122 1125.5118 0.0818 1.5894 0.0902 -118.9734 4.9954 2.1385 1.4837 -0.0000 0.0000 -0.0000 21
vehicle.car 31.0760 1120.6564 -0.0800 0.8492 1.8009 2.4169 4.9047 2.1309 1.4801 -0.0000 0.0000 -0.0000 17
vehicle.car 127.3428 1213.7306 0.8273 0.4114 0.2275 -85.8512 6.1926 2.4695 2.8623 -0.0000 0.0000 -0.0000 11
vehicle.car 32.1030 1143.0947 0.8185 1.1199 0.3775 -119.0503 6.1926 2.4695 2.8623 -0.0000 0.0000 -0.0000 7
vehicle.car 14.9613 1169.6243 0.1202 -0.7338 1.0400 -29.7349 4.6350 2.1608 1.6715 -0.0000 0.0000 0.0000 13
vehicle.car 66.5310 1144.9964 0.0793 0.4295 0.9151 151.0418 4.6350 2.1608 1.6713 -0.0000 0.0000 -0.0000 16
vehicle.bus.rigid 77.3164 1224.5911 1.0944 0.9725 0.5474 -118.7035 12.0306 2.8726 3.5489 -0.0000 0.0000 -0.0000 20
vehicle.car 118.7122 1194.5499 0.0974 1.3927 0.2671 -119.0035 4.6495 2.1154 1.5585 -0.0000 0.0000 0.0000 12
vehicle.truck 84.9345 1227.9587 1.0198 0.2621 0.9932 60.9994 8.8288 3.1457 3.4955 -0.0000 0.0000 0.0000 30
vehicle.car 27.0115 1133.9666 0.1428 1.5559 0.9838 -118.8749 4.6350 2.1608 1.6762 -0.0000 0.0000 0.0000 26
vehicle.car 54.9713 1174.0050 0.1917 1.2349 0.4349 61.1692 4.7997 2.0992 1.7220 -0.0000 0.0000 -0.0000 22
vehicle.bus.rigid 45.9766 1209.7304 1.0650 0.2826 0.2544 -29.0708 12.0306 2.8726 3.5495 -0.0000 0.0000 -0.0000 9
vehicle.car 26.3381 1112.9389 -0.0606 -1.0243 -1.3134 -177.5593 4.9145 2.1583 1.5012 -0.0000 0.0000 0.0000 18
vehicle.car 43.3938 1163.4382 0.0604 0.3331 0.1749 -119.0706 4.9145 2.1034 1.5006 -0.0000 0.0000 -0.0000 14
vehicle.car 78.9248 1217.1258 0.1197 0.4488 0.3464 60.9309 4.3470 2.0651 1.5943 0.0000 0.0000 -0.0000 10
vehicle.truck 123.7072 1203.5697 0.5847 1.5503 0.7343 -117.9518 6.5575 2.5166 2.5069 -0.0000 0.0000 -0.0000 6
vehicle.car 57.3000 1178.2141 0.0465 1.2228 0.3870 61.1456 4.8306 2.0307 1.4361 -0.0000 0.0000 -0.0000 2
vehicle.car 22.8707 1165.2617 0.0177 -0.5879 0.3521 -28.8020 4.8306 2.0307 1.4369 0.0000 0.0000 0.0001 15
vehicle.car 34.9888 1215.8488 0.0490 0.3273 -0.1852 -27.3212 4.9954 2.1385 1.4884 -0.0000 0.0000 0.0000 8
vehicle.car 21.7363 1217.0638 0.1670 -0.1353 0.5257 48.2572 4.7997 2.0992 1.7226 0.0000 0.0000 0.0000 5
