vehicle.car 57.9542 1149.7436 0.0089 0.5987 0.1161 151.1376 4.9145 2.1034 1.5079 -6.2135 5.6210 0.4021 4
vehicle.car 97.3865 1148.8797 -0.0099 1.3983 -0.5337 61.6010 4.9954 2.1385 1.4855 -2.4835 8.0324 0.3196 29
vehicle.truck 37.8860 1153.4857 1.0343 0.1786 0.8987 -118.8788 8.8288 3.1457 3.5018 -6.2135 5.6210 0.4021 25
vehicle.car 127.3428 1213.7304 0.8273 0.4114 0.2275 -85.8512 6.1926 2.4695 2.8623 -6.2135 5.6210 0.4021 11
vehicle.truck 15.2721 1121.2859 0.4060 -3.0034 0.7297 60.9002 6.5575 2.5166 2.5104 -6.2135 5.6210 0.4021 27
vehicle.car 30.4839 1161.0573 0.1846 -0.6663 0.4404 -28.9566 4.7997 2.0992 1.7192 -6.2135 5.6210 0.4021 19
vehicle.car 32.1029 1143.0946 0.8185 1.1199 0.3775 -119.0504 6.1926 2.4695 2.8623 -6.2135 5.6210 0.4021 7
vehicle.car 66.5309 1144.9963 0.0793 0.4295 0.9151 151.0417 4.6350 2.1608 1.6713 -6.2135 5.6210 0.4021 16
vehicle.bus.rigid 77.3164 1224.5909 1.0944 0.9724 0.5474 -118.7035 12.0306 2.8726 3.5489 -6.2135 5.6210 0.4021 20
vehicle.car 26.2829 1218.7657 0.0687 0.6116 -0.2641 12.0464 4.9145 2.1034 1.4979 -6.2135 5.6210 0.4021 32
vehicle.car 47.0798 1170.0857 0.2044 0.7211 0.5264 -118.9407 4.7000 2.2032 1.7322 -6.2135 5.6210 0.4021 24
vehicle.car 118.7122 1194.5497 0.0974 1.3926 0.2671 -119.0035 4.6495 2.1154 1.5585 -6.2135 5.6210 0.4020 12
vehicle.truck 84.9345 1227.9586 1.0198 0.2621 0.9932 60.9993 8.8288 3.1457 3.4955 -6.2135 5.6210 0.4021 30
vehicle.car 54.9712 1174.0048 0.1917 1.2349 0.4349 61.1692 4.7997 2.0992 1.7220 -6.2135 5.6210 0.4021 22
vehicle.bus.rigid 45.9766 1209.7303 1.0650 0.2826 0.2544 -29.0708 12.0306 2.8726 3.5495 -6.2135 5.6210 0.4021 9
vehicle.car 43.3937 1163.4381 0.0604 0.3331 0.1749 -119.0706 4.9145 2.1034 1.5006 -6.2135 5.6210 0.4021 14
vehicle.car 78.9247 1217.1257 0.1197 0.4488 0.3464 60.9308 4.3470 2.0651 1.5943 -6.2135 5.6210 0.4021 10
vehicle.truck 123.7071 1203.5695 0.5847 1.5503 0.7343 -117.9518 6.5575 2.5166 2.5069 -6.2135 5.6210 0.4021 6
vehicle.car 57.3000 1178.2140 0.0465 1.2228 0.3870 61.1456 4.8306 2.0307 1.4361 -6.2135 5.6209 0.4020 2
vehicle.car 34.9888 1215.8487 0.0490 0.3274 -0.1851 -27.3212 4.9954 2.1385 1.4884 -6.2135 5.6210 0.4021 8
vehicle.car 21.7363 1217.0637 0.1670 -0.1353 0.5257 48.2571 4.7997 2.0992 1.7226 -6.2135 5.6210 0.4021 5
