vehicle.car 0.3338 1094.2097 -0.0437 2.1416 0.2876 -119.2723 4.3470 2.1044 1.6213 -14.4927 13.7451 1.1318 28
vehicle.car -23.9519 1050.5338 0.0625 0.2365 0.4154 -139.8146 4.6495 2.1154 1.5596 -38.6944 9.9436 1.8492 3
vehicle.car 57.9543 1149.7443 0.0089 0.5987 0.1161 151.1376 4.9145 2.1034 1.5079 -14.4927 13.7451 1.1318 4
vehicle.car 7.7678 1088.8775 0.0918 1.7691 0.0253 61.2314 4.9954 2.1385 1.4855 17.3338 33.8130 0.1047 29
vehicle.car 30.0783 1139.4787 0.0848 1.3720 0.1938 -119.1059 4.9954 2.1385 1.4837 -33.5025 1.9236 1.7275 21
vehicle.car 31.0760 1120.6570 -0.0800 0.8492 1.8009 2.4169 4.9047 2.1309 1.4801 -14.4927 13.7451 1.1318 17
vehicle.truck 15.2722 1121.2865 0.4060 -3.0034 0.7297 60.9002 6.5575 2.5166 2.5104 -14.4927 13.7451 1.1318 27
vehicle.car 30.4840 1161.0580 0.1846 -0.6664 0.4404 -28.9566 4.7997 2.0992 1.7192 -14.4926 13.7451 1.1317 19
vehicle.bus.rigid 1.0121 1087.2056 1.0954 1.7946 0.3845 -118.9419 12.0306 2.8726 3.5515 -41.0437 -2.8630 2.0186 31
vehicle.car 43.5259 1163.6780 0.1257 0.3038 1.3293 -118.9472 4.6350 2.1608 1.6762 -35.6272 0.4843 1.7259 26
vehicle.car 38.7393 1144.6878 0.1740 0.0008 0.4181 60.6983 4.7997 2.0992 1.7220 16.2403 32.9685 0.1441 22
vehicle.car 26.3381 1112.9395 -0.0606 -1.0243 -1.3134 -177.5593 4.9145 2.1583 1.5012 -14.4927 13.7451 1.1318 18
