vehicle.car 57.9543 1149.7436 0.0089 0.5987 0.1161 151.1376 4.9145 2.1034 1.5079 5.6726 22.6101 0.1656 4
vehicle.car 69.4535 1139.3831 0.0235 0.0315 0.1001 -28.9758 4.9954 2.1385 1.4855 1.0758 1.2124 0.3961 29
vehicle.truck 38.9324 1155.3826 1.0399 0.2845 0.9024 -118.9152 8.8288 3.1457 3.5018 -4.2546 24.7408 0.3554 25
vehicle.car 22.3122 1125.5117 0.0818 1.5894 0.0902 -118.9734 4.9954 2.1385 1.4837 5.6726 22.6101 0.1656 21
vehicle.car 31.0760 1120.6563 -0.0800 0.8492 1.8009 2.4169 4.9047 2.1309 1.4801 5.6726 22.6101 0.1656 17
vehicle.car 127.3428 1213.7304 0.8273 0.4114 0.2275 -85.8512 6.1926 2.4695 2.8623 5.6726 22.6101 0.1656 11
vehicle.truck 15.2722 1121.2858 0.4060 -3.0034 0.7297 60.9002 6.5575 2.5166 2.5104 5.6726 22.6101 0.1656 27
vehicle.car 32.1030 1143.0946 0.8185 1.1199 0.3775 -119.0504 6.1926 2.4695 2.8623 5.6726 22.6101 0.1656 7
vehicle.car 66.5309 1144.9963 0.0793 0.4295 0.9151 151.0418 4.6350 2.1608 1.6713 5.6726 22.6101 0.1656 16
vehicle.bus.rigid 79.7682 1229.0197 1.0913 0.9647 0.1685 -117.9415 12.0306 2.8726 3.5489 -4.5061 24.8228 0.4394 20
vehicle.car 61.8078 1196.6171 0.1707 0.4563 0.1050 -119.0814 4.7000 2.2032 1.7322 -17.6761 27.7934 0.7287 24
vehicle.car 118.7122 1194.5498 0.0974 1.3927 0.2671 -119.0035 4.6495 2.1154 1.5585 5.6726 22.6101 0.1656 12
vehicle.truck 84.9346 1227.9586 1.0198 0.2621 0.9932 60.9994 8.8288 3.1457 3.4955 5.6726 22.6101 0.1656 30
vehicle.car 27.0115 1133.9665 0.1428 1.5559 0.9838 -118.8749 4.6350 2.1608 1.6762 5.6726 22.6101 0.1656 26
vehicle.car 54.9713 1174.0048 0.1917 1.2349 0.4349 61.1692 4.7997 2.0992 1.7220 5.6726 22.6101 0.1656 22
vehicle.bus.rigid 45.9766 1209.7303 1.0650 0.2826 0.2544 -29.0708 12.0306 2.8726 3.5495 5.6726 22.6101 0.1656 9
vehicle.car 26.3381 1112.9388 -0.0606 -1.0243 -1.3134 -177.5593 4.9145 2.1583 1.5012 5.6726 22.6101 0.1656 18
vehicle.car 48.6846 1172.9763 0.0860 0.7176 0.2519 -118.9683 4.9145 2.1034 1.5006 -14.1700 26.9240 0.5537 14
vehicle.car 78.9248 1217.1257 0.1196 0.4488 0.3464 60.9309 4.3470 2.0651 1.5943 5.6726 22.6101 0.1656 10
vehicle.truck 123.7072 1203.5695 0.5847 1.5503 0.7343 -117.9518 6.5575 2.5166 2.5069 5.6726 22.6101 0.1656 6
vehicle.car 57.3000 1178.2139 0.0465 1.2228 0.3871 61.1456 4.8306 2.0307 1.4361 5.6726 22.6101 0.1656 2
vehicle.car 34.9889 1215.8487 0.0490 0.3273 -0.1851 -27.3212 4.9954 2.1385 1.4884 5.6726 22.6101 0.1656 8
vehicle.car 13.7711 1204.5452 0.1553 -0.4249 0.4694 60.8472 4.7997 2.0992 1.7226 24.3272 18.5164 -0.2043 5
