vehicle.car 57.9542 1149.7441 0.0089 0.5987 0.1161 151.1376 4.9145 2.1034 1.5079 -0.6241 31.2450 0.1534 4
vehicle.car 92.4210 1187.9585 0.0861 1.3281 0.0053 151.8019 4.9954 2.1385 1.4855 -0.6241 31.2450 0.1533 29
vehicle.truck 37.8860 1153.4862 1.0343 0.1786 0.8987 -118.8787 8.8288 3.1457 3.5018 -0.6241 31.2450 0.1534 25
vehicle.car 31.0759 1120.6568 -0.0800 0.8492 1.8009 2.4170 4.9047 2.1309 1.4801 -0.6241 31.2450 0.1534 17
vehicle.car 127.3428 1213.7310 0.8273 0.4114 0.2275 -85.8512 6.1926 2.4695 2.8623 -0.6241 31.2450 0.1534 11
vehicle.truck 15.2721 1121.2863 0.4060 -3.0034 0.7297 60.9002 6.5575 2.5166 2.5104 -0.6241 31.2450 0.1534 27
vehicle.car 30.4839 1161.0578 0.1846 -0.6664 0.4403 -28.9566 4.7997 2.0992 1.7192 -0.6242 31.2450 0.1534 19
vehicle.car 14.9613 1169.6247 0.1202 -0.7338 1.0400 -29.7350 4.6350 2.1608 1.6715 -0.6241 31.2450 0.1534 13
vehicle.truck 83.7564 1236.6689 0.5159 0.4504 0.6358 -114.5057 6.5575 2.5166 2.5270 -0.6241 31.2450 0.1534 23
vehicle.car 66.5309 1144.9968 0.0793 0.4295 0.9151 151.0417 4.6350 2.1608 1.6713 -0.6241 31.2450 0.1534 16
vehicle.bus.rigid -5.0956 1260.5515 1.1607 -0.4873 0.3645 47.7369 12.0306 2.8726 3.5515 -9.7031 54.7380 -0.2949 31
vehicle.bus.rigid 77.3163 1224.5914 1.0944 0.9725 0.5474 -118.7035 12.0306 2.8726 3.5489 -0.6241 31.2450 0.1534 20
vehicle.car 47.0798 1170.0861 0.2044 0.7211 0.5264 -118.9406 4.7000 2.2032 1.7322 -0.6241 31.2450 0.1534 24
vehicle.car 118.7122 1194.5503 0.0974 1.3927 0.2671 -119.0035 4.6495 2.1154 1.5585 -0.6241 31.2450 0.1534 12
vehicle.truck 84.9345 1227.9591 1.0198 0.2621 0.9932 60.9994 8.8288 3.1457 3.4955 -0.6241 31.2450 0.1534 30
vehicle.car 54.9712 1174.0053 0.1917 1.2349 0.4349 61.1692 4.7997 2.0992 1.7220 -0.6241 31.2450 0.1534 22
vehicle.bus.rigid 45.9765 1209.7308 1.0650 0.2826 0.2544 -29.0708 12.0306 2.8726 3.5495 -0.6241 31.2450 0.1534 9
vehicle.car 26.3380 1112.9393 -0.0606 -1.0243 -1.3134 -177.5593 4.9145 2.1583 1.5012 -0.6241 31.2450 0.1534 18
vehicle.car 43.3937 1163.4386 0.0604 0.3332 0.1749 -119.0706 4.9145 2.1034 1.5006 -0.6241 31.2450 0.1534 14
vehicle.car 78.9247 1217.1262 0.1196 0.4489 0.3464 60.9309 4.3470 2.0651 1.5943 -0.6241 31.2450 0.1534 10
vehicle.truck 123.7071 1203.5701 0.5847 1.5503 0.7343 -117.9518 6.5575 2.5166 2.5069 -0.6241 31.2450 0.1534 6
vehicle.car 57.3000 1178.2145 0.0465 1.2228 0.3871 61.1456 4.8306 2.0307 1.4361 -0.6241 31.2450 0.1534 2
vehicle.car 22.8707 1165.2620 0.0177 -0.5879 0.3521 -28.8020 4.8306 2.0307 1.4369 -0.6241 31.2450 0.1534 15
vehicle.car 34.9888 1215.8492 0.0490 0.3274 -0.1852 -27.3212 4.9954 2.1385 1.4884 -0.6241 31.2450 0.1534 8
