vehicle.car 0.3339 1094.2089 -0.0437 2.1416 0.2876 -119.2723 4.3470 2.1044 1.6213 45.0867 -0.0303 -0.1946 28
vehicle.car 57.9543 1149.7435 0.0089 0.5987 0.1161 151.1376 4.9145 2.1034 1.5079 45.0867 -0.0303 -0.1946 4
vehicle.car 52.5965 1148.8600 0.0512 -0.3425 0.2481 -21.5725 4.9954 2.1385 1.4855 33.8960 -6.8843 -0.1236 29
vehicle.truck 48.6930 1173.0191 1.0525 0.7361 0.7898 -118.9473 8.8288 3.1457 3.5018 33.2539 19.7590 0.0979 25
vehicle.car 22.3122 1125.5115 0.0818 1.5894 0.0902 -118.9734 4.9954 2.1385 1.4837 45.0867 -0.0303 -0.1946 21
vehicle.car 31.0760 1120.6562 -0.0800 0.8492 1.8009 2.4170 4.9047 2.1309 1.4801 45.0867 -0.0303 -0.1945 17
vehicle.car 127.3428 1213.7303 0.8273 0.4114 0.2275 -85.8512 6.1926 2.4695 2.8623 45.0867 -0.0303 -0.1946 11
vehicle.truck 15.2722 1121.2857 0.4060 -3.0034 0.7297 60.9002 6.5575 2.5166 2.5104 45.0867 -0.0303 -0.1946 27
vehicle.car 30.4840 1161.0572 0.1846 -0.6663 0.4404 -28.9566 4.7997 2.0992 1.7192 45.0867 -0.0303 -0.1945 19
vehicle.car 36.7454 1151.4150 0.7997 0.1118 0.1717 -118.9232 6.1926 2.4695 2.8623 36.4959 14.2856 0.0694 7
vehicle.car 66.5310 1144.9962 0.0793 0.4295 0.9151 151.0418 4.6350 2.1608 1.6713 45.0867 -0.0303 -0.1946 16
vehicle.car 75.5130 1221.2879 0.1946 0.6881 0.7591 -119.0994 4.7000 2.2032 1.7322 32.2360 21.5493 0.0546 24
vehicle.car 118.7122 1194.5496 0.0975 1.3926 0.2671 -119.0034 4.6495 2.1154 1.5585 45.0867 -0.0303 -0.1945 12
vehicle.truck 84.9346 1227.9584 1.0198 0.2621 0.9932 60.9994 8.8288 3.1457 3.4955 45.0867 -0.0303 -0.1946 30
vehicle.car 27.0115 1133.9664 0.1428 1.5560 0.9825 -118.8748 4.6350 2.1608 1.6762 45.0865 -0.0302 -0.1976 26
vehicle.car 54.9713 1174.0047 0.1917 1.2349 0.4349 61.1692 4.7997 2.0992 1.7220 45.0867 -0.0303 -0.1946 22
vehicle.bus.rigid 45.9766 1209.7302 1.0650 0.2826 0.2544 -29.0708 12.0306 2.8726 3.5495 45.0867 -0.0303 -0.1946 9
vehicle.car 26.3381 1112.9386 -0.0607 -1.0244 -1.3134 -177.5593 4.9145 2.1583 1.5012 45.0867 -0.0303 -0.1946 18
vehicle.car 62.3137 1197.5165 0.0464 0.1583 -0.1993 -119.0531 4.9145 2.1034 1.5006 32.6018 20.9514 0.2809 14
vehicle.car 78.9248 1217.1256 0.1197 0.4488 0.3464 60.9309 4.3470 2.0651 1.5943 45.0867 -0.0303 -0.1945 10
vehicle.truck 123.7072 1203.5694 0.5847 1.5503 0.7343 -117.9518 6.5575 2.5166 2.5069 45.0867 -0.0303 -0.1946 6
vehicle.car 57.3000 1178.2138 0.0465 1.2228 0.3870 61.1456 4.8306 2.0307 1.4361 45.0867 -0.0303 -0.1946 2
vehicle.car 5.8912 1187.0451 0.1675 -0.8761 0.6463 92.2393 4.7997 2.0992 1.7226 54.0924 -6.2474 -0.3791 5
