vehicle.car 0.3338 1094.2091 -0.0437 2.1416 0.2876 -119.2723 4.3470 2.1044 1.6213 8.6558 23.4419 0.1238 28
vehicle.car 57.9543 1149.7436 0.0089 0.5987 0.1161 151.1376 4.9145 2.1034 1.5079 8.6558 23.4419 0.1238 4
vehicle.car 68.4013 1139.9659 0.0242 0.0120 0.1118 -28.9902 4.9954 2.1385 1.4855 2.6294 2.9157 0.3329 29
vehicle.truck 39.2101 1155.8853 1.0400 0.2849 0.9594 -118.9275 8.8288 3.1457 3.5018 -1.4787 26.4212 0.3044 25
vehicle.car 22.3122 1125.5117 0.0818 1.5894 0.0902 -118.9734 4.9954 2.1385 1.4837 8.6558 23.4418 0.1238 21
vehicle.car 31.0760 1120.6564 -0.0800 0.8492 1.8009 2.4169 4.9047 2.1309 1.4801 8.6558 23.4418 0.1238 17
vehicle.car 127.3428 1213.7304 0.8273 0.4114 0.2275 -85.8512 6.1926 2.4695 2.8623 8.6558 23.4419 0.1238 11
vehicle.truck 15.2722 1121.2859 0.4060 -3.0034 0.7297 60.9002 6.5575 2.5166 2.5104 8.6558 23.4419 0.1238 27
vehicle.car 32.1030 1143.0946 0.8185 1.1199 0.3775 -119.0504 6.1926 2.4695 2.8623 8.6558 23.4419 0.1238 7
vehicle.car 66.5310 1144.9963 0.0793 0.4295 0.9151 151.0418 4.6350 2.1608 1.6713 8.6558 23.4418 0.1238 16
vehicle.bus.rigid 80.0542 1229.5378 1.0871 0.8883 0.1483 -117.7893 12.0306 2.8726 3.5489 -1.9275 26.5943 0.3716 20
vehicle.car 62.4566 1197.7737 0.1647 0.1307 0.1463 -119.0439 4.7000 2.2032 1.7322 -14.1667 30.1900 0.7076 24
vehicle.car 118.7122 1194.5498 0.0974 1.3927 0.2671 -119.0035 4.6495 2.1154 1.5585 8.6558 23.4419 0.1237 12
vehicle.truck 84.9346 1227.9586 1.0198 0.2621 0.9932 60.9993 8.8288 3.1457 3.4955 8.6558 23.4419 0.1238 30
vehicle.car 27.0115 1133.9666 0.1428 1.5559 0.9838 -118.8749 4.6350 2.1608 1.6762 8.6558 23.4418 0.1238 26
vehicle.car 54.9713 1174.0049 0.1917 1.2349 0.4349 61.1692 4.7997 2.0992 1.7220 8.6558 23.4418 0.1238 22
vehicle.bus.rigid 45.9766 1209.7303 1.0650 0.2826 0.2544 -29.0708 12.0306 2.8726 3.5495 8.6558 23.4418 0.1238 9
vehicle.car 26.3381 1112.9388 -0.0606 -1.0243 -1.3134 -177.5593 4.9145 2.1583 1.5012 8.6558 23.4419 0.1238 18
vehicle.car 49.2392 1173.9773 0.0868 0.7259 0.2410 -118.9652 4.9145 2.1034 1.5006 -11.3521 29.3239 0.4702 14
vehicle.car 78.9248 1217.1257 0.1196 0.4488 0.3464 60.9309 4.3470 2.0651 1.5943 8.6558 23.4418 0.1238 10
vehicle.truck 123.7072 1203.5695 0.5847 1.5503 0.7343 -117.9518 6.5575 2.5166 2.5069 8.6558 23.4418 0.1238 6
vehicle.car 57.3001 1178.2140 0.0465 1.2228 0.3871 61.1456 4.8306 2.0307 1.4361 8.6558 23.4419 0.1238 2
vehicle.car 34.9889 1215.8488 0.0490 0.3274 -0.1852 -27.3212 4.9954 2.1385 1.4884 8.6558 23.4419 0.1238 8
vehicle.car 13.2507 1203.6121 0.1547 -0.4527 0.4537 60.8383 4.7997 2.0992 1.7226 27.1488 17.9501 -0.2019 5
