vehicle.car 0.3338 1094.2094 -0.0437 2.1416 0.2876 -119.2723 4.3470 2.1044 1.6213 17.8959 11.3646 -0.2234 28
vehicle.car 57.9543 1149.7439 0.0089 0.5987 0.1161 151.1376 4.9145 2.1034 1.5079 17.8959 11.3646 -0.2234 4
vehicle.car 42.5063 1148.2309 0.0763 -0.5150 0.1093 40.7941 4.9954 2.1385 1.4855 30.5528 -6.4640 -0.3310 29
vehicle.truck 56.5497 1187.1616 1.0173 0.3186 0.9287 -118.9704 8.8288 3.1457 3.5018 -4.1959 24.1329 0.4455 25
vehicle.car 22.3122 1125.5120 0.0818 1.5894 0.0902 -118.9734 4.9954 2.1385 1.4837 17.8959 11.3646 -0.2235 21
vehicle.car 31.0760 1120.6566 -0.0800 0.8492 1.8009 2.4169 4.9047 2.1309 1.4801 17.8959 11.3646 -0.2235 17
vehicle.car 127.3428 1213.7307 0.8273 0.4114 0.2275 -85.8512 6.1926 2.4695 2.8623 17.8959 11.3646 -0.2234 11
vehicle.truck 15.2722 1121.2861 0.4060 -3.0034 0.7297 60.9002 6.5575 2.5166 2.5104 17.8959 11.3646 -0.2235 27
vehicle.car 30.4840 1161.0576 0.1846 -0.6663 0.4404 -28.9566 4.7997 2.0992 1.7192 17.8959 11.3646 -0.2234 19
vehicle.car 42.1222 1161.1402 0.8044 0.1905 -0.2428 -118.9968 6.1926 2.4695 2.8623 2.0847 20.5020 0.1172 7
vehicle.car 8.7108 1173.4863 0.1349 -0.6720 1.0877 -43.7751 4.6350 2.1608 1.6715 10.0114 1.8686 0.0326 13
vehicle.car 66.5310 1144.9966 0.0793 0.4295 0.9151 151.0418 4.6350 2.1608 1.6713 17.8959 11.3646 -0.2234 16
vehicle.car 83.4118 1235.9415 0.1362 0.3294 0.4714 -115.0152 4.7000 2.2032 1.7322 -4.4335 22.5053 0.1988 24
vehicle.truck 84.9346 1227.9588 1.0198 0.2621 0.9932 60.9994 8.8288 3.1457 3.4955 17.8959 11.3646 -0.2235 30
vehicle.car 27.1032 1134.1258 0.1417 1.5448 1.3096 -118.9185 4.6350 2.1608 1.6762 12.0824 14.7446 -0.1364 26
vehicle.car 54.9713 1174.0051 0.1917 1.2349 0.4349 61.1692 4.7997 2.0992 1.7220 17.8959 11.3646 -0.2235 22
vehicle.bus.rigid 45.9766 1209.7306 1.0650 0.2826 0.2544 -29.0708 12.0306 2.8726 3.5495 17.8959 11.3646 -0.2234 9
vehicle.car 26.3381 1112.9391 -0.0606 -1.0243 -1.3134 -177.5593 4.9145 2.1583 1.5012 17.8959 11.3646 -0.2234 18
vehicle.car 69.8411 1211.0679 0.0414 0.3703 0.3566 -119.0047 4.9145 2.1034 1.5006 -0.7633 22.1597 0.4497 14
vehicle.car 78.9248 1217.1260 0.1196 0.4489 0.3464 60.9308 4.3470 2.0651 1.5943 17.8959 11.3646 -0.2235 10
vehicle.truck 123.7072 1203.5698 0.5847 1.5503 0.7343 -117.9518 6.5575 2.5166 2.5069 17.8959 11.3646 -0.2235 6
vehicle.car 57.3001 1178.2142 0.0465 1.2228 0.3871 61.1456 4.8306 2.0307 1.4361 17.8959 11.3646 -0.2236 2
vehicle.car 6.6216 1181.9193 0.1857 -0.5325 0.7473 116.9102 4.7997 2.0992 1.7226 22.4735 12.9118 -0.3565 5
