vehicle.car 0.3339 1094.2095 -0.0437 2.1416 0.2876 -119.2723 4.3470 2.1044 1.6213 49.8881 2.6565 -0.1691 28
vehicle.car 57.9543 1149.7441 0.0089 0.5987 0.1161 151.1376 4.9145 2.1034 1.5079 49.8881 2.6566 -0.1691 4
vehicle.car 56.8653 1146.4036 0.0395 -0.0158 0.2049 -29.6328 4.9954 2.1385 1.4855 38.2320 -4.5690 -0.0902 29
vehicle.truck 44.5091 1165.4654 1.0332 0.4211 1.0890 -119.0041 8.8288 3.1457 3.5018 38.5045 20.4956 0.1663 25
vehicle.car 22.3122 1125.5121 0.0818 1.5894 0.0902 -118.9734 4.9954 2.1385 1.4837 49.8881 2.6566 -0.1691 21
vehicle.car 31.0760 1120.6568 -0.0800 0.8492 1.8009 2.4169 4.9047 2.1309 1.4801 49.8881 2.6566 -0.1691 17
vehicle.car 127.3428 1213.7309 0.8273 0.4114 0.2275 -85.8512 6.1926 2.4695 2.8623 49.8881 2.6566 -0.1691 11
vehicle.truck 15.2722 1121.2863 0.4060 -3.0034 0.7298 60.9002 6.5575 2.5166 2.5104 49.8881 2.6565 -0.1691 27
vehicle.car 30.4840 1161.0578 0.1846 -0.6664 0.4404 -28.9566 4.7997 2.0992 1.7192 49.8881 2.6566 -0.1691 19
vehicle.car 33.9192 1146.3119 0.8127 0.3134 -0.0350 -118.9021 6.1926 2.4695 2.8623 42.7547 13.7853 -0.0010 7
vehicle.car 66.5310 1144.9967 0.0793 0.4295 0.9151 151.0418 4.6350 2.1608 1.6713 49.8881 2.6566 -0.1691 16
vehicle.bus.rigid 86.3705 1242.4219 1.0401 0.8180 0.7086 -114.5831 12.0306 2.8726 3.5489 36.8971 19.8234 0.1022 20
vehicle.car 26.2061 1218.7676 0.0665 0.5533 0.0785 12.5405 4.9145 2.1034 1.4979 47.8131 -0.9868 -0.1954 32
vehicle.car 70.8225 1212.8417 0.1615 0.4295 0.1752 -119.0003 4.7000 2.2032 1.7322 37.2387 22.4550 0.2618 24
vehicle.truck 84.9346 1227.9590 1.0198 0.2621 0.9932 60.9993 8.8288 3.1457 3.4955 49.8881 2.6566 -0.1691 30
vehicle.car 27.0115 1133.9670 0.1428 1.5559 0.9837 -118.8749 4.6350 2.1608 1.6762 49.8881 2.6565 -0.1691 26
vehicle.car 54.9713 1174.0053 0.1917 1.2349 0.4349 61.1692 4.7997 2.0992 1.7220 49.8881 2.6566 -0.1691 22
vehicle.bus.rigid 45.9766 1209.7308 1.0650 0.2826 0.2544 -29.0708 12.0306 2.8726 3.5495 49.8881 2.6566 -0.1691 9
vehicle.car 26.3381 1112.9392 -0.0606 -1.0243 -1.3134 -177.5593 4.9145 2.1583 1.5012 49.8881 2.6565 -0.1691 18
vehicle.car 57.6777 1189.1905 0.0448 0.6097 0.5357 -118.9666 4.9145 2.1034 1.5006 36.6844 23.3240 0.6458 14
vehicle.car 78.9248 1217.1261 0.1196 0.4489 0.3464 60.9308 4.3470 2.0651 1.5943 49.8881 2.6565 -0.1691 10
vehicle.truck 123.7072 1203.5700 0.5847 1.5503 0.7343 -117.9518 6.5575 2.5166 2.5069 49.8881 2.6566 -0.1691 6
vehicle.car 57.3001 1178.2144 0.0465 1.2228 0.3871 61.1456 4.8306 2.0307 1.4361 49.8881 2.6566 -0.1691 2
vehicle.car 7.0850 1191.8789 0.1551 -0.9256 0.6017 72.0358 4.7997 2.0992 1.7226 59.2894 -8.8517 -0.4271 5
