vehicle.car 57.9543 1149.7438 0.0089 0.5987 0.1161 151.1375 4.9145 2.1034 1.5079 -1.1781 36.7073 -0.3081 4
vehicle.car 92.4211 1187.9581 0.0861 1.3281 0.0053 151.8019 4.9954 2.1385 1.4855 -1.1781 36.7072 -0.3081 29
vehicle.car 127.3429 1213.7306 0.8273 0.4114 0.2275 -85.8513 6.1926 2.4695 2.8623 -1.1781 36.7073 -0.3081 11
vehicle.truck 83.7566 1236.6686 0.5159 0.4504 0.6358 -114.5058 6.5575 2.5166 2.5270 -1.1781 36.7073 -0.3081 23
vehicle.car 66.5310 1144.9965 0.0793 0.4295 0.9151 151.0417 4.6350 2.1608 1.6713 -1.1781 36.7073 -0.3081 16
vehicle.bus.rigid 2.4897 1271.4436 1.1560 -0.2961 0.4282 58.6577 12.0306 2.8726 3.5515 -14.7756 57.9453 -0.5440 31
vehicle.bus.rigid 77.3165 1224.5911 1.0944 0.9725 0.5474 -118.7035 12.0306 2.8726 3.5489 -1.1781 36.7073 -0.3081 20
vehicle.car 26.2830 1218.7659 0.0687 0.6116 -0.2641 12.0464 4.9145 2.1034 1.4979 -1.1781 36.7073 -0.3081 32
vehicle.car 118.7123 1194.5499 0.0974 1.3927 0.2671 -119.0035 4.6495 2.1154 1.5585 -1.1781 36.7072 -0.3081 12
vehicle.car 54.9713 1174.0050 0.1917 1.2349 0.4349 61.1691 4.7997 2.0992 1.7220 -1.1781 36.7073 -0.3081 22
vehicle.bus.rigid 45.9767 1209.7305 1.0650 0.2826 0.2544 -29.0708 12.0306 2.8726 3.5495 -1.1781 36.7073 -0.3081 9
vehicle.car 78.9249 1217.1259 0.1196 0.4489 0.3464 60.9308 4.3470 2.0651 1.5943 -1.1781 36.7073 -0.3081 10
vehicle.truck 123.7073 1203.5697 0.5847 1.5503 0.7343 -117.9519 6.5575 2.5166 2.5069 -1.1781 36.7073 -0.3081 6
vehicle.car 57.3001 1178.2141 0.0465 1.2228 0.3871 61.1455 4.8306 2.0307 1.4361 -1.1781 36.7073 -0.3081 2
vehicle.car 34.9889 1215.8490 0.0490 0.3273 -0.1851 -27.3213 4.9954 2.1385 1.4884 -1.1781 36.7073 -0.3081 8
