vehicle.car 57.9543 1149.7439 0.0089 0.5987 0.1161 151.1376 4.9145 2.1034 1.5079 -1.9067 15.5231 0.1157 4
vehicle.car 73.6688 1137.2280 0.0253 -0.2090 0.0433 -25.6924 4.9954 2.1385 1.4855 0.6516 -3.4137 0.4329 29
vehicle.truck 37.9764 1153.6473 1.0343 0.2053 1.0170 -118.9140 8.8288 3.1457 3.5018 -8.2601 15.2925 0.2090 25
vehicle.car 22.3122 1125.5120 0.0818 1.5894 0.0902 -118.9734 4.9954 2.1385 1.4837 -1.9067 15.5231 0.1157 21
vehicle.car 31.0759 1120.6566 -0.0800 0.8492 1.8009 2.4169 4.9047 2.1309 1.4801 -1.9067 15.5231 0.1157 17
vehicle.car 127.3428 1213.7307 0.8273 0.4114 0.2275 -85.8512 6.1926 2.4695 2.8623 -1.9067 15.5231 0.1157 11
vehicle.truck 15.2722 1121.2861 0.4060 -3.0034 0.7297 60.9001 6.5575 2.5166 2.5104 -1.9067 15.5231 0.1157 27
vehicle.car 30.4840 1161.0576 0.1846 -0.6663 0.4404 -28.9566 4.7997 2.0992 1.7192 -1.9067 15.5231 0.1158 19
vehicle.car 32.1030 1143.0948 0.8185 1.1199 0.3775 -119.0503 6.1926 2.4695 2.8623 -1.9067 15.5231 0.1157 7
vehicle.car 14.9613 1169.6245 0.1202 -0.7338 1.0400 -29.7350 4.6350 2.1608 1.6715 -1.9067 15.5231 0.1157 13
vehicle.car 66.5309 1144.9966 0.0793 0.4295 0.9151 151.0418 4.6350 2.1608 1.6713 -1.9067 15.5231 0.1157 16
vehicle.bus.rigid 78.7245 1227.1376 1.0979 1.1252 0.3759 -118.4004 12.0306 2.8726 3.5489 -9.6624 15.2666 0.2402 20
vehicle.car 59.1978 1191.9393 0.1720 0.8061 0.6583 -118.9716 4.7000 2.2032 1.7322 -26.1007 14.6433 0.4270 24
vehicle.car 118.7122 1194.5500 0.0974 1.3927 0.2671 -119.0034 4.6495 2.1154 1.5585 -1.9067 15.5231 0.1157 12
vehicle.truck 84.9346 1227.9589 1.0198 0.2621 0.9932 60.9994 8.8288 3.1457 3.4955 -1.9067 15.5231 0.1157 30
vehicle.car 27.0115 1133.9668 0.1428 1.5559 0.9838 -118.8749 4.6350 2.1608 1.6762 -1.9067 15.5231 0.1157 26
vehicle.car 54.9713 1174.0051 0.1917 1.2349 0.4349 61.1692 4.7997 2.0992 1.7220 -1.9067 15.5231 0.1157 22
vehicle.bus.rigid 45.9766 1209.7306 1.0650 0.2826 0.2544 -29.0708 12.0306 2.8726 3.5495 -1.9067 15.5231 0.1157 9
vehicle.car 26.3381 1112.9391 -0.0606 -1.0243 -1.3134 -177.5593 4.9145 2.1583 1.5012 -1.9067 15.5231 0.1157 18
vehicle.car 46.6189 1169.2546 0.0837 0.7198 0.2390 -119.0325 4.9145 2.1034 1.5006 -19.7850 14.9205 0.4022 14
vehicle.car 78.9248 1217.1260 0.1196 0.4488 0.3464 60.9309 4.3470 2.0651 1.5943 -1.9067 15.5231 0.1157 10
vehicle.truck 123.7071 1203.5698 0.5847 1.5503 0.7343 -117.9518 6.5575 2.5166 2.5069 -1.9067 15.5231 0.1157 6
vehicle.car 57.3000 1178.2142 0.0465 1.2228 0.3871 61.1456 4.8306 2.0307 1.4361 -1.9067 15.5231 0.1157 2
vehicle.car 22.8707 1165.2618 0.0177 -0.5880 0.3521 -28.8020 4.8306 2.0307 1.4369 -1.9067 15.5231 0.1157 15
vehicle.car 34.9888 1215.8490 0.0490 0.3274 -0.1852 -27.3212 4.9954 2.1385 1.4884 -1.9067 15.5231 0.1157 8
vehicle.car 15.7703 1208.1289 0.1417 0.0680 1.1330 60.8621 4.7997 2.0992 1.7226 15.9364 15.9489 -0.2730 5
