vehicle.car -20.3523 1053.7912 0.0683 0.3378 0.3803 -133.3118 4.6495 2.1154 1.5596 -38.7561 6.5768 1.7704 3
vehicle.car 57.9544 1149.7436 0.0089 0.5987 0.1161 151.1376 4.9145 2.1034 1.5079 -14.4903 13.7044 1.0745 4
vehicle.car 4.2366 1082.4762 0.0889 1.8445 0.0601 61.1068 4.9954 2.1385 1.4855 17.2885 33.7071 0.0649 29
vehicle.car 32.2445 1143.3353 0.0940 1.1104 0.2439 -119.1536 4.9954 2.1385 1.4837 -34.0624 1.5669 1.6242 21
vehicle.car 31.0760 1120.6563 -0.0800 0.8492 1.8009 2.4169 4.9047 2.1309 1.4801 -14.4904 13.7044 1.0745 17
vehicle.truck 15.2722 1121.2858 0.4060 -3.0034 0.7297 60.9001 6.5575 2.5166 2.5104 -14.4903 13.7044 1.0745 27
vehicle.car 30.4841 1161.0573 0.1846 -0.6663 0.4404 -28.9566 4.7997 2.0992 1.7192 -14.4904 13.7044 1.0746 19
vehicle.bus.rigid 3.9727 1092.5294 1.0949 1.8003 0.3771 -118.9350 12.0306 2.8726 3.5515 -41.0455 -2.9386 1.9177 31
vehicle.car 46.0014 1168.1543 0.1543 0.7474 0.9765 -119.0141 4.6350 2.1608 1.6762 -36.9789 -0.3807 1.8010 26
vehicle.car 35.2886 1138.5310 0.1716 0.6925 0.4023 60.6981 4.7997 2.0992 1.7220 16.3821 32.8187 0.1399 22
vehicle.car 26.3382 1112.9388 -0.0606 -1.0243 -1.3134 -177.5593 4.9145 2.1583 1.5012 -14.4904 13.7044 1.0745 18
vehicle.car 9.9222 1172.6134 0.0196 -0.7387 0.5228 -38.2671 4.8306 2.0307 1.4369 -7.6531 0.4649 0.8451 15
