vehicle.car 0.3338 1094.2095 -0.0437 2.1416 0.2876 -119.2723 4.3470 2.1044 1.6213 -2.8066 14.2216 0.0640 28
vehicle.car 57.9542 1149.7440 0.0089 0.5987 0.1161 151.1376 4.9145 2.1034 1.5079 -2.8066 14.2216 0.0640 4
vehicle.car 34.9421 1137.9215 0.0682 0.6307 0.0511 60.7481 4.9954 2.1385 1.4855 31.5393 21.5294 -0.4181 29
vehicle.truck 62.0394 1197.0457 1.0182 0.4148 0.6311 -119.0544 8.8288 3.1457 3.5018 -27.1565 8.9234 0.2648 25
vehicle.car 22.3121 1125.5121 0.0818 1.5894 0.0902 -118.9734 4.9954 2.1385 1.4837 -2.8066 14.2216 0.0641 21
vehicle.car 31.0759 1120.6567 -0.0800 0.8492 1.8009 2.4169 4.9047 2.1309 1.4801 -2.8066 14.2216 0.0641 17
vehicle.truck 15.2721 1121.2863 0.4060 -3.0034 0.7297 60.9001 6.5575 2.5166 2.5104 -2.8066 14.2216 0.0640 27
vehicle.car 30.4840 1161.0577 0.1846 -0.6663 0.4404 -28.9566 4.7997 2.0992 1.7192 -2.8066 14.2215 0.0641 19
vehicle.car 47.6147 1171.0685 0.8187 0.7051 0.2659 -118.9754 6.1926 2.4695 2.8623 -29.9033 8.3089 0.3597 7
vehicle.car 4.8253 1177.7523 0.1490 -0.7699 0.9865 -62.5627 4.6350 2.1608 1.6715 -6.3753 1.0479 0.3071 13
vehicle.car 66.5309 1144.9967 0.0793 0.4295 0.9151 151.0418 4.6350 2.1608 1.6713 -2.8066 14.2216 0.0640 16
vehicle.car 12.8164 1202.8278 0.0448 -0.4607 0.1720 60.9844 4.9145 2.1034 1.4979 16.5960 18.4589 -0.1622 32
vehicle.car 118.7122 1194.5502 0.0974 1.3926 0.2671 -119.0035 4.6495 2.1154 1.5585 -2.8066 14.2215 0.0641 12
vehicle.truck 84.9345 1227.9590 1.0198 0.2621 0.9932 60.9993 8.8288 3.1457 3.4955 -2.8066 14.2216 0.0640 30
vehicle.car 29.6999 1138.7939 0.1441 1.4386 1.2022 -119.1072 4.6350 2.1608 1.6762 -18.4693 10.8270 0.2240 26
vehicle.car 54.9719 1174.0064 0.1932 1.2444 0.1121 61.1656 4.7997 2.0992 1.7220 -2.4755 14.2887 0.3531 22
vehicle.bus.rigid 45.9766 1209.7307 1.0650 0.2826 0.2544 -29.0708 12.0306 2.8726 3.5495 -2.8066 14.2216 0.0641 9
vehicle.car 26.3380 1112.9392 -0.0606 -1.0243 -1.3134 -177.5593 4.9145 2.1583 1.5012 -2.8066 14.2216 0.0641 18
vehicle.car 74.8144 1220.0341 0.0693 0.6398 0.3697 -119.0731 4.9145 2.1034 1.5006 -26.6411 9.0342 0.1308 14
vehicle.car 78.9247 1217.1261 0.1196 0.4488 0.3464 60.9309 4.3470 2.0651 1.5943 -2.8066 14.2215 0.0640 10
vehicle.truck 123.7071 1203.5700 0.5847 1.5503 0.7343 -117.9518 6.5575 2.5166 2.5069 -2.8066 14.2216 0.0641 6
vehicle.car 57.3025 1178.2189 0.0452 1.2072 0.8808 61.1553 4.8306 2.0307 1.4361 -2.6451 14.2597 -0.3150 2
vehicle.car 22.8707 1165.2620 0.0177 -0.5880 0.3521 -28.8020 4.8306 2.0307 1.4369 -2.8065 14.2216 0.0640 15
vehicle.car 34.9888 1215.8491 0.0490 0.3274 -0.1850 -27.3212 4.9954 2.1385 1.4884 -2.8066 14.2216 0.0639 8
vehicle.car 7.1814 1180.6570 0.1877 -0.6398 0.5329 123.5422 4.7997 2.0992 1.7226 -2.1864 15.6001 0.0352 5
