vehicle.car 0.3338 1094.2095 -0.0437 2.1416 0.2876 -119.2723 4.3470 2.1044 1.6213 5.7347 16.4354 -0.1352 28
vehicle.car 57.9542 1149.7440 0.0089 0.5987 0.1161 151.1376 4.9145 2.1034 1.5079 5.7347 16.4355 -0.1352 4
vehicle.car 38.2433 1143.4582 0.0747 0.1954 0.2407 57.3462 4.9954 2.1385 1.4855 35.6360 11.2924 -0.3854 29
vehicle.truck 59.6447 1192.7659 1.0170 0.8060 0.8445 -119.0252 8.8288 3.1457 3.5018 -19.6030 18.6380 0.2815 25
vehicle.car 22.3121 1125.5121 0.0818 1.5894 0.0902 -118.9734 4.9954 2.1385 1.4837 5.7347 16.4354 -0.1352 21
vehicle.car 31.0759 1120.6567 -0.0800 0.8492 1.8009 2.4169 4.9047 2.1309 1.4801 5.7347 16.4355 -0.1352 17
vehicle.car 127.3428 1213.7308 0.8273 0.4114 0.2275 -85.8512 6.1926 2.4695 2.8623 5.7347 16.4355 -0.1352 11
vehicle.truck 15.2721 1121.2863 0.4060 -3.0034 0.7297 60.9002 6.5575 2.5166 2.5104 5.7347 16.4355 -0.1352 27
vehicle.car 30.4840 1161.0577 0.1846 -0.6663 0.4404 -28.9566 4.7997 2.0992 1.7192 5.7348 16.4354 -0.1352 19
vehicle.car 44.9906 1166.3361 0.8071 0.4733 0.6341 -119.0003 6.1926 2.4695 2.8623 -21.6666 18.7570 0.2463 7
vehicle.car 6.4116 1175.6855 0.1425 -0.7792 1.0772 -53.7805 4.6350 2.1608 1.6715 0.3260 4.4874 0.1833 13
vehicle.car 66.5309 1144.9967 0.0793 0.4295 0.9151 151.0418 4.6350 2.1608 1.6713 5.7347 16.4355 -0.1352 16
vehicle.car 14.6800 1206.1843 0.0457 -0.4422 0.2335 60.9524 4.9145 2.1034 1.4979 24.6127 14.8453 -0.4163 32
vehicle.car 86.0136 1241.5955 0.1381 0.5786 0.6505 -114.5631 4.7000 2.2032 1.7322 -19.0775 16.6825 0.0591 24
vehicle.truck 84.9345 1227.9590 1.0198 0.2621 0.9932 60.9993 8.8288 3.1457 3.4955 5.7347 16.4355 -0.1352 30
vehicle.car 28.3483 1136.3662 0.1425 1.5096 1.1639 -119.0007 4.6350 2.1608 1.6762 -6.7761 17.5034 0.0182 26
vehicle.car 54.9713 1174.0052 0.1918 1.2349 0.4351 61.1692 4.7997 2.0992 1.7220 5.7349 16.4354 -0.1373 22
vehicle.bus.rigid 45.9766 1209.7307 1.0650 0.2826 0.2544 -29.0708 12.0306 2.8726 3.5495 5.7347 16.4355 -0.1352 9
vehicle.car 26.3380 1112.9392 -0.0606 -1.0243 -1.3134 -177.5593 4.9145 2.1583 1.5012 5.7347 16.4355 -0.1352 18
vehicle.truck 123.7071 1203.5699 0.5847 1.5503 0.7343 -117.9518 6.5575 2.5166 2.5069 5.7347 16.4355 -0.1352 6
vehicle.car 57.3000 1178.2145 0.0463 1.2228 0.3921 61.1457 4.8306 2.0307 1.4361 5.7337 16.4356 -0.1230 2
vehicle.car 22.8707 1165.2620 0.0177 -0.5880 0.3521 -28.8020 4.8306 2.0307 1.4369 5.7348 16.4355 -0.1352 15
vehicle.car 34.9888 1215.8491 0.0490 0.3273 -0.1852 -27.3212 4.9954 2.1385 1.4884 5.7347 16.4355 -0.1352 8
vehicle.car 6.9962 1181.0366 0.1872 -0.6015 0.5679 121.4860 4.7997 2.0992 1.7226 7.6207 18.5908 -0.2234 5
