vehicle.car -54.1742 1230.9308 0.1139 0.4058 0.2159 30.4574 4.6495 2.1154 1.5596 4.6826 44.8130 -0.5611 3
vehicle.car 92.4211 1187.9581 0.0861 1.3281 0.0053 151.8018 4.9954 2.1385 1.4855 2.4628 17.1266 -0.0612 29
vehicle.truck 37.8861 1153.4858 1.0343 0.1786 0.8987 -118.8788 8.8288 3.1457 3.5018 2.4628 17.1266 -0.0612 25
vehicle.car 22.3121 1125.5118 0.0818 1.5894 0.0902 -118.9734 4.9954 2.1385 1.4837 2.4629 17.1266 -0.0611 21
vehicle.car 127.3429 1213.7305 0.8273 0.4114 0.2275 -85.8512 6.1926 2.4695 2.8623 2.4629 17.1266 -0.0612 11
vehicle.truck 15.2722 1121.2859 0.4060 -3.0034 0.7298 60.9001 6.5575 2.5166 2.5104 2.4629 17.1266 -0.0612 27
vehicle.car 30.4840 1161.0574 0.1846 -0.6663 0.4404 -28.9567 4.7997 2.0992 1.7192 2.4629 17.1266 -0.0611 19
vehicle.car 32.1030 1143.0946 0.8185 1.1199 0.3775 -119.0504 6.1926 2.4695 2.8623 2.4628 17.1266 -0.0612 7
vehicle.car 14.9614 1169.6243 0.1202 -0.7338 1.0400 -29.7350 4.6350 2.1608 1.6715 2.4629 17.1266 -0.0612 13
vehicle.truck 83.7565 1236.6685 0.5159 0.4504 0.6358 -114.5058 6.5575 2.5166 2.5270 2.4628 17.1266 -0.0612 23
vehicle.bus.rigid 9.3347 1288.2491 1.1566 -0.3000 0.3005 73.0026 12.0306 2.8726 3.5515 -14.2011 35.9947 -0.3611 31
vehicle.bus.rigid 77.3165 1224.5910 1.0944 0.9725 0.5474 -118.7035 12.0306 2.8726 3.5489 2.4628 17.1266 -0.0612 20
vehicle.car 26.2830 1218.7658 0.0687 0.6116 -0.2641 12.0464 4.9145 2.1034 1.4979 2.4628 17.1266 -0.0611 32
vehicle.car 47.0799 1170.0858 0.2044 0.7211 0.5264 -118.9407 4.7000 2.2032 1.7322 2.4629 17.1266 -0.0612 24
vehicle.car 118.7123 1194.5498 0.0974 1.3926 0.2671 -119.0035 4.6495 2.1154 1.5585 2.4628 17.1266 -0.0611 12
vehicle.truck 84.9346 1227.9587 1.0198 0.2621 0.9932 60.9993 8.8288 3.1457 3.4955 2.4629 17.1266 -0.0612 30
vehicle.car 27.0115 1133.9666 0.1428 1.5559 0.9838 -118.8749 4.6350 2.1608 1.6762 2.4629 17.1266 -0.0612 26
vehicle.car 54.9713 1174.0049 0.1917 1.2349 0.4349 61.1692 4.7997 2.0992 1.7220 2.4629 17.1266 -0.0612 22
vehicle.bus.rigid 45.9766 1209.7304 1.0650 0.2826 0.2544 -29.0709 12.0306 2.8726 3.5495 2.4628 17.1266 -0.0611 9
vehicle.car 43.3938 1163.4382 0.0604 0.3332 0.1749 -119.0706 4.9145 2.1034 1.5006 2.4628 17.1266 -0.0612 14
vehicle.car 78.9248 1217.1258 0.1196 0.4489 0.3464 60.9308 4.3470 2.0651 1.5943 2.4628 17.1266 -0.0612 10
vehicle.truck 123.7073 1203.5696 0.5847 1.5503 0.7343 -117.9519 6.5575 2.5166 2.5069 2.4629 17.1266 -0.0612 6
vehicle.car 57.3001 1178.2141 0.0465 1.2228 0.3871 61.1455 4.8306 2.0307 1.4361 2.4628 17.1266 -0.0612 2
vehicle.car 22.8707 1165.2617 0.0177 -0.5880 0.3521 -28.8021 4.8306 2.0307 1.4369 2.4628 17.1266 -0.0611 15
vehicle.car 34.9889 1215.8489 0.0490 0.3273 -0.1852 -27.3213 4.9954 2.1385 1.4884 2.4629 17.1266 -0.0612 8
vehicle.car 21.7363 1217.0638 0.1670 -0.1353 0.5257 48.2571 4.7997 2.0992 1.7226 2.4628 17.1266 -0.0611 5
