vehicle.car 0.3338 1094.2094 -0.0437 2.1416 0.2876 -119.2723 4.3470 2.1044 1.6213 -14.4869 13.7615 1.1373 28
vehicle.car 57.9543 1149.7439 0.0089 0.5987 0.1161 151.1376 4.9145 2.1034 1.5079 -14.4869 13.7615 1.1372 4
vehicle.car 10.2946 1093.4593 0.0965 1.6076 0.0563 61.1743 4.9954 2.1385 1.4855 17.4378 33.8207 0.0933 29
vehicle.car 28.5951 1136.8217 0.0818 1.4922 0.1434 -119.0005 4.9954 2.1385 1.4837 -32.5151 2.4869 1.7345 21
vehicle.car 31.0759 1120.6566 -0.0800 0.8492 1.8009 2.4169 4.9047 2.1309 1.4801 -14.4869 13.7615 1.1373 17
vehicle.truck 15.2721 1121.2861 0.4060 -3.0034 0.7297 60.9001 6.5575 2.5166 2.5104 -14.4869 13.7615 1.1372 27
vehicle.car 30.4840 1161.0576 0.1846 -0.6663 0.4404 -28.9566 4.7997 2.0992 1.7192 -14.4868 13.7615 1.1373 19
vehicle.car 64.5651 1201.5685 0.7700 -0.0085 -0.0703 -119.0163 6.1926 2.4695 2.8623 -34.9278 0.8546 1.4541 7
vehicle.car 66.5309 1144.9966 0.0793 0.4295 0.9151 151.0418 4.6350 2.1608 1.6713 -14.4869 13.7615 1.1372 16
vehicle.bus.rigid -1.1004 1083.4026 1.0954 1.7980 0.3926 -118.9164 12.0306 2.8726 3.5515 -41.0226 -2.8674 2.0059 31
vehicle.car 6.6822 1190.8717 0.0479 -0.9280 0.4277 74.5204 4.9145 2.1034 1.4979 -14.4876 13.7607 1.1426 32
vehicle.car 42.0865 1161.0753 0.1392 0.1667 0.9225 -118.9841 4.6350 2.1608 1.6762 -29.6975 4.1898 1.8298 26
vehicle.car 41.1979 1149.0811 0.1765 0.2033 0.3276 60.7982 4.7997 2.0992 1.7220 16.2916 32.9122 0.1603 22
vehicle.bus.rigid 45.9766 1209.7306 1.0650 0.2826 0.2544 -29.0708 12.0306 2.8726 3.5495 -14.4869 13.7615 1.1373 9
vehicle.car 26.3381 1112.9391 -0.0606 -1.0243 -1.3134 -177.5593 4.9145 2.1583 1.5012 -14.4869 13.7615 1.1373 18
vehicle.car 14.1308 1170.0582 0.0099 -0.7414 0.5266 -30.1554 4.8306 2.0307 1.4369 -6.7217 1.4393 0.8847 15
vehicle.car 12.3895 1175.1759 0.1603 -0.6317 0.3133 147.9846 4.7997 2.0992 1.7226 -19.9845 24.8141 1.3217 5
