vehicle.car 57.9543 1149.7437 0.0089 0.5987 0.1161 151.1376 4.9145 2.1034 1.5079 -9.0545 8.3916 0.5337 4
vehicle.car 85.4971 1136.5447 0.0237 -0.1012 0.2768 14.9583 4.9954 2.1385 1.4855 7.4763 6.0015 0.0026 29
vehicle.truck 37.8862 1153.4857 1.0343 0.1786 0.8987 -118.8787 8.8288 3.1457 3.5018 -9.0545 8.3916 0.5339 25
vehicle.car 127.3429 1213.7305 0.8273 0.4114 0.2275 -85.8512 6.1926 2.4695 2.8623 -9.0545 8.3916 0.5337 11
vehicle.truck 15.2722 1121.2859 0.4060 -3.0034 0.7297 60.9001 6.5575 2.5166 2.5104 -9.0545 8.3916 0.5338 27
vehicle.car 30.4841 1161.0574 0.1846 -0.6664 0.4404 -28.9566 4.7997 2.0992 1.7192 -9.0545 8.3915 0.5338 19
vehicle.car 32.1030 1143.0946 0.8185 1.1199 0.3775 -119.0504 6.1926 2.4695 2.8623 -9.0545 8.3915 0.5338 7
vehicle.car 66.5310 1144.9963 0.0793 0.4295 0.9151 151.0418 4.6350 2.1608 1.6713 -9.0545 8.3916 0.5337 16
vehicle.bus.rigid 77.3170 1224.5917 1.0949 0.9715 0.5122 -118.7041 12.0306 2.8726 3.5489 -9.0537 8.3924 0.5663 20
vehicle.car 118.7123 1194.5498 0.0974 1.3927 0.2671 -119.0034 4.6495 2.1154 1.5585 -9.0545 8.3916 0.5338 12
vehicle.truck 84.9346 1227.9586 1.0198 0.2621 0.9932 60.9993 8.8288 3.1457 3.4955 -9.0545 8.3916 0.5338 30
vehicle.car 27.0115 1133.9665 0.1428 1.5559 0.9838 -118.8749 4.6350 2.1608 1.6762 -9.0545 8.3916 0.5337 26
vehicle.car 54.9713 1174.0049 0.1917 1.2349 0.4349 61.1692 4.7997 2.0992 1.7220 -9.0545 8.3916 0.5337 22
vehicle.bus.rigid 45.9767 1209.7304 1.0650 0.2826 0.2544 -29.0708 12.0306 2.8726 3.5495 -9.0545 8.3916 0.5337 9
vehicle.car 43.3938 1163.4381 0.0605 0.3332 0.1742 -119.0706 4.9145 2.1034 1.5006 -9.0547 8.3914 0.5326 14
vehicle.car 78.9248 1217.1257 0.1197 0.4489 0.3464 60.9309 4.3470 2.0651 1.5943 -9.0545 8.3916 0.5338 10
vehicle.truck 123.7072 1203.5696 0.5847 1.5503 0.7343 -117.9518 6.5575 2.5166 2.5069 -9.0545 8.3916 0.5338 6
vehicle.car 57.3001 1178.2140 0.0465 1.2228 0.3871 61.1456 4.8306 2.0307 1.4361 -9.0545 8.3916 0.5337 2
vehicle.car 22.8708 1165.2616 0.0177 -0.5880 0.3521 -28.8020 4.8306 2.0307 1.4369 -9.0545 8.3915 0.5338 15
