vehicle.car 0.3339 1094.2093 -0.0437 2.1416 0.2876 -119.2723 4.3470 2.1044 1.6213 -11.8565 12.1610 0.6239 28
vehicle.car 57.9543 1149.7438 0.0089 0.5987 0.1161 151.1376 4.9145 2.1034 1.5079 -11.8565 12.1610 0.6238 4
vehicle.car 27.2401 1124.0419 0.0842 1.5028 0.1062 61.0955 4.9954 2.1385 1.4855 21.2662 31.9923 -0.1027 29
vehicle.truck 66.9024 1205.8062 1.0045 0.5701 0.6480 -119.0294 8.8288 3.1457 3.5018 -31.5383 0.4305 0.9885 25
vehicle.car 22.3123 1125.5122 0.0817 1.5893 0.0646 -118.9739 4.9954 2.1385 1.4837 -11.8384 12.1719 0.6365 21
vehicle.car 31.0760 1120.6566 -0.0800 0.8492 1.8009 2.4169 4.9047 2.1309 1.4801 -11.8565 12.1610 0.6238 17
vehicle.truck 15.2722 1121.2861 0.4060 -3.0034 0.7297 60.9002 6.5575 2.5166 2.5104 -11.8565 12.1610 0.6238 27
vehicle.car 30.4841 1161.0576 0.1846 -0.6663 0.4404 -28.9566 4.7997 2.0992 1.7192 -11.8565 12.1610 0.6239 19
vehicle.car 53.1329 1181.0231 0.8250 0.7855 0.2270 -118.9790 6.1926 2.4695 2.8623 -34.8664 -1.6075 1.1069 7
vehicle.car 2.6275 1183.0912 0.1375 -0.6539 0.7183 -85.5986 4.6350 2.1608 1.6715 -16.5732 -1.1863 0.8440 13
vehicle.car 66.5310 1144.9965 0.0793 0.4295 0.9151 151.0417 4.6350 2.1608 1.6713 -11.8565 12.1610 0.6239 16
vehicle.bus.rigid -15.9455 1058.8266 1.0541 0.3133 0.4685 -126.5724 12.0306 2.8726 3.5515 -41.2994 0.9938 1.1214 31
vehicle.car 9.2138 1196.2677 0.0429 -0.7194 0.1234 63.0653 4.9145 2.1034 1.4979 1.0143 20.1261 0.3518 32
vehicle.truck 84.9346 1227.9588 1.0198 0.2621 0.9932 60.9993 8.8288 3.1457 3.4955 -11.8565 12.1610 0.6239 30
vehicle.car 33.5861 1145.7160 0.1557 0.4465 0.6418 -119.0423 4.6350 2.1608 1.6762 -30.2139 1.2379 0.9199 26
vehicle.car 53.2086 1170.8144 0.1893 1.1887 0.5286 61.3763 4.7997 2.0992 1.7220 -1.0765 18.6674 0.4021 22
vehicle.bus.rigid 45.9767 1209.7305 1.0650 0.2826 0.2544 -29.0708 12.0306 2.8726 3.5495 -11.8565 12.1610 0.6239 9
vehicle.car 26.3381 1112.9390 -0.0606 -1.0243 -1.3134 -177.5593 4.9145 2.1583 1.5012 -11.8565 12.1610 0.6239 18
vehicle.car 79.7627 1228.9121 0.0863 1.0476 0.0379 -118.4776 4.9145 2.1034 1.5006 -32.8340 -0.4417 1.1414 14
vehicle.car 22.8726 1165.2612 0.0181 -0.5873 0.5408 -28.8038 4.8306 2.0307 1.4369 -11.8359 12.1262 0.6238 15
vehicle.car 33.9694 1216.4110 0.0498 0.0770 0.0714 -25.7277 4.9954 2.1385 1.4884 -6.4341 3.3297 0.5640 8
vehicle.car 7.2805 1180.4693 0.1878 -0.6117 0.5267 124.5598 4.7997 2.0992 1.7226 -11.8565 12.1609 0.6248 5
