vehicle.car 0.3338 1094.2095 -0.0437 2.1416 0.2876 -119.2723 4.3470 2.1044 1.6213 25.7844 11.7416 -0.1692 28
vehicle.car 57.9542 1149.7441 0.0089 0.5987 0.1161 151.1376 4.9145 2.1034 1.5079 25.7844 11.7416 -0.1692 4
vehicle.car 61.3593 1143.8703 0.0323 -0.0036 0.1271 -29.4111 4.9954 2.1385 1.4855 13.4517 -0.2937 0.0446 29
vehicle.truck 41.5037 1160.0251 1.0369 0.1467 0.5848 -118.9780 8.8288 3.1457 3.5018 15.6974 21.9976 0.0074 25
vehicle.car 22.3121 1125.5121 0.0818 1.5893 0.0902 -118.9734 4.9954 2.1385 1.4837 25.7844 11.7416 -0.1692 21
vehicle.car 31.0759 1120.6568 -0.0800 0.8492 1.8009 2.4169 4.9047 2.1309 1.4801 25.7844 11.7416 -0.1692 17
vehicle.car 127.3428 1213.7309 0.8273 0.4114 0.2275 -85.8512 6.1926 2.4695 2.8623 25.7844 11.7416 -0.1692 11
vehicle.truck 15.2721 1121.2863 0.4060 -3.0034 0.7297 60.9001 6.5575 2.5166 2.5104 25.7844 11.7416 -0.1692 27
vehicle.car 30.4840 1161.0578 0.1846 -0.6663 0.4404 -28.9566 4.7997 2.0992 1.7192 25.7844 11.7416 -0.1691 19
vehicle.car 32.1692 1143.2121 0.8192 1.1226 0.5420 -119.0407 6.1926 2.4695 2.8623 22.5753 15.0832 -0.1462 7
vehicle.car 66.5309 1144.9968 0.0793 0.4295 0.9151 151.0418 4.6350 2.1608 1.6713 25.7844 11.7416 -0.1692 16
vehicle.bus.rigid 83.3204 1235.7852 1.0372 0.4474 0.2368 -114.9741 12.0306 2.8726 3.5489 9.9171 26.3988 0.6278 20
vehicle.car 67.1634 1206.2607 0.1603 0.5879 0.5572 -119.0505 4.7000 2.2032 1.7322 9.8938 27.9602 0.0988 24
vehicle.car 118.7122 1194.5502 0.0974 1.3926 0.2671 -119.0035 4.6495 2.1154 1.5585 25.7844 11.7416 -0.1692 12
vehicle.truck 84.9345 1227.9590 1.0198 0.2621 0.9932 60.9993 8.8288 3.1457 3.4955 25.7844 11.7416 -0.1692 30
vehicle.car 27.0115 1133.9670 0.1428 1.5559 0.9838 -118.8749 4.6350 2.1608 1.6762 25.7844 11.7416 -0.1692 26
vehicle.car 54.9713 1174.0053 0.1917 1.2349 0.4349 61.1692 4.7997 2.0992 1.7220 25.7844 11.7417 -0.1692 22
vehicle.bus.rigid 45.9766 1209.7308 1.0650 0.2826 0.2544 -29.0708 12.0306 2.8726 3.5495 25.7844 11.7416 -0.1692 9
vehicle.car 26.3381 1112.9393 -0.0606 -1.0243 -1.3134 -177.5593 4.9145 2.1583 1.5012 25.7844 11.7416 -0.1692 18
vehicle.car 53.7603 1182.1342 0.0929 0.7933 0.1830 -118.9940 4.9145 2.1034 1.5006 9.2057 28.6289 0.0137 14
vehicle.truck 123.7071 1203.5700 0.5847 1.5503 0.7343 -117.9518 6.5575 2.5166 2.5069 25.7844 11.7416 -0.1692 6
vehicle.car 57.3000 1178.2144 0.0465 1.2228 0.3871 61.1456 4.8306 2.0307 1.4361 25.7844 11.7416 -0.1692 2
vehicle.car 9.4671 1196.7985 0.1525 -0.7679 0.4172 62.5831 4.7997 2.0992 1.7226 38.2531 -0.8082 -0.3419 5
