vehicle.car 57.9543 1149.7443 0.0089 0.5987 0.1161 151.1376 4.9145 2.1034 1.5079 -1.0380 20.6851 -0.2733 4
vehicle.car 102.0725 1182.3385 0.0612 1.1429 -0.5263 139.9641 4.9954 2.1385 1.4855 -15.8061 13.6938 0.0445 29
vehicle.truck 37.8861 1153.4864 1.0343 0.1786 0.8987 -118.8787 8.8288 3.1457 3.5018 -1.0380 20.6851 -0.2733 25
vehicle.car 22.3122 1125.5124 0.0818 1.5894 0.0902 -118.9735 4.9954 2.1385 1.4837 -1.0380 20.6851 -0.2733 21
vehicle.car 127.3429 1213.7311 0.8273 0.4114 0.2275 -85.8512 6.1926 2.4695 2.8623 -1.0380 20.6851 -0.2733 11
vehicle.truck 15.2722 1121.2866 0.4060 -3.0034 0.7297 60.9001 6.5575 2.5166 2.5104 -1.0380 20.6851 -0.2733 27
vehicle.car 30.4840 1161.0581 0.1846 -0.6664 0.4404 -28.9567 4.7997 2.0992 1.7192 -1.0380 20.6851 -0.2734 19
vehicle.car 32.1030 1143.0953 0.8185 1.1199 0.3775 -119.0504 6.1926 2.4695 2.8623 -1.0380 20.6850 -0.2733 7
vehicle.car 14.9614 1169.6250 0.1202 -0.7338 1.0400 -29.7350 4.6350 2.1608 1.6715 -1.0380 20.6851 -0.2733 13
vehicle.car 66.5310 1144.9970 0.0793 0.4295 0.9151 151.0418 4.6350 2.1608 1.6713 -1.0380 20.6851 -0.2733 16
vehicle.bus.rigid 77.3165 1224.5916 1.0944 0.9725 0.5474 -118.7035 12.0306 2.8726 3.5489 -1.0380 20.6851 -0.2733 20
vehicle.car 118.7123 1194.5504 0.0974 1.3927 0.2671 -119.0035 4.6495 2.1154 1.5585 -1.0380 20.6850 -0.2733 12
vehicle.truck 84.9346 1227.9593 1.0198 0.2621 0.9932 60.9993 8.8288 3.1457 3.4955 -1.0380 20.6851 -0.2733 30
vehicle.car 27.0115 1133.9672 0.1428 1.5559 0.9838 -118.8749 4.6350 2.1608 1.6762 -1.0380 20.6851 -0.2733 26
vehicle.car 54.9713 1174.0055 0.1917 1.2349 0.4349 61.1692 4.7997 2.0992 1.7220 -1.0380 20.6851 -0.2733 22
vehicle.bus.rigid 45.9766 1209.7310 1.0650 0.2826 0.2544 -29.0708 12.0306 2.8726 3.5495 -1.0380 20.6850 -0.2733 9
vehicle.car 43.3938 1163.4388 0.0604 0.3332 0.1749 -119.0706 4.9145 2.1034 1.5006 -1.0380 20.6851 -0.2733 14
vehicle.car 78.9248 1217.1264 0.1196 0.4488 0.3464 60.9308 4.3470 2.0651 1.5943 -1.0380 20.6850 -0.2733 10
vehicle.truck 123.7072 1203.5702 0.5847 1.5503 0.7343 -117.9518 6.5575 2.5166 2.5069 -1.0380 20.6851 -0.2733 6
vehicle.car 57.3001 1178.2146 0.0465 1.2228 0.3870 61.1456 4.8306 2.0307 1.4361 -1.0380 20.6851 -0.2733 2
vehicle.car 22.8708 1165.2623 0.0177 -0.5880 0.3521 -28.8021 4.8306 2.0307 1.4369 -1.0380 20.6850 -0.2733 15
vehicle.car 21.7363 1217.0644 0.1670 -0.1353 0.5257 48.2572 4.7997 2.0992 1.7226 -1.0380 20.6851 -0.2733 5
