vehicle.car 0.3339 1094.2097 -0.0437 2.1416 0.2876 -119.2723 4.3470 2.1044 1.6213 -3.3879 13.7458 0.0722 28
vehicle.car 57.9543 1149.7442 0.0089 0.5987 0.1161 151.1376 4.9145 2.1034 1.5079 -3.3879 13.7458 0.0722 4
vehicle.car 34.4641 1137.0659 0.0730 0.8139 0.2676 60.8154 4.9954 2.1385 1.4855 31.3000 22.3576 -0.5014 29
vehicle.truck 62.3745 1197.6480 1.0205 0.4218 0.7160 -119.0466 8.8288 3.1457 3.5018 -27.4524 7.6839 0.3100 25
vehicle.car 22.3122 1125.5123 0.0818 1.5894 0.0902 -118.9734 4.9954 2.1385 1.4837 -3.3879 13.7458 0.0722 21
vehicle.car 31.0760 1120.6569 -0.0800 0.8492 1.8009 2.4169 4.9047 2.1309 1.4801 -3.3879 13.7458 0.0722 17
vehicle.truck 15.2722 1121.2865 0.4060 -3.0034 0.7297 60.9001 6.5575 2.5166 2.5104 -3.3879 13.7458 0.0722 27
vehicle.car 30.4840 1161.0579 0.1846 -0.6663 0.4404 -28.9566 4.7997 2.0992 1.7192 -3.3879 13.7458 0.0722 19
vehicle.car 47.9883 1171.7417 0.8193 0.7108 0.2673 -118.9603 6.1926 2.4695 2.8623 -30.2282 6.9508 0.3736 7
vehicle.car 4.6184 1178.0713 0.1491 -0.7030 0.9970 -63.9969 4.6350 2.1608 1.6715 -6.7858 0.4848 0.3647 13
vehicle.car 66.5310 1144.9969 0.0793 0.4295 0.9151 151.0418 4.6350 2.1608 1.6713 -3.3879 13.7458 0.0722 16
vehicle.car 12.5487 1202.3458 0.0450 -0.4714 0.1711 61.0098 4.9145 2.1034 1.4979 15.7482 18.5808 -0.1692 32
vehicle.car 118.7123 1194.5504 0.0974 1.3926 0.2671 -119.0035 4.6495 2.1154 1.5585 -3.3879 13.7458 0.0722 12
vehicle.truck 84.9346 1227.9592 1.0198 0.2621 0.9932 60.9993 8.8288 3.1457 3.4955 -3.3879 13.7458 0.0722 30
vehicle.car 29.9200 1139.1878 0.1450 1.4132 1.2145 -119.1233 4.6350 2.1608 1.6762 -19.3954 9.7389 0.2246 26
vehicle.car 54.9274 1173.9267 0.1918 1.2348 0.5268 61.1779 4.7997 2.0992 1.7220 2.1125 15.1374 0.0097 22
vehicle.bus.rigid 45.9767 1209.7309 1.0650 0.2826 0.2544 -29.0708 12.0306 2.8726 3.5495 -3.3879 13.7458 0.0722 9
vehicle.car 26.3381 1112.9394 -0.0606 -1.0243 -1.3134 -177.5593 4.9145 2.1583 1.5012 -3.3879 13.7458 0.0722 18
vehicle.car 75.1439 1220.6262 0.0713 0.5868 0.3723 -119.0967 4.9145 2.1034 1.5006 -27.0127 7.7784 0.2710 14
vehicle.car 78.9248 1217.1263 0.1196 0.4488 0.3464 60.9308 4.3470 2.0651 1.5943 -3.3879 13.7458 0.0722 10
vehicle.truck 123.7072 1203.5701 0.5847 1.5503 0.7343 -117.9518 6.5575 2.5166 2.5069 -3.3879 13.7458 0.0722 6
vehicle.car 22.8708 1165.2622 0.0177 -0.5880 0.3521 -28.8020 4.8306 2.0307 1.4369 -3.3878 13.7458 0.0721 15
vehicle.car 34.9889 1215.8493 0.0490 0.3273 -0.1851 -27.3212 4.9954 2.1385 1.4884 -3.3878 13.7456 0.0714 8
vehicle.car 7.1997 1180.6218 0.1877 -0.6256 0.5275 123.7433 4.7997 2.0992 1.7226 -2.9205 15.0070 0.0455 5
