vehicle.car 57.9543 1149.7434 0.0089 0.5987 0.1161 151.1376 4.9145 2.1034 1.5079 3.1156 16.9975 -0.3238 4
vehicle.car 107.3851 1176.2608 0.0358 -0.1406 -0.1666 104.0849 4.9954 2.1385 1.4855 -9.4584 20.9960 -0.3099 29
vehicle.truck 37.8861 1153.4855 1.0343 0.1786 0.8987 -118.8787 8.8288 3.1457 3.5018 3.1156 16.9975 -0.3238 25
vehicle.car 127.3429 1213.7303 0.8273 0.4114 0.2275 -85.8512 6.1926 2.4695 2.8623 3.1156 16.9975 -0.3238 11
vehicle.truck 15.2721 1121.2856 0.4060 -3.0034 0.7297 60.9002 6.5575 2.5166 2.5104 3.1156 16.9975 -0.3238 27
vehicle.car 30.4840 1161.0572 0.1846 -0.6663 0.4404 -28.9566 4.7997 2.0992 1.7192 3.1157 16.9974 -0.3237 19
vehicle.car 32.1030 1143.0944 0.8185 1.1199 0.3775 -119.0504 6.1926 2.4695 2.8623 3.1156 16.9975 -0.3238 7
vehicle.car 14.9613 1169.6241 0.1202 -0.7338 1.0400 -29.7350 4.6350 2.1608 1.6715 3.1156 16.9975 -0.3238 13
vehicle.truck 83.7565 1236.6683 0.5159 0.4504 0.6358 -114.5057 6.5575 2.5166 2.5270 3.1156 16.9975 -0.3238 23
vehicle.car 66.5310 1144.9961 0.0793 0.4295 0.9151 151.0418 4.6350 2.1608 1.6713 3.1156 16.9975 -0.3238 16
vehicle.bus.rigid 77.3164 1224.5908 1.0944 0.9725 0.5474 -118.7035 12.0306 2.8726 3.5489 3.1156 16.9975 -0.3238 20
vehicle.car 47.0799 1170.0855 0.2044 0.7211 0.5264 -118.9406 4.7000 2.2032 1.7322 3.1156 16.9975 -0.3238 24
vehicle.car 118.7123 1194.5496 0.0974 1.3927 0.2671 -119.0035 4.6495 2.1154 1.5585 3.1156 16.9975 -0.3238 12
vehicle.truck 84.9346 1227.9585 1.0198 0.2621 0.9932 60.9993 8.8288 3.1457 3.4955 3.1156 16.9975 -0.3238 30
vehicle.car 27.0115 1133.9663 0.1428 1.5559 0.9838 -118.8749 4.6350 2.1608 1.6762 3.1156 16.9975 -0.3238 26
vehicle.car 54.9713 1174.0047 0.1917 1.2349 0.4349 61.1692 4.7997 2.0992 1.7220 3.1156 16.9975 -0.3238 22
vehicle.bus.rigid 45.9766 1209.7302 1.0650 0.2826 0.2544 -29.0708 12.0306 2.8726 3.5495 3.1156 16.9975 -0.3238 9
vehicle.car 43.3938 1163.4379 0.0604 0.3332 0.1749 -119.0706 4.9145 2.1034 1.5006 3.1156 16.9975 -0.3238 14
vehicle.car 78.9248 1217.1256 0.1196 0.4488 0.3464 60.9308 4.3470 2.0651 1.5943 3.1156 16.9975 -0.3238 10
vehicle.truck 123.7072 1203.5694 0.5847 1.5503 0.7343 -117.9518 6.5575 2.5166 2.5069 3.1156 16.9975 -0.3238 6
vehicle.car 57.3001 1178.2138 0.0465 1.2228 0.3871 61.1456 4.8306 2.0307 1.4361 3.1156 16.9975 -0.3238 2
