vehicle.car 0.3339 1094.2091 -0.0437 2.1416 0.2876 -119.2723 4.3470 2.1044 1.6213 26.4027 5.5421 -0.2337 28
vehicle.car 57.9543 1149.7437 0.0089 0.5987 0.1161 151.1376 4.9145 2.1034 1.5079 26.4027 5.5421 -0.2337 4
vehicle.car 45.3831 1149.7582 0.0766 -0.8007 0.3410 24.1423 4.9954 2.1385 1.4855 26.0757 -12.4249 -0.2352 29
vehicle.truck 54.5231 1183.4949 1.0410 0.3259 0.1318 -119.0202 8.8288 3.1457 3.5018 9.0956 23.4855 0.0219 25
vehicle.car 22.3122 1125.5117 0.0818 1.5894 0.0902 -118.9734 4.9954 2.1385 1.4837 26.4028 5.5421 -0.2337 21
vehicle.car 31.0760 1120.6564 -0.0800 0.8492 1.8009 2.4169 4.9047 2.1309 1.4801 26.4027 5.5421 -0.2337 17
vehicle.car 127.3428 1213.7305 0.8273 0.4114 0.2275 -85.8512 6.1926 2.4695 2.8623 26.4028 5.5421 -0.2337 11
vehicle.truck 15.2722 1121.2859 0.4060 -3.0034 0.7297 60.9002 6.5575 2.5166 2.5104 26.4027 5.5421 -0.2337 27
vehicle.car 30.4840 1161.0574 0.1846 -0.6663 0.4404 -28.9566 4.7997 2.0992 1.7192 26.4027 5.5421 -0.2337 19
vehicle.car 40.7970 1158.7405 0.8143 0.0541 0.2740 -118.9730 6.1926 2.4695 2.8623 15.1687 17.1618 0.0326 7
vehicle.car 66.5310 1144.9964 0.0793 0.4295 0.9151 151.0418 4.6350 2.1608 1.6713 26.4028 5.5421 -0.2337 16
vehicle.car 18.3945 1212.5563 0.0314 0.6348 -0.5725 58.9272 4.9145 2.1034 1.4979 36.9417 -6.4187 -0.3416 32
vehicle.car 81.5554 1232.2362 0.1681 0.7264 -0.7549 -117.0972 4.7000 2.2032 1.7322 8.7971 23.1600 0.3089 24
vehicle.car 118.7122 1194.5498 0.0974 1.3926 0.2671 -119.0035 4.6495 2.1154 1.5585 26.4028 5.5421 -0.2337 12
vehicle.truck 84.9346 1227.9586 1.0198 0.2621 0.9932 60.9993 8.8288 3.1457 3.4955 26.4028 5.5421 -0.2337 30
vehicle.car 27.0123 1133.9675 0.1464 1.5513 0.8487 -118.8725 4.6350 2.1608 1.6762 26.4175 5.5351 -0.1332 26
vehicle.car 54.9713 1174.0049 0.1917 1.2349 0.4349 61.1692 4.7997 2.0992 1.7220 26.4028 5.5421 -0.2337 22
vehicle.bus.rigid 45.9766 1209.7304 1.0650 0.2826 0.2544 -29.0708 12.0306 2.8726 3.5495 26.4027 5.5421 -0.2337 9
vehicle.car 26.3381 1112.9389 -0.0606 -1.0243 -1.3134 -177.5593 4.9145 2.1583 1.5012 26.4027 5.5421 -0.2337 18
vehicle.car 68.0621 1207.8714 0.0404 0.5297 -0.0052 -119.0741 4.9145 2.1034 1.5006 10.8563 21.7398 -0.0732 14
vehicle.car 78.9248 1217.1258 0.1196 0.4489 0.3464 60.9309 4.3470 2.0651 1.5943 26.4027 5.5421 -0.2337 10
vehicle.truck 123.7072 1203.5696 0.5847 1.5503 0.7343 -117.9518 6.5575 2.5166 2.5069 26.4027 5.5421 -0.2337 6
vehicle.car 57.3001 1178.2140 0.0465 1.2228 0.3871 61.1456 4.8306 2.0307 1.4361 26.4027 5.5421 -0.2337 2
vehicle.car 34.9889 1215.8488 0.0490 0.3273 -0.1852 -27.3212 4.9954 2.1385 1.4884 26.4027 5.5421 -0.2337 8
