vehicle.car 92.4210 1187.9583 0.0861 1.3281 0.0054 151.8019 4.9954 2.1385 1.4855 -0.2703 34.0494 0.1557 29
vehicle.car 127.3428 1213.7308 0.8273 0.4114 0.2275 -85.8512 6.1926 2.4695 2.8623 -0.2703 34.0494 0.1558 11
vehicle.truck 15.2722 1121.2861 0.4060 -3.0034 0.7298 60.9002 6.5575 2.5166 2.5104 -0.2703 34.0493 0.1558 27
vehicle.car 30.4840 1161.0576 0.1846 -0.6663 0.4403 -28.9566 4.7997 2.0992 1.7192 -0.2703 34.0494 0.1558 19
vehicle.car 32.1030 1143.0948 0.8185 1.1199 0.3775 -119.0503 6.1926 2.4695 2.8623 -0.2703 34.0494 0.1558 7
vehicle.car 14.9613 1169.6245 0.1202 -0.7338 1.0400 -29.7350 4.6350 2.1608 1.6715 -0.2703 34.0493 0.1558 13
vehicle.truck 83.7564 1236.6687 0.5159 0.4504 0.6358 -114.5057 6.5575 2.5166 2.5270 -0.2703 34.0493 0.1558 23
vehicle.bus.rigid 6.1671 1278.9902 1.1526 -0.2756 0.3889 65.3505 12.0306 2.8726 3.5515 -15.9506 53.7814 -0.4969 31
vehicle.bus.rigid 77.3164 1224.5912 1.0944 0.9725 0.5474 -118.7034 12.0306 2.8726 3.5489 -0.2703 34.0494 0.1558 20
vehicle.car 26.2829 1218.7660 0.0687 0.6116 -0.2641 12.0465 4.9145 2.1034 1.4979 -0.2703 34.0493 0.1558 32
vehicle.car 27.0115 1133.9668 0.1428 1.5559 0.9838 -118.8749 4.6350 2.1608 1.6762 -0.2703 34.0494 0.1558 26
vehicle.bus.rigid 45.9766 1209.7306 1.0650 0.2826 0.2544 -29.0708 12.0306 2.8726 3.5495 -0.2703 34.0493 0.1558 9
vehicle.car 78.9248 1217.1260 0.1196 0.4489 0.3464 60.9309 4.3470 2.0651 1.5943 -0.2703 34.0494 0.1558 10
vehicle.truck 123.7072 1203.5699 0.5847 1.5503 0.7343 -117.9518 6.5575 2.5166 2.5069 -0.2703 34.0493 0.1558 6
vehicle.car 22.8707 1165.2618 0.0177 -0.5880 0.3521 -28.8020 4.8306 2.0307 1.4369 -0.2703 34.0493 0.1558 15
vehicle.car 34.9888 1215.8490 0.0490 0.3273 -0.1852 -27.3212 4.9954 2.1385 1.4884 -0.2703 34.0494 0.1558 8
vehicle.car 21.7363 1217.0640 0.1670 -0.1353 0.5257 48.2572 4.7997 2.0992 1.7226 -0.2702 34.0494 0.1557 5
