vehicle.car 57.9543 1149.7436 0.0089 0.5987 0.1161 151.1376 4.9145 2.1034 1.5079 -6.4048 5.6593 0.3477 4
vehicle.car 97.9230 1149.8621 -0.0065 1.4693 -0.3624 61.7267 4.9954 2.1385 1.4855 6.5021 14.2341 0.0916 29
vehicle.truck 37.8861 1153.4856 1.0343 0.1786 0.8987 -118.8788 8.8288 3.1457 3.5018 -6.4048 5.6593 0.3477 25
vehicle.car 22.3122 1125.5116 0.0818 1.5894 0.0902 -118.9734 4.9954 2.1385 1.4837 -6.4048 5.6593 0.3477 21
vehicle.car 127.3429 1213.7304 0.8273 0.4114 0.2275 -85.8512 6.1926 2.4695 2.8623 -6.4048 5.6593 0.3477 11
vehicle.truck 15.2722 1121.2858 0.4060 -3.0034 0.7297 60.9002 6.5575 2.5166 2.5104 -6.4048 5.6593 0.3477 27
vehicle.car 30.4840 1161.0573 0.1846 -0.6663 0.4404 -28.9566 4.7997 2.0992 1.7192 -6.4048 5.6593 0.3476 19
vehicle.car 32.1030 1143.0945 0.8185 1.1199 0.3775 -119.0504 6.1926 2.4695 2.8623 -6.4048 5.6593 0.3477 7
vehicle.car 14.9614 1169.6242 0.1202 -0.7338 1.0400 -29.7350 4.6350 2.1608 1.6715 -6.4048 5.6593 0.3477 13
vehicle.truck 83.7565 1236.6684 0.5159 0.4504 0.6358 -114.5057 6.5575 2.5166 2.5270 -6.4048 5.6593 0.3477 23
vehicle.car 66.5310 1144.9962 0.0793 0.4295 0.9151 151.0418 4.6350 2.1608 1.6713 -6.4048 5.6593 0.3477 16
vehicle.bus.rigid 77.3165 1224.5908 1.0944 0.9725 0.5474 -118.7035 12.0306 2.8726 3.5489 -6.4048 5.6593 0.3477 20
vehicle.car 26.2830 1218.7657 0.0687 0.6116 -0.2641 12.0464 4.9145 2.1034 1.4979 -6.4048 5.6593 0.3477 32
vehicle.car 47.0799 1170.0856 0.2044 0.7211 0.5264 -118.9406 4.7000 2.2032 1.7322 -6.4048 5.6593 0.3477 24
vehicle.car 118.7123 1194.5497 0.0974 1.3927 0.2671 -119.0035 4.6495 2.1154 1.5585 -6.4048 5.6593 0.3477 12
vehicle.truck 84.9346 1227.9585 1.0198 0.2621 0.9932 60.9993 8.8288 3.1457 3.4955 -6.4048 5.6593 0.3477 30
vehicle.car 27.0115 1133.9665 0.1428 1.5559 0.9838 -118.8749 4.6350 2.1608 1.6762 -6.4048 5.6593 0.3477 26
vehicle.car 54.9713 1174.0048 0.1917 1.2349 0.4349 61.1692 4.7997 2.0992 1.7220 -6.4048 5.6593 0.3477 22
vehicle.bus.rigid 45.9766 1209.7303 1.0650 0.2826 0.2544 -29.0708 12.0306 2.8726 3.5495 -6.4048 5.6593 0.3477 9
vehicle.car 43.3938 1163.4380 0.0604 0.3332 0.1749 -119.0706 4.9145 2.1034 1.5006 -6.4048 5.6593 0.3477 14
vehicle.car 78.9248 1217.1256 0.1196 0.4488 0.3464 60.9309 4.3470 2.0651 1.5943 -6.4048 5.6593 0.3477 10
vehicle.truck 123.7072 1203.5695 0.5847 1.5503 0.7343 -117.9518 6.5575 2.5166 2.5069 -6.4048 5.6593 0.3477 6
vehicle.car 57.3001 1178.2139 0.0465 1.2228 0.3871 61.1456 4.8306 2.0307 1.4361 -6.4048 5.6593 0.3477 2
vehicle.car 34.9889 1215.8487 0.0490 0.3274 -0.1852 -27.3212 4.9954 2.1385 1.4884 -6.4048 5.6593 0.3477 8
vehicle.car 21.7363 1217.0636 0.1670 -0.1353 0.5257 48.2572 4.7997 2.0992 1.7226 -6.4048 5.6593 0.3477 5
