vehicle.car 0.3338 1094.2090 -0.0437 2.1416 0.2876 -119.2723 4.3470 2.1044 1.6213 22.6794 16.1168 -0.1064 28
vehicle.car 57.9543 1149.7436 0.0089 0.5987 0.1161 151.1376 4.9145 2.1034 1.5079 22.6794 16.1168 -0.1064 4
vehicle.car 63.0887 1142.9059 0.0305 -0.0140 0.1340 -29.2721 4.9954 2.1385 1.4855 11.0552 1.8987 0.0761 29
vehicle.truck 40.8170 1158.7877 1.0395 0.2201 0.6664 -118.9554 8.8288 3.1457 3.5018 14.0079 23.1652 0.0103 25
vehicle.car 22.3122 1125.5116 0.0818 1.5894 0.0902 -118.9734 4.9954 2.1385 1.4837 22.6794 16.1168 -0.1063 21
vehicle.car 31.0760 1120.6563 -0.0800 0.8492 1.8009 2.4169 4.9047 2.1309 1.4801 22.6794 16.1168 -0.1064 17
vehicle.car 127.3428 1213.7304 0.8273 0.4114 0.2275 -85.8512 6.1926 2.4695 2.8623 22.6794 16.1168 -0.1064 11
vehicle.truck 15.2722 1121.2858 0.4060 -3.0034 0.7297 60.9001 6.5575 2.5166 2.5104 22.6794 16.1168 -0.1064 27
vehicle.car 30.4840 1161.0573 0.1846 -0.6663 0.4404 -28.9566 4.7997 2.0992 1.7192 22.6794 16.1168 -0.1063 19
vehicle.car 32.1031 1143.0947 0.8185 1.1198 0.3682 -119.0505 6.1926 2.4695 2.8623 22.6873 16.1109 -0.0896 7
vehicle.car 66.5309 1144.9963 0.0793 0.4295 0.9151 151.0418 4.6350 2.1608 1.6713 22.6794 16.1168 -0.1064 16
vehicle.bus.rigid 82.2899 1233.7271 1.0607 0.6665 -0.1744 -115.8714 12.0306 2.8726 3.5489 6.9684 28.2906 0.0774 20
vehicle.car 65.9304 1204.0359 0.1544 0.3671 0.6785 -119.0360 4.7000 2.2032 1.7322 4.8271 30.6999 0.0758 24
vehicle.car 118.7122 1194.5497 0.0974 1.3926 0.2671 -119.0035 4.6495 2.1154 1.5585 22.6794 16.1168 -0.1063 12
vehicle.truck 84.9346 1227.9586 1.0198 0.2621 0.9932 60.9993 8.8288 3.1457 3.4955 22.6794 16.1168 -0.1064 30
vehicle.car 27.0115 1133.9665 0.1428 1.5559 0.9838 -118.8749 4.6350 2.1608 1.6762 22.6794 16.1168 -0.1064 26
vehicle.car 54.9713 1174.0048 0.1917 1.2349 0.4349 61.1692 4.7997 2.0992 1.7220 22.6794 16.1168 -0.1064 22
vehicle.bus.rigid 45.9766 1209.7303 1.0650 0.2826 0.2544 -29.0708 12.0306 2.8726 3.5495 22.6794 16.1168 -0.1064 9
vehicle.car 26.3381 1112.9388 -0.0606 -1.0243 -1.3134 -177.5593 4.9145 2.1583 1.5012 22.6794 16.1168 -0.1065 18
vehicle.truck 123.7072 1203.5695 0.5847 1.5503 0.7343 -117.9518 6.5575 2.5166 2.5069 22.6794 16.1168 -0.1064 6
vehicle.car 57.3000 1178.2139 0.0465 1.2228 0.3871 61.1456 4.8306 2.0307 1.4361 22.6794 16.1168 -0.1064 2
vehicle.car 10.4313 1198.5556 0.1534 -0.6604 0.4347 61.4732 4.7997 2.0992 1.7226 36.8729 4.4921 -0.2828 5
