vehicle.car 0.3339 1094.2090 -0.0437 2.1416 0.2876 -119.2723 4.3470 2.1044 1.6213 45.6974 0.0845 -0.2034 28
vehicle.car 57.9543 1149.7435 0.0089 0.5987 0.1161 151.1376 4.9145 2.1034 1.5079 45.6974 0.0845 -0.2035 4
vehicle.car 52.9158 1148.6915 0.0508 -0.3712 0.2520 -23.0407 4.9954 2.1385 1.4855 34.5797 -6.5238 -0.1186 29
vehicle.truck 48.3832 1172.4604 1.0519 0.7319 0.7904 -118.9464 8.8288 3.1457 3.5018 33.8913 19.7724 0.0913 25
vehicle.car 22.3122 1125.5116 0.0818 1.5894 0.0902 -118.9734 4.9954 2.1385 1.4837 45.6974 0.0845 -0.2034 21
vehicle.car 31.0760 1120.6562 -0.0800 0.8492 1.8009 2.4169 4.9047 2.1309 1.4801 45.6974 0.0845 -0.2034 17
vehicle.car 127.3428 1213.7303 0.8273 0.4114 0.2275 -85.8512 6.1926 2.4695 2.8623 45.6974 0.0845 -0.2034 11
vehicle.truck 15.2722 1121.2857 0.4060 -3.0034 0.7297 60.9002 6.5575 2.5166 2.5104 45.6974 0.0845 -0.2035 27
vehicle.car 30.4840 1161.0572 0.1846 -0.6663 0.4404 -28.9566 4.7997 2.0992 1.7192 45.6974 0.0845 -0.2034 19
vehicle.car 36.5234 1151.0128 0.8006 0.0950 0.1496 -118.9245 6.1926 2.4695 2.8623 37.1834 14.2100 0.0303 7
vehicle.car 66.5310 1144.9962 0.0793 0.4295 0.9151 151.0418 4.6350 2.1608 1.6713 45.6974 0.0845 -0.2034 16
vehicle.car 75.1741 1220.6786 0.1916 0.6143 0.6841 -119.0813 4.7000 2.2032 1.7322 32.7970 21.6489 0.0554 24
vehicle.car 118.7122 1194.5497 0.0974 1.3926 0.2671 -119.0035 4.6495 2.1154 1.5585 45.6974 0.0845 -0.2034 12
vehicle.truck 84.9346 1227.9585 1.0198 0.2621 0.9932 60.9994 8.8288 3.1457 3.4955 45.6974 0.0845 -0.2034 30
vehicle.car 27.0115 1133.9664 0.1428 1.5559 0.9836 -118.8748 4.6350 2.1608 1.6762 45.6972 0.0846 -0.2057 26
vehicle.car 54.9713 1174.0047 0.1917 1.2349 0.4349 61.1692 4.7997 2.0992 1.7220 45.6974 0.0845 -0.2034 22
vehicle.bus.rigid 45.9766 1209.7302 1.0650 0.2826 0.2544 -29.0708 12.0306 2.8726 3.5495 45.6974 0.0845 -0.2035 9
vehicle.car 26.3381 1112.9387 -0.0606 -1.0244 -1.3134 -177.5593 4.9145 2.1583 1.5012 45.6974 0.0845 -0.2035 18
vehicle.car 61.9810 1196.9248 0.0488 0.4080 -0.2063 -119.0718 4.9145 2.1034 1.5006 33.2056 21.1184 0.1737 14
vehicle.car 78.9248 1217.1256 0.1196 0.4488 0.3464 60.9309 4.3470 2.0651 1.5943 45.6974 0.0845 -0.2035 10
vehicle.truck 123.7072 1203.5694 0.5847 1.5503 0.7343 -117.9518 6.5575 2.5166 2.5069 45.6974 0.0845 -0.2034 6
vehicle.car 57.3001 1178.2138 0.0465 1.2228 0.3871 61.1456 4.8306 2.0307 1.4361 45.6974 0.0845 -0.2035 2
vehicle.car 5.9128 1187.3513 0.1667 -0.9380 0.6400 90.8487 4.7997 2.0992 1.7226 54.7622 -6.5109 -0.4045 5
