vehicle.car 0.3339 1094.2095 -0.0437 2.1416 0.2876 -119.2723 4.3470 2.1044 1.6213 34.3895 1.3081 -0.2453 28
vehicle.car 57.9543 1149.7441 0.0089 0.5987 0.1161 151.1376 4.9145 2.1034 1.5079 34.3895 1.3081 -0.2454 4
vehicle.car 48.1111 1150.1494 0.0686 -0.3601 0.4599 7.6603 4.9954 2.1385 1.4855 27.1222 -12.5280 -0.3650 29
vehicle.truck 52.5145 1179.9102 1.0576 0.7979 0.8123 -119.0036 8.8288 3.1457 3.5018 20.7469 21.3609 0.0144 25
vehicle.car 22.3122 1125.5122 0.0818 1.5894 0.0902 -118.9734 4.9954 2.1385 1.4837 34.3895 1.3081 -0.2453 21
vehicle.car 31.0760 1120.6568 -0.0800 0.8492 1.8009 2.4169 4.9047 2.1309 1.4801 34.3894 1.3081 -0.2454 17
vehicle.car 127.3428 1213.7309 0.8273 0.4114 0.2275 -85.8512 6.1926 2.4695 2.8623 34.3895 1.3081 -0.2453 11
vehicle.truck 15.2722 1121.2863 0.4060 -3.0034 0.7297 60.9002 6.5575 2.5166 2.5104 34.3894 1.3081 -0.2454 27
vehicle.car 39.4686 1156.3547 0.8121 0.3116 0.2574 -118.9633 6.1926 2.4695 2.8623 25.0241 15.0241 -0.1134 7
vehicle.car 66.5310 1144.9968 0.0793 0.4295 0.9151 151.0418 4.6350 2.1608 1.6713 34.3895 1.3081 -0.2453 16
vehicle.car 19.7363 1214.6980 0.0510 -0.4151 0.1382 57.4437 4.9145 2.1034 1.4979 41.3263 -11.4594 -0.2940 32
vehicle.car 79.5738 1228.5764 0.2072 1.0315 0.3423 -118.5664 4.7000 2.2032 1.7322 20.3347 21.9035 0.1112 24
vehicle.car 118.7123 1194.5503 0.0974 1.3926 0.2671 -119.0035 4.6495 2.1154 1.5585 34.3894 1.3081 -0.2453 12
vehicle.truck 84.9346 1227.9591 1.0198 0.2621 0.9932 60.9994 8.8288 3.1457 3.4955 34.3895 1.3081 -0.2454 30
vehicle.car 27.0114 1133.9669 0.1417 1.5552 1.0043 -118.8740 4.6350 2.1608 1.6762 34.3928 1.3062 -0.2025 26
vehicle.car 54.9713 1174.0053 0.1917 1.2349 0.4349 61.1692 4.7997 2.0992 1.7220 34.3895 1.3081 -0.2453 22
vehicle.bus.rigid 45.9766 1209.7308 1.0650 0.2826 0.2544 -29.0708 12.0306 2.8726 3.5495 34.3895 1.3081 -0.2453 9
vehicle.car 26.3381 1112.9393 -0.0606 -1.0243 -1.3134 -177.5593 4.9145 2.1583 1.5012 34.3894 1.3081 -0.2453 18
vehicle.car 66.1988 1204.5202 0.0367 0.4282 0.3793 -119.0242 4.9145 2.1034 1.5006 21.1835 20.7148 -0.0793 14
vehicle.truck 123.7072 1203.5700 0.5847 1.5503 0.7343 -117.9518 6.5575 2.5166 2.5069 34.3895 1.3081 -0.2453 6
vehicle.car 57.3001 1178.2144 0.0465 1.2228 0.3871 61.1456 4.8306 2.0307 1.4361 34.3895 1.3081 -0.2453 2
vehicle.car 34.9889 1215.8492 0.0490 0.3273 -0.1852 -27.3212 4.9954 2.1385 1.4884 34.3895 1.3081 -0.2454 8
