vehicle.car 0.3339 1094.2095 -0.0437 2.1416 0.2876 -119.2723 4.3470 2.1044 1.6213 49.3079 1.3074 -0.1939 28
vehicle.car 57.9543 1149.7441 0.0089 0.5987 0.1161 151.1377 4.9145 2.1034 1.5079 49.3079 1.3074 -0.1938 4
vehicle.car 55.9062 1146.9594 0.0435 -0.1328 0.2736 -29.4587 4.9954 2.1385 1.4855 38.2149 -5.2258 -0.1325 29
vehicle.truck 45.3729 1167.0283 1.0390 0.5192 1.0250 -119.0143 8.8288 3.1457 3.5018 37.8785 19.7191 0.0076 25
vehicle.car 22.3122 1125.5122 0.0818 1.5894 0.0902 -118.9734 4.9954 2.1385 1.4837 49.3079 1.3074 -0.1938 21
vehicle.car 31.0760 1120.6568 -0.0800 0.8492 1.8009 2.4169 4.9047 2.1309 1.4801 49.3079 1.3074 -0.1938 17
vehicle.car 127.3428 1213.7310 0.8273 0.4114 0.2275 -85.8512 6.1926 2.4695 2.8623 49.3079 1.3074 -0.1938 11
vehicle.truck 15.2722 1121.2863 0.4060 -3.0034 0.7297 60.9002 6.5575 2.5166 2.5104 49.3079 1.3073 -0.1938 27
vehicle.car 30.4840 1161.0578 0.1846 -0.6663 0.4404 -28.9566 4.7997 2.0992 1.7192 49.3079 1.3074 -0.1938 19
vehicle.car 34.4616 1147.2957 0.8143 0.3420 -0.0427 -118.8998 6.1926 2.4695 2.8623 42.0216 13.0026 -0.0153 7
vehicle.car 66.5310 1144.9968 0.0793 0.4295 0.9151 151.0418 4.6350 2.1608 1.6713 49.3079 1.3074 -0.1938 16
vehicle.bus.rigid 87.1209 1244.0362 1.0564 0.4498 0.8204 -114.5945 12.0306 2.8726 3.5489 36.7548 18.4206 0.0475 20
vehicle.car 25.6342 1218.7312 0.0646 0.3371 -0.1360 16.9741 4.9145 2.1034 1.4979 45.7545 -6.0873 -0.2055 32
vehicle.car 71.7880 1214.5863 0.1540 0.5949 0.4758 -118.9888 4.7000 2.2032 1.7322 36.4210 22.0824 0.2254 24
vehicle.truck 84.9346 1227.9591 1.0198 0.2621 0.9932 60.9993 8.8288 3.1457 3.4955 49.3079 1.3074 -0.1938 30
vehicle.car 27.0115 1133.9670 0.1428 1.5559 0.9839 -118.8748 4.6350 2.1608 1.6762 49.3079 1.3074 -0.1937 26
vehicle.car 54.9713 1174.0053 0.1917 1.2349 0.4349 61.1692 4.7997 2.0992 1.7220 49.3079 1.3074 -0.1938 22
vehicle.bus.rigid 45.9766 1209.7308 1.0650 0.2826 0.2544 -29.0708 12.0306 2.8726 3.5495 49.3079 1.3074 -0.1938 9
vehicle.car 26.3381 1112.9393 -0.0607 -1.0244 -1.3133 -177.5592 4.9145 2.1583 1.5012 49.3078 1.3074 -0.1939 18
vehicle.car 58.6691 1190.9829 0.0594 0.8109 -0.1240 -118.9765 4.9145 2.1034 1.5006 36.3822 22.1224 0.1881 14
vehicle.car 78.9248 1217.1262 0.1197 0.4489 0.3464 60.9309 4.3470 2.0651 1.5943 49.3078 1.3073 -0.1938 10
vehicle.truck 123.7072 1203.5701 0.5847 1.5503 0.7343 -117.9518 6.5575 2.5166 2.5069 49.3079 1.3074 -0.1938 6
vehicle.car 57.3001 1178.2145 0.0465 1.2228 0.3870 61.1456 4.8306 2.0307 1.4361 49.3079 1.3074 -0.1939 2
vehicle.car 34.9889 1215.8492 0.0490 0.3274 -0.1851 -27.3212 4.9954 2.1385 1.4884 49.3079 1.3073 -0.1938 8
vehicle.car 6.6688 1190.7526 0.1584 -1.0405 0.7048 75.9135 4.7997 2.0992 1.7226 58.4698 -9.2550 -0.4542 5
