vehicle.car 0.3339 1094.2091 -0.0437 2.1416 0.2876 -119.2723 4.3470 2.1044 1.6213 -14.4942 13.7601 1.0999 28
vehicle.car 57.9543 1149.7437 0.0089 0.5987 0.1162 151.1376 4.9145 2.1034 1.5079 -14.4942 13.7601 1.0999 4
vehicle.car 12.8330 1098.0497 0.0986 1.4723 0.0590 61.1189 4.9954 2.1385 1.4855 17.5294 33.8578 0.0722 29
vehicle.car 27.2084 1134.3225 0.0812 1.5285 0.1277 -118.9916 4.9954 2.1385 1.4837 -31.3939 3.1745 1.6490 21
vehicle.car 31.0760 1120.6564 -0.0800 0.8492 1.8009 2.4169 4.9047 2.1309 1.4801 -14.4942 13.7601 1.0999 17
vehicle.truck 15.2722 1121.2859 0.4060 -3.0034 0.7297 60.9002 6.5575 2.5166 2.5104 -14.4942 13.7601 1.0999 27
vehicle.car 30.4841 1161.0574 0.1846 -0.6663 0.4404 -28.9566 4.7997 2.0992 1.7192 -14.4942 13.7600 1.0999 19
vehicle.car 62.9153 1198.6046 0.7850 0.1405 0.2256 -119.0224 6.1926 2.4695 2.8623 -35.3019 0.6389 1.8242 7
vehicle.car 4.2518 1193.9856 0.1089 -1.2020 0.9860 -115.1411 4.6350 2.1608 1.6715 -25.9024 4.9229 1.4764 13
vehicle.car 66.5310 1144.9964 0.0793 0.4295 0.9151 151.0417 4.6350 2.1608 1.6713 -14.4942 13.7601 1.0999 16
vehicle.bus.rigid -3.2023 1079.5928 1.0976 1.5818 0.3486 -118.8577 12.0306 2.8726 3.5515 -40.9672 -2.9260 2.0903 31
vehicle.car 6.6840 1190.8757 0.0479 -0.9294 0.4213 74.5033 4.9145 2.1034 1.4979 -14.3947 13.8395 1.0966 32
vehicle.car 41.0328 1159.1687 0.1492 0.1101 0.6948 -118.9464 4.6350 2.1608 1.6762 -27.6862 5.4651 1.5520 26
vehicle.car 43.6251 1153.4412 0.1795 -0.1493 0.4701 60.8785 4.7997 2.0992 1.7220 15.4548 32.5436 0.4654 22
vehicle.bus.rigid 45.9767 1209.7304 1.0650 0.2826 0.2544 -29.0708 12.0306 2.8726 3.5495 -14.4942 13.7601 1.0999 9
vehicle.car 26.3381 1112.9389 -0.0606 -1.0243 -1.3134 -177.5593 4.9145 2.1583 1.5012 -14.4942 13.7601 1.0999 18
vehicle.car 15.8715 1169.0977 0.0086 -0.6651 0.4705 -29.1499 4.8306 2.0307 1.4369 -6.9592 1.9411 0.8994 15
vehicle.car 11.0442 1176.1679 0.1668 -0.6433 0.2943 144.3542 4.7997 2.0992 1.7226 -18.7934 24.7045 1.2633 5
