vehicle.car -58.1135 1228.5589 0.1123 0.2985 0.3007 33.1767 4.6495 2.1154 1.5596 1.5461 53.3590 -0.5679 3
vehicle.car 57.9544 1149.7437 0.0089 0.5987 0.1161 151.1376 4.9145 2.1034 1.5079 1.6927 25.9534 -0.1209 4
vehicle.car 92.4211 1187.9581 0.0861 1.3281 0.0053 151.8019 4.9954 2.1385 1.4855 1.6928 25.9534 -0.1208 29
vehicle.truck 37.8862 1153.4858 1.0343 0.1786 0.8987 -118.8787 8.8288 3.1457 3.5018 1.6928 25.9534 -0.1209 25
vehicle.car 22.3123 1125.5118 0.0818 1.5894 0.0902 -118.9734 4.9954 2.1385 1.4837 1.6927 25.9534 -0.1209 21
vehicle.car 127.3429 1213.7306 0.8273 0.4114 0.2275 -85.8512 6.1926 2.4695 2.8623 1.6928 25.9534 -0.1209 11
vehicle.truck 15.2723 1121.2860 0.4060 -3.0034 0.7298 60.9002 6.5575 2.5166 2.5104 1.6928 25.9534 -0.1209 27
vehicle.car 30.4841 1161.0575 0.1846 -0.6663 0.4404 -28.9566 4.7997 2.0992 1.7192 1.6928 25.9534 -0.1208 19
vehicle.car 32.1031 1143.0947 0.8185 1.1199 0.3775 -119.0504 6.1926 2.4695 2.8623 1.6928 25.9534 -0.1209 7
vehicle.car 14.9615 1169.6244 0.1202 -0.7338 1.0400 -29.7350 4.6350 2.1608 1.6715 1.6928 25.9534 -0.1209 13
vehicle.truck 83.7566 1236.6685 0.5159 0.4504 0.6358 -114.5057 6.5575 2.5166 2.5270 1.6928 25.9534 -0.1209 23
vehicle.bus.rigid 8.1312 1284.2308 1.1535 -0.2713 0.3668 69.7054 12.0306 2.8726 3.5515 -14.6148 45.1597 -0.4719 31
vehicle.bus.rigid 77.3165 1224.5910 1.0944 0.9725 0.5474 -118.7034 12.0306 2.8726 3.5489 1.6928 25.9534 -0.1209 20
vehicle.car 26.2831 1218.7658 0.0687 0.6116 -0.2641 12.0465 4.9145 2.1034 1.4979 1.6927 25.9534 -0.1209 32
vehicle.car 47.0800 1170.0858 0.2044 0.7211 0.5264 -118.9407 4.7000 2.2032 1.7322 1.6928 25.9534 -0.1209 24
vehicle.car 118.7123 1194.5499 0.0974 1.3927 0.2671 -119.0035 4.6495 2.1154 1.5585 1.6927 25.9534 -0.1209 12
vehicle.truck 84.9347 1227.9587 1.0198 0.2621 0.9932 60.9994 8.8288 3.1457 3.4955 1.6927 25.9534 -0.1209 30
vehicle.car 54.9714 1174.0050 0.1917 1.2349 0.4349 61.1692 4.7997 2.0992 1.7220 1.6927 25.9534 -0.1209 22
vehicle.bus.rigid 45.9767 1209.7304 1.0650 0.2826 0.2544 -29.0708 12.0306 2.8726 3.5495 1.6927 25.9534 -0.1209 9
vehicle.car 43.3939 1163.4382 0.0604 0.3332 0.1749 -119.0706 4.9145 2.1034 1.5006 1.6927 25.9534 -0.1209 14
vehicle.car 78.9249 1217.1258 0.1196 0.4489 0.3464 60.9309 4.3470 2.0651 1.5943 1.6928 25.9534 -0.1209 10
vehicle.truck 123.7073 1203.5697 0.5847 1.5503 0.7343 -117.9518 6.5575 2.5166 2.5069 1.6927 25.9534 -0.1209 6
vehicle.car 57.3002 1178.2141 0.0465 1.2228 0.3871 61.1456 4.8306 2.0307 1.4361 1.6928 25.9534 -0.1209 2
vehicle.car 22.8709 1165.2617 0.0177 -0.5880 0.3521 -28.8020 4.8306 2.0307 1.4369 1.6928 25.9534 -0.1208 15
vehicle.car 34.9890 1215.8488 0.0490 0.3273 -0.1851 -27.3212 4.9954 2.1385 1.4884 1.6927 25.9534 -0.1209 8
vehicle.car 21.7364 1217.0638 0.1670 -0.1353 0.5257 48.2572 4.7997 2.0992 1.7226 1.6928 25.9534 -0.1209 5
