vehicle.car 57.9543 1149.7435 0.0089 0.5987 0.1161 151.1376 4.9145 2.1034 1.5079 -1.4280 1.3094 0.0624 4
vehicle.car 97.3336 1148.7828 -0.0093 1.4070 -0.2330 61.6034 4.9954 2.1385 1.4855 -1.4280 1.3094 0.0624 29
vehicle.truck 37.8861 1153.4856 1.0343 0.1787 0.8987 -118.8788 8.8288 3.1457 3.5018 -1.4280 1.3094 0.0624 25
vehicle.car 22.3122 1125.5116 0.0818 1.5894 0.0902 -118.9734 4.9954 2.1385 1.4837 -1.4280 1.3094 0.0624 21
vehicle.car 31.0760 1120.6563 -0.0800 0.8492 1.8009 2.4169 4.9047 2.1309 1.4801 -1.4280 1.3094 0.0624 17
vehicle.car 127.3429 1213.7304 0.8273 0.4114 0.2275 -85.8512 6.1926 2.4695 2.8623 -1.4280 1.3094 0.0624 11
vehicle.truck 15.2722 1121.2858 0.4060 -3.0034 0.7297 60.9002 6.5575 2.5166 2.5104 -1.4280 1.3094 0.0624 27
vehicle.car 30.4841 1161.0573 0.1846 -0.6663 0.4403 -28.9566 4.7997 2.0992 1.7192 -1.4280 1.3094 0.0624 19
vehicle.car 32.1030 1143.0945 0.8185 1.1199 0.3775 -119.0504 6.1926 2.4695 2.8623 -1.4280 1.3094 0.0624 7
vehicle.car 14.9614 1169.6242 0.1202 -0.7338 1.0400 -29.7350 4.6350 2.1608 1.6715 -1.4280 1.3094 0.0624 13
vehicle.car 66.5310 1144.9962 0.0793 0.4295 0.9151 151.0418 4.6350 2.1608 1.6713 -1.4280 1.3094 0.0624 16
vehicle.bus.rigid 77.3165 1224.5908 1.0944 0.9725 0.5474 -118.7035 12.0306 2.8726 3.5489 -1.4280 1.3094 0.0624 20
vehicle.car 26.2830 1218.7656 0.0687 0.6116 -0.2641 12.0465 4.9145 2.1034 1.4979 -1.4280 1.3094 0.0624 32
vehicle.car 47.0799 1170.0856 0.2044 0.7211 0.5264 -118.9407 4.7000 2.2032 1.7322 -1.4280 1.3094 0.0624 24
vehicle.car 118.7123 1194.5497 0.0974 1.3926 0.2671 -119.0034 4.6495 2.1154 1.5585 -1.4280 1.3094 0.0624 12
vehicle.truck 84.9346 1227.9585 1.0198 0.2621 0.9932 60.9994 8.8288 3.1457 3.4955 -1.4280 1.3094 0.0624 30
vehicle.car 27.0115 1133.9664 0.1428 1.5559 0.9838 -118.8749 4.6350 2.1608 1.6762 -1.4280 1.3094 0.0624 26
vehicle.car 54.9713 1174.0048 0.1917 1.2349 0.4349 61.1692 4.7997 2.0992 1.7220 -1.4280 1.3094 0.0624 22
vehicle.bus.rigid 45.9767 1209.7302 1.0650 0.2826 0.2544 -29.0708 12.0306 2.8726 3.5495 -1.4280 1.3094 0.0624 9
vehicle.car 26.3381 1112.9387 -0.0607 -1.0243 -1.3134 -177.5593 4.9145 2.1583 1.5012 -1.4280 1.3093 0.0623 18
vehicle.car 43.3938 1163.4380 0.0604 0.3332 0.1749 -119.0706 4.9145 2.1034 1.5006 -1.4280 1.3094 0.0624 14
vehicle.car 78.9248 1217.1256 0.1196 0.4489 0.3464 60.9309 4.3470 2.0651 1.5943 -1.4280 1.3094 0.0623 10
vehicle.truck 123.7072 1203.5695 0.5847 1.5503 0.7343 -117.9518 6.5575 2.5166 2.5069 -1.4280 1.3094 0.0624 6
vehicle.car 57.3001 1178.2139 0.0465 1.2228 0.3871 61.1456 4.8306 2.0307 1.4361 -1.4280 1.3094 0.0624 2
vehicle.car 34.9889 1215.8486 0.0490 0.3274 -0.1852 -27.3212 4.9954 2.1385 1.4884 -1.4280 1.3094 0.0624 8
vehicle.car 21.7364 1217.0636 0.1670 -0.1353 0.5257 48.2572 4.7997 2.0992 1.7226 -1.4280 1.3094 0.0624 5
