vehicle.car -19.8621 1054.2959 0.0694 0.3919 0.3220 -132.5932 4.6495 2.1154 1.5596 -38.6972 6.2130 1.8209 3
vehicle.car 57.9543 1149.7436 0.0089 0.5987 0.1161 151.1376 4.9145 2.1034 1.5079 -14.4846 13.6963 1.0921 4
vehicle.car 3.7309 1081.5629 0.0881 1.8407 0.0302 61.0569 4.9954 2.1385 1.4855 17.2993 33.6775 0.1056 29
vehicle.car 32.5586 1143.8938 0.0970 1.0316 0.2264 -119.1341 4.9954 2.1385 1.4837 -34.0939 1.5171 1.5870 21
vehicle.car 31.0760 1120.6563 -0.0800 0.8492 1.8009 2.4169 4.9047 2.1309 1.4801 -14.4846 13.6963 1.0921 17
vehicle.truck 15.2722 1121.2858 0.4060 -3.0034 0.7297 60.9002 6.5575 2.5166 2.5104 -14.4846 13.6963 1.0920 27
vehicle.car 30.4841 1161.0573 0.1846 -0.6663 0.4404 -28.9566 4.7997 2.0992 1.7192 -14.4846 13.6963 1.0921 19
vehicle.bus.rigid 4.3957 1093.2911 1.0949 1.7984 0.3779 -118.9337 12.0306 2.8726 3.5515 -41.0396 -2.9520 1.9468 31
vehicle.car 46.3599 1168.7986 0.1541 0.7412 1.0086 -119.0092 4.6350 2.1608 1.6762 -36.9834 -0.3952 1.8215 26
vehicle.car 34.7942 1137.6514 0.1710 0.6660 0.4101 60.7412 4.7997 2.0992 1.7220 16.3577 32.8639 0.0671 22
vehicle.car 26.3381 1112.9388 -0.0606 -1.0243 -1.3134 -177.5593 4.9145 2.1583 1.5012 -14.4846 13.6964 1.0920 18
vehicle.car 9.5850 1172.8522 0.0210 -0.7208 0.5417 -39.3705 4.8306 2.0307 1.4369 -7.8244 0.3666 0.8603 15
