vehicle.car -49.3815 1233.5106 0.1158 0.3415 0.2819 27.4542 4.6495 2.1154 1.5596 13.2226 37.2206 -0.2091 3
vehicle.truck 37.8861 1153.4861 1.0343 0.1786 0.8987 -118.8787 8.8288 3.1457 3.5018 5.2845 10.1682 0.2064 25
vehicle.car 22.3122 1125.5121 0.0818 1.5894 0.0902 -118.9734 4.9954 2.1385 1.4837 5.2844 10.1682 0.2063 21
vehicle.car 127.3429 1213.7309 0.8273 0.4114 0.2275 -85.8512 6.1926 2.4695 2.8623 5.2845 10.1682 0.2064 11
vehicle.car 30.4840 1161.0578 0.1846 -0.6664 0.4404 -28.9566 4.7997 2.0992 1.7192 5.2844 10.1683 0.2062 19
vehicle.car 32.1030 1143.0950 0.8185 1.1199 0.3775 -119.0504 6.1926 2.4695 2.8623 5.2845 10.1682 0.2064 7
vehicle.car 14.9614 1169.6247 0.1202 -0.7338 1.0400 -29.7350 4.6350 2.1608 1.6715 5.2845 10.1682 0.2064 13
vehicle.truck 83.7565 1236.6689 0.5159 0.4504 0.6358 -114.5057 6.5575 2.5166 2.5270 5.2845 10.1682 0.2064 23
vehicle.bus.rigid 10.4290 1293.0197 1.1584 -0.2209 0.3562 77.0743 12.0306 2.8726 3.5515 -9.8028 30.3321 -0.3239 31
vehicle.bus.rigid 77.3165 1224.5914 1.0944 0.9725 0.5475 -118.7035 12.0306 2.8726 3.5489 5.2845 10.1682 0.2064 20
vehicle.car 26.2830 1218.7662 0.0687 0.6116 -0.2641 12.0464 4.9145 2.1034 1.4979 5.2845 10.1682 0.2063 32
vehicle.car 47.0799 1170.0861 0.2044 0.7211 0.5264 -118.9406 4.7000 2.2032 1.7322 5.2844 10.1682 0.2064 24
vehicle.car 118.7123 1194.5502 0.0975 1.3926 0.2671 -119.0035 4.6495 2.1154 1.5585 5.2845 10.1682 0.2064 12
vehicle.truck 84.9346 1227.9591 1.0198 0.2621 0.9932 60.9993 8.8288 3.1457 3.4955 5.2845 10.1682 0.2064 30
vehicle.car 27.0115 1133.9670 0.1428 1.5559 0.9838 -118.8749 4.6350 2.1608 1.6762 5.2845 10.1682 0.2064 26
vehicle.car 54.9713 1174.0053 0.1917 1.2349 0.4349 61.1692 4.7997 2.0992 1.7220 5.2844 10.1682 0.2064 22
vehicle.bus.rigid 45.9766 1209.7308 1.0650 0.2826 0.2544 -29.0708 12.0306 2.8726 3.5495 5.2845 10.1682 0.2063 9
vehicle.car 43.3938 1163.4385 0.0604 0.3332 0.1749 -119.0706 4.9145 2.1034 1.5006 5.2844 10.1682 0.2063 14
vehicle.car 78.9248 1217.1262 0.1197 0.4488 0.3464 60.9309 4.3470 2.0651 1.5943 5.2845 10.1682 0.2064 10
vehicle.truck 123.7072 1203.5700 0.5847 1.5503 0.7343 -117.9518 6.5575 2.5166 2.5069 5.2845 10.1682 0.2063 6
vehicle.car 57.3001 1178.2144 0.0465 1.2228 0.3870 61.1456 4.8306 2.0307 1.4361 5.2845 10.1682 0.2064 2
vehicle.car 22.8708 1165.2620 0.0177 -0.5880 0.3521 -28.8021 4.8306 2.0307 1.4369 5.2845 10.1682 0.2063 15
vehicle.car 34.9889 1215.8492 0.0490 0.3274 -0.1852 -27.3212 4.9954 2.1385 1.4884 5.2845 10.1682 0.2063 8
vehicle.car 21.7363 1217.0642 0.1670 -0.1353 0.5257 48.2572 4.7997 2.0992 1.7226 5.2845 10.1682 0.2063 5
