vehicle.car 0.3339 1094.2094 -0.0437 2.1416 0.2876 -119.2722 4.3470 2.1044 1.6213 19.3978 10.3406 -0.2166 28
vehicle.car 57.9543 1149.7440 0.0089 0.5987 0.1161 151.1376 4.9145 2.1034 1.5079 19.3978 10.3406 -0.2165 4
vehicle.car 42.9877 1148.5792 0.0772 -0.5323 0.1444 38.4610 4.9954 2.1385 1.4855 29.8419 -7.9136 -0.3006 29
vehicle.truck 56.2041 1186.5525 1.0282 0.6759 0.5726 -118.9654 8.8288 3.1457 3.5018 -2.0000 24.0830 0.2016 25
vehicle.car 22.3122 1125.5120 0.0818 1.5894 0.0902 -118.9734 4.9954 2.1385 1.4837 19.3978 10.3406 -0.2165 21
vehicle.car 31.0760 1120.6567 -0.0800 0.8492 1.8009 2.4169 4.9047 2.1309 1.4801 19.3978 10.3406 -0.2165 17
vehicle.car 127.3428 1213.7308 0.8273 0.4114 0.2275 -85.8512 6.1926 2.4695 2.8623 19.3978 10.3406 -0.2165 11
vehicle.truck 15.2722 1121.2862 0.4060 -3.0034 0.7297 60.9002 6.5575 2.5166 2.5104 19.3978 10.3406 -0.2166 27
vehicle.car 30.4840 1161.0577 0.1846 -0.6664 0.4404 -28.9566 4.7997 2.0992 1.7192 19.3978 10.3407 -0.2166 19
vehicle.car 41.8821 1160.7083 0.8065 0.2124 -0.1240 -118.9846 6.1926 2.4695 2.8623 5.0919 19.5956 0.0111 7
vehicle.car 8.9795 1173.2758 0.1342 -0.6823 1.0881 -42.6959 4.6350 2.1608 1.6715 11.3204 1.1415 0.0158 13
vehicle.car 66.5310 1144.9966 0.0793 0.4295 0.9151 151.0418 4.6350 2.1608 1.6713 19.3978 10.3406 -0.2165 16
vehicle.car 83.1125 1235.3159 0.1361 0.2870 0.4991 -115.3157 4.7000 2.2032 1.7322 -2.2599 22.7557 0.1963 24
vehicle.truck 84.9345 1227.9589 1.0198 0.2621 0.9932 60.9994 8.8288 3.1457 3.4955 19.3978 10.3406 -0.2166 30
vehicle.car 27.0331 1134.0016 0.1400 1.5343 1.7487 -118.8826 4.6350 2.1608 1.6762 16.4076 12.3245 -0.2507 26
vehicle.car 54.9713 1174.0052 0.1917 1.2349 0.4349 61.1692 4.7997 2.0992 1.7220 19.3978 10.3406 -0.2166 22
vehicle.bus.rigid 45.9766 1209.7306 1.0650 0.2826 0.2544 -29.0708 12.0306 2.8726 3.5495 19.3978 10.3406 -0.2165 9
vehicle.car 26.3381 1112.9391 -0.0606 -1.0243 -1.3134 -177.5592 4.9145 2.1583 1.5012 19.3978 10.3406 -0.2166 18
vehicle.car 69.5482 1210.5428 0.0443 0.4773 0.4256 -119.0096 4.9145 2.1034 1.5006 1.2260 22.1527 0.0530 14
vehicle.car 78.9248 1217.1260 0.1196 0.4488 0.3464 60.9308 4.3470 2.0651 1.5943 19.3978 10.3406 -0.2166 10
vehicle.truck 123.7072 1203.5699 0.5847 1.5503 0.7343 -117.9518 6.5575 2.5166 2.5069 19.3978 10.3406 -0.2166 6
vehicle.car 57.3000 1178.2143 0.0465 1.2228 0.3871 61.1456 4.8306 2.0307 1.4361 19.3978 10.3406 -0.2165 2
vehicle.car 22.8707 1165.2619 0.0177 -0.5880 0.3521 -28.8020 4.8306 2.0307 1.4369 19.3978 10.3406 -0.2165 15
vehicle.car 34.9888 1215.8490 0.0490 0.3273 -0.1852 -27.3212 4.9954 2.1385 1.4884 19.3978 10.3406 -0.2165 8
vehicle.car 6.5719 1182.0480 0.1854 -0.5334 0.7601 116.3314 4.7997 2.0992 1.7226 24.2715 11.7276 -0.3554 5
