vehicle.car 0.3339 1094.2097 -0.0437 2.1416 0.2876 -119.2723 4.3470 2.1044 1.6213 -14.4999 13.7171 0.8129 28
vehicle.car 57.9543 1149.7443 0.0089 0.5987 0.1161 151.1376 4.9145 2.1034 1.5079 -14.4999 13.7171 0.8128 4
vehicle.car 21.5440 1113.7659 0.0912 1.4269 0.1172 61.0757 4.9954 2.1385 1.4855 17.9262 34.0606 0.0211 29
vehicle.truck 70.1671 1211.6755 1.0040 0.4114 0.7355 -119.0117 8.8288 3.1457 3.5018 -32.7435 2.2928 1.2033 25
vehicle.car 23.3222 1127.3251 0.0817 1.5738 0.1675 -118.9915 4.9954 2.1385 1.4837 -25.2698 6.9745 1.0722 21
vehicle.car 31.0760 1120.6570 -0.0800 0.8492 1.8009 2.4169 4.9047 2.1309 1.4801 -14.4999 13.7171 0.8129 17
vehicle.truck 15.2722 1121.2865 0.4060 -3.0034 0.7297 60.9002 6.5575 2.5166 2.5104 -14.4999 13.7171 0.8128 27
vehicle.car 30.4840 1161.0580 0.1846 -0.6664 0.4403 -28.9566 4.7997 2.0992 1.7192 -14.4999 13.7171 0.8128 19
vehicle.car 57.0675 1188.0896 0.7888 0.3115 0.5777 -118.9866 6.1926 2.4695 2.8623 -36.6772 -0.2267 1.2428 7
vehicle.car 2.4601 1187.4385 0.1186 -0.8144 0.6720 -100.0568 4.6350 2.1608 1.6715 -22.5566 1.7525 1.0717 13
vehicle.car 66.5310 1144.9969 0.0793 0.4295 0.9151 151.0418 4.6350 2.1608 1.6713 -14.4999 13.7171 0.8128 16
vehicle.bus.rigid -10.4821 1066.7091 1.0812 0.3381 0.6440 -120.6591 12.0306 2.8726 3.5515 -41.9038 -1.5582 1.3838 31
vehicle.car 7.5227 1192.8706 0.0434 -0.8332 0.2746 68.1508 4.9145 2.1034 1.4979 -6.7598 19.2929 0.6124 32
vehicle.car 36.7828 1151.4777 0.1342 0.0124 0.9004 -118.8945 4.6350 2.1608 1.6762 -32.1845 2.5050 1.2365 26
vehicle.car 50.8635 1166.5280 0.1883 1.0739 0.7422 61.4532 4.7997 2.0992 1.7220 4.1523 25.5606 0.3103 22
vehicle.bus.rigid 45.9767 1209.7310 1.0650 0.2826 0.2544 -29.0708 12.0306 2.8726 3.5495 -14.4999 13.7171 0.8129 9
vehicle.car 26.3381 1112.9395 -0.0606 -1.0243 -1.3134 -177.5593 4.9145 2.1583 1.5012 -14.4999 13.7171 0.8128 18
vehicle.car 21.0473 1166.2664 0.0146 -0.5899 0.3813 -28.7701 4.8306 2.0307 1.4369 -8.5915 4.3663 0.7274 15
vehicle.car 7.5715 1179.9620 0.1898 -0.6522 0.5778 127.4144 4.7997 2.0992 1.7226 -14.6624 23.0198 0.7543 5
