vehicle.car 0.3338 1094.2091 -0.0437 2.1416 0.2876 -119.2723 4.3470 2.1044 1.6213 -2.0650 14.6455 0.0563 28
vehicle.car 57.9542 1149.7436 0.0089 0.5987 0.1161 151.1376 4.9145 2.1034 1.5079 -2.0650 14.6455 0.0563 4
vehicle.car 35.4181 1138.7617 0.0685 0.6693 0.0842 60.5873 4.9954 2.1385 1.4855 31.9741 20.5215 -0.2904 29
vehicle.truck 61.7014 1196.4411 1.0157 0.4768 0.5676 -119.0613 8.8288 3.1457 3.5018 -26.6658 10.1569 0.3062 25
vehicle.car 22.3121 1125.5117 0.0818 1.5894 0.0902 -118.9734 4.9954 2.1385 1.4837 -2.0650 14.6455 0.0563 21
vehicle.car 31.0759 1120.6563 -0.0800 0.8492 1.8009 2.4169 4.9047 2.1309 1.4801 -2.0650 14.6455 0.0563 17
vehicle.truck 15.2721 1121.2858 0.4060 -3.0034 0.7297 60.9001 6.5575 2.5166 2.5104 -2.0650 14.6455 0.0564 27
vehicle.car 30.4840 1161.0573 0.1846 -0.6664 0.4404 -28.9566 4.7997 2.0992 1.7192 -2.0649 14.6455 0.0563 19
vehicle.car 47.2398 1170.3942 0.8183 0.7189 0.2576 -118.9971 6.1926 2.4695 2.8623 -29.3865 9.6347 0.3852 7
vehicle.car 5.0388 1177.4399 0.1479 -0.7869 0.9680 -61.1240 4.6350 2.1608 1.6715 -5.7724 1.5683 0.2630 13
vehicle.car 66.5309 1144.9963 0.0793 0.4295 0.9151 151.0417 4.6350 2.1608 1.6713 -2.0650 14.6455 0.0563 16
vehicle.car 13.0860 1203.3125 0.0450 -0.4533 0.1669 60.9650 4.9145 2.1034 1.4979 17.5504 18.2593 -0.1635 32
vehicle.car 118.7122 1194.5497 0.0974 1.3926 0.2671 -119.0035 4.6495 2.1154 1.5585 -2.0650 14.6455 0.0563 12
vehicle.truck 84.9345 1227.9585 1.0198 0.2621 0.9932 60.9993 8.8288 3.1457 3.4955 -2.0650 14.6455 0.0563 30
vehicle.car 29.4865 1138.4108 0.1437 1.4521 1.1963 -119.0907 4.6350 2.1608 1.6762 -17.3613 11.8526 0.2220 26
vehicle.car 54.9722 1174.0063 0.1955 1.2403 0.1848 61.1648 4.7997 2.0992 1.7220 -2.1687 14.6242 -0.0424 22
vehicle.bus.rigid 45.9766 1209.7303 1.0650 0.2826 0.2544 -29.0708 12.0306 2.8726 3.5495 -2.0650 14.6455 0.0563 9
vehicle.car 26.3380 1112.9388 -0.0606 -1.0243 -1.3134 -177.5593 4.9145 2.1583 1.5012 -2.0650 14.6455 0.0563 18
vehicle.car 74.4800 1219.4400 0.0555 0.9598 0.8219 -119.0364 4.9145 2.1034 1.5006 -26.1182 10.2619 -0.4233 14
vehicle.car 78.9248 1217.1257 0.1196 0.4489 0.3464 60.9308 4.3470 2.0651 1.5943 -2.0650 14.6455 0.0563 10
vehicle.truck 123.7071 1203.5695 0.5847 1.5503 0.7343 -117.9518 6.5575 2.5166 2.5069 -2.0650 14.6455 0.0563 6
vehicle.car 57.3026 1178.2186 0.0419 1.2185 0.8735 61.1556 4.8306 2.0307 1.4361 -2.1162 14.6356 0.1602 2
vehicle.car 22.8707 1165.2615 0.0177 -0.5880 0.3521 -28.8021 4.8306 2.0307 1.4369 -2.0650 14.6455 0.0563 15
vehicle.car 34.9888 1215.8487 0.0490 0.3273 -0.1851 -27.3212 4.9954 2.1385 1.4884 -2.0650 14.6455 0.0565 8
vehicle.car 7.1619 1180.6965 0.1877 -0.6266 0.5366 123.2973 4.7997 2.0992 1.7226 -1.3140 16.1601 0.0236 5
