vehicle.car 0.3339 1094.2097 -0.0437 2.1416 0.2876 -119.2723 4.3470 2.1044 1.6213 -2.8982 14.0798 0.1013 28
vehicle.car 57.9543 1149.7443 0.0089 0.5987 0.1161 151.1376 4.9145 2.1034 1.5079 -2.8982 14.0798 0.1013 4
vehicle.car 74.6162 1136.8412 0.0314 -0.4656 0.1821 -23.7663 4.9954 2.1385 1.4855 1.4182 -3.2603 0.5657 29
vehicle.truck 37.8873 1153.4771 1.0352 -0.0056 1.2070 -118.8845 8.8288 3.1457 3.5018 -3.5017 14.0189 0.1062 25
vehicle.car 22.3122 1125.5123 0.0818 1.5894 0.0902 -118.9734 4.9954 2.1385 1.4837 -2.8982 14.0798 0.1013 21
vehicle.car 31.0760 1120.6570 -0.0800 0.8492 1.8009 2.4169 4.9047 2.1309 1.4801 -2.8982 14.0798 0.1013 17
vehicle.car 127.3428 1213.7311 0.8273 0.4114 0.2275 -85.8512 6.1926 2.4695 2.8623 -2.8982 14.0798 0.1013 11
vehicle.truck 15.2722 1121.2865 0.4060 -3.0034 0.7297 60.9002 6.5575 2.5166 2.5104 -2.8982 14.0798 0.1013 27
vehicle.car 30.4840 1161.0580 0.1846 -0.6663 0.4404 -28.9566 4.7997 2.0992 1.7192 -2.8982 14.0798 0.1013 19
vehicle.car 32.1030 1143.0952 0.8185 1.1199 0.3775 -119.0503 6.1926 2.4695 2.8623 -2.8982 14.0798 0.1013 7
vehicle.car 14.9614 1169.6249 0.1202 -0.7338 1.0400 -29.7350 4.6350 2.1608 1.6715 -2.8982 14.0798 0.1013 13
vehicle.car 66.5310 1144.9970 0.0793 0.4295 0.9151 151.0418 4.6350 2.1608 1.6713 -2.8982 14.0798 0.1013 16
vehicle.bus.rigid 78.5365 1226.7980 1.0984 1.1123 0.3682 -118.4613 12.0306 2.8726 3.5489 -9.3436 13.5190 0.1992 20
vehicle.car 58.5470 1190.7661 0.1790 0.7997 0.1849 -118.9703 4.7000 2.2032 1.7322 -27.0369 11.9347 0.4875 24
vehicle.car 118.7122 1194.5504 0.0974 1.3926 0.2671 -119.0034 4.6495 2.1154 1.5585 -2.8982 14.0798 0.1013 12
vehicle.truck 84.9346 1227.9592 1.0198 0.2621 0.9932 60.9993 8.8288 3.1457 3.4955 -2.8982 14.0798 0.1013 30
vehicle.car 27.0115 1133.9672 0.1428 1.5559 0.9838 -118.8749 4.6350 2.1608 1.6762 -2.8982 14.0798 0.1013 26
vehicle.car 54.9713 1174.0055 0.1917 1.2349 0.4349 61.1692 4.7997 2.0992 1.7220 -2.8982 14.0798 0.1013 22
vehicle.bus.rigid 45.9766 1209.7310 1.0650 0.2826 0.2544 -29.0708 12.0306 2.8726 3.5495 -2.8982 14.0798 0.1013 9
vehicle.car 26.3381 1112.9395 -0.0606 -1.0243 -1.3134 -177.5593 4.9145 2.1583 1.5012 -2.8982 14.0798 0.1013 18
vehicle.car 46.1442 1168.4033 0.0839 0.7296 0.1972 -119.0677 4.9145 2.1034 1.5006 -20.0677 12.5950 0.3496 14
vehicle.car 78.9248 1217.1264 0.1196 0.4488 0.3464 60.9309 4.3470 2.0651 1.5943 -2.8982 14.0798 0.1013 10
vehicle.truck 123.7072 1203.5702 0.5847 1.5503 0.7343 -117.9518 6.5575 2.5166 2.5069 -2.8982 14.0798 0.1013 6
vehicle.car 57.3001 1178.2146 0.0465 1.2228 0.3871 61.1456 4.8306 2.0307 1.4361 -2.8982 14.0798 0.1013 2
vehicle.car 22.8707 1165.2622 0.0177 -0.5880 0.3521 -28.8020 4.8306 2.0307 1.4369 -2.8982 14.0798 0.1012 15
vehicle.car 34.9889 1215.8494 0.0490 0.3273 -0.1852 -27.3212 4.9954 2.1385 1.4884 -2.8982 14.0798 0.1013 8
vehicle.car 16.2616 1208.9845 0.1325 0.3492 1.3758 60.5749 4.7997 2.0992 1.7226 14.6244 15.3046 -0.2174 5
