vehicle.car 57.9543 1149.7435 0.0089 0.5987 0.1161 151.1376 4.9145 2.1034 1.5079 -8.7972 8.3009 0.4737 4
vehicle.car 84.6218 1136.2586 0.0256 -0.1543 0.2078 11.5635 4.9954 2.1385 1.4855 7.2950 4.9225 -0.0165 29
vehicle.truck 37.8861 1153.4855 1.0343 0.1786 0.8989 -118.8787 8.8288 3.1457 3.5018 -8.7972 8.3009 0.4737 25
vehicle.car 127.3428 1213.7303 0.8273 0.4114 0.2275 -85.8512 6.1926 2.4695 2.8623 -8.7972 8.3009 0.4737 11
vehicle.truck 15.2722 1121.2857 0.4060 -3.0034 0.7297 60.9002 6.5575 2.5166 2.5104 -8.7972 8.3009 0.4737 27
vehicle.car 30.4840 1161.0572 0.1846 -0.6663 0.4404 -28.9566 4.7997 2.0992 1.7192 -8.7972 8.3009 0.4737 19
vehicle.car 32.1030 1143.0944 0.8185 1.1199 0.3775 -119.0504 6.1926 2.4695 2.8623 -8.7972 8.3009 0.4737 7
vehicle.car 66.5309 1144.9962 0.0793 0.4295 0.9151 151.0418 4.6350 2.1608 1.6713 -8.7972 8.3009 0.4737 16
vehicle.bus.rigid 77.3158 1224.5902 1.0936 0.9737 0.5847 -118.7025 12.0306 2.8726 3.5489 -8.7774 8.3117 0.4911 20
vehicle.car 51.4261 1177.9243 0.2106 0.7615 0.5648 -118.9737 4.7000 2.2032 1.7322 -26.7524 -2.7791 0.8784 24
vehicle.car 118.7122 1194.5496 0.0974 1.3926 0.2671 -119.0035 4.6495 2.1154 1.5585 -8.7972 8.3009 0.4736 12
vehicle.truck 84.9346 1227.9584 1.0198 0.2621 0.9932 60.9994 8.8288 3.1457 3.4955 -8.7972 8.3009 0.4737 30
vehicle.car 27.0115 1133.9664 0.1428 1.5559 0.9838 -118.8749 4.6350 2.1608 1.6762 -8.7972 8.3009 0.4737 26
vehicle.car 54.9713 1174.0047 0.1917 1.2349 0.4349 61.1692 4.7997 2.0992 1.7220 -8.7972 8.3009 0.4737 22
vehicle.bus.rigid 45.9766 1209.7302 1.0650 0.2826 0.2544 -29.0708 12.0306 2.8726 3.5495 -8.7972 8.3009 0.4737 9
vehicle.car 43.3937 1163.4379 0.0603 0.3330 0.1781 -119.0705 4.9145 2.1034 1.5006 -8.7958 8.3018 0.4783 14
vehicle.car 78.9248 1217.1256 0.1197 0.4488 0.3464 60.9308 4.3470 2.0651 1.5943 -8.7972 8.3009 0.4736 10
vehicle.truck 123.7072 1203.5694 0.5847 1.5503 0.7343 -117.9518 6.5575 2.5166 2.5069 -8.7972 8.3009 0.4737 6
vehicle.car 57.3000 1178.2138 0.0465 1.2228 0.3871 61.1456 4.8306 2.0307 1.4361 -8.7972 8.3009 0.4737 2
vehicle.car 22.8707 1165.2614 0.0177 -0.5879 0.3521 -28.8020 4.8306 2.0307 1.4369 -8.7972 8.3009 0.4737 15
vehicle.car 21.4568 1216.8065 0.1616 -0.3514 0.9398 49.9767 4.7997 2.0992 1.7226 -1.6630 10.2255 0.3017 5
