vehicle.car 0.3339 1094.2090 -0.0437 2.1416 0.2876 -119.2722 4.3470 2.1044 1.6213 -14.4808 13.6579 1.1684 28
vehicle.car -15.5844 1059.2540 0.0759 0.3400 0.4540 -127.0220 4.6495 2.1154 1.5596 -40.8061 2.4905 2.0436 3
vehicle.car 57.9543 1149.7436 0.0089 0.5987 0.1162 151.1376 4.9145 2.1034 1.5079 -14.4808 13.6579 1.1684 4
vehicle.car -0.8589 1073.3744 0.0833 1.7802 0.0227 60.5783 4.9954 2.1385 1.4855 17.4711 33.3728 0.1306 29
vehicle.car 35.3979 1148.9562 0.0790 -0.4746 0.0228 -118.9547 4.9954 2.1385 1.4837 -34.1562 1.2013 1.8860 21
vehicle.car 31.0760 1120.6563 -0.0800 0.8492 1.8009 2.4169 4.9047 2.1309 1.4801 -14.4808 13.6579 1.1684 17
vehicle.truck 15.2722 1121.2858 0.4060 -3.0034 0.7297 60.9002 6.5575 2.5166 2.5104 -14.4808 13.6579 1.1684 27
vehicle.car 30.4840 1161.0573 0.1846 -0.6663 0.4403 -28.9566 4.7997 2.0992 1.7192 -14.4808 13.6579 1.1684 19
vehicle.bus.rigid 8.2048 1100.1474 1.0934 1.7979 0.3611 -118.9019 12.0306 2.8726 3.5515 -41.0506 -3.0405 2.0962 31
vehicle.car 49.6068 1174.6474 0.1578 0.7471 1.0456 -118.9576 4.6350 2.1608 1.6762 -37.3184 -0.7140 1.9294 26
vehicle.car 30.3720 1129.6965 0.1875 1.2063 0.4398 61.0776 4.7997 2.0992 1.7220 16.3728 33.1556 0.2508 22
vehicle.car 26.3381 1112.9388 -0.0606 -1.0244 -1.3133 -177.5593 4.9145 2.1583 1.5012 -14.4808 13.6579 1.1684 18
