vehicle.car 57.9543 1149.7434 0.0089 0.5987 0.1161 151.1376 4.9145 2.1034 1.5079 2.5865 17.6277 -0.3621 4
vehicle.car 107.2497 1176.5981 0.0339 -0.1220 -0.0422 105.9401 4.9954 2.1385 1.4855 -10.0381 20.8652 -0.4334 29
vehicle.truck 37.8861 1153.4854 1.0343 0.1786 0.8987 -118.8787 8.8288 3.1457 3.5018 2.5865 17.6277 -0.3621 25
vehicle.car 127.3428 1213.7302 0.8273 0.4114 0.2275 -85.8512 6.1926 2.4695 2.8623 2.5865 17.6277 -0.3621 11
vehicle.car 30.4840 1161.0571 0.1846 -0.6663 0.4404 -28.9566 4.7997 2.0992 1.7192 2.5866 17.6277 -0.3621 19
vehicle.car 32.1030 1143.0943 0.8185 1.1199 0.3775 -119.0503 6.1926 2.4695 2.8623 2.5865 17.6277 -0.3621 7
vehicle.car 14.9614 1169.6239 0.1202 -0.7338 1.0400 -29.7350 4.6350 2.1608 1.6715 2.5865 17.6277 -0.3621 13
vehicle.truck 83.7564 1236.6682 0.5159 0.4504 0.6358 -114.5057 6.5575 2.5166 2.5270 2.5865 17.6277 -0.3621 23
vehicle.car 66.5310 1144.9960 0.0793 0.4295 0.9151 151.0418 4.6350 2.1608 1.6713 2.5865 17.6277 -0.3621 16
vehicle.bus.rigid 77.3164 1224.5907 1.0944 0.9725 0.5474 -118.7035 12.0306 2.8726 3.5489 2.5865 17.6277 -0.3621 20
vehicle.car 47.0799 1170.0854 0.2044 0.7211 0.5264 -118.9406 4.7000 2.2032 1.7322 2.5865 17.6277 -0.3621 24
vehicle.car 118.7122 1194.5496 0.0974 1.3927 0.2671 -119.0034 4.6495 2.1154 1.5585 2.5865 17.6277 -0.3621 12
vehicle.truck 84.9346 1227.9583 1.0198 0.2621 0.9932 60.9994 8.8288 3.1457 3.4955 2.5865 17.6277 -0.3621 30
vehicle.car 54.9713 1174.0046 0.1917 1.2349 0.4349 61.1692 4.7997 2.0992 1.7220 2.5865 17.6277 -0.3621 22
vehicle.bus.rigid 45.9766 1209.7300 1.0650 0.2826 0.2544 -29.0708 12.0306 2.8726 3.5495 2.5865 17.6278 -0.3621 9
vehicle.car 43.3938 1163.4378 0.0604 0.3332 0.1749 -119.0705 4.9145 2.1034 1.5006 2.5865 17.6277 -0.3621 14
vehicle.car 78.9248 1217.1255 0.1196 0.4488 0.3464 60.9309 4.3470 2.0651 1.5943 2.5865 17.6277 -0.3621 10
vehicle.truck 123.7072 1203.5693 0.5847 1.5503 0.7343 -117.9518 6.5575 2.5166 2.5069 2.5865 17.6277 -0.3621 6
vehicle.car 57.3001 1178.2137 0.0465 1.2228 0.3871 61.1456 4.8306 2.0307 1.4361 2.5865 17.6277 -0.3621 2
