vehicle.car 92.4210 1187.9583 0.0861 1.3281 0.0053 151.8019 4.9954 2.1385 1.4855 -1.2143 37.1363 -0.1130 29
vehicle.car 127.3428 1213.7308 0.8273 0.4114 0.2275 -85.8512 6.1926 2.4695 2.8623 -1.2143 37.1363 -0.1130 11
vehicle.truck 83.7565 1236.6687 0.5159 0.4504 0.6358 -114.5057 6.5575 2.5166 2.5270 -1.2143 37.1363 -0.1130 23
vehicle.bus.rigid 3.1641 1272.6710 1.1555 -0.2523 0.4513 59.7968 12.0306 2.8726 3.5515 -15.2292 58.0952 -0.6292 31
vehicle.bus.rigid 77.3164 1224.5912 1.0944 0.9725 0.5474 -118.7035 12.0306 2.8726 3.5489 -1.2143 37.1363 -0.1130 20
vehicle.car 26.2830 1218.7660 0.0687 0.6116 -0.2641 12.0465 4.9145 2.1034 1.4979 -1.2143 37.1363 -0.1130 32
vehicle.car 118.7122 1194.5501 0.0974 1.3927 0.2671 -119.0035 4.6495 2.1154 1.5585 -1.2143 37.1363 -0.1130 12
vehicle.bus.rigid 45.9766 1209.7306 1.0650 0.2826 0.2544 -29.0708 12.0306 2.8726 3.5495 -1.2143 37.1363 -0.1130 9
vehicle.car 78.9248 1217.1260 0.1196 0.4489 0.3465 60.9309 4.3470 2.0651 1.5943 -1.2143 37.1363 -0.1130 10
vehicle.truck 123.7072 1203.5699 0.5847 1.5503 0.7343 -117.9518 6.5575 2.5166 2.5069 -1.2143 37.1363 -0.1130 6
vehicle.car 34.9889 1215.8490 0.0490 0.3273 -0.1852 -27.3212 4.9954 2.1385 1.4884 -1.2143 37.1363 -0.1130 8
vehicle.car 21.7363 1217.0640 0.1670 -0.1353 0.5257 48.2572 4.7997 2.0992 1.7226 -1.2143 37.1363 -0.1130 5
