vehicle.car 0.3339 1094.2096 -0.0437 2.1416 0.2876 -119.2723 4.3470 2.1044 1.6213 -14.4792 13.6790 1.2306 28
vehicle.car -14.6093 1060.5264 0.0819 0.0919 0.3584 -125.6901 4.6495 2.1154 1.5596 -40.7616 1.8172 2.1098 3
vehicle.car -1.8910 1071.5590 0.0782 1.4834 -0.0929 60.5183 4.9954 2.1385 1.4855 17.5193 33.3709 0.1904 29
vehicle.car 36.0206 1150.0925 0.0743 -0.1076 -0.1602 -118.9232 4.9954 2.1385 1.4837 -34.1461 1.2374 1.9635 21
vehicle.car 31.0760 1120.6569 -0.0800 0.8492 1.8009 2.4169 4.9047 2.1309 1.4801 -14.4792 13.6790 1.2306 17
vehicle.car 30.4841 1161.0579 0.1846 -0.6663 0.4404 -28.9566 4.7997 2.0992 1.7192 -14.4793 13.6790 1.2306 19
vehicle.bus.rigid 9.0517 1101.6739 1.0929 1.7919 0.3584 -118.8919 12.0306 2.8726 3.5515 -41.0612 -3.0206 2.2090 31
vehicle.car 50.3354 1175.9620 0.1599 0.7546 1.0307 -118.9600 4.6350 2.1608 1.6762 -37.4228 -0.7448 2.0245 26
vehicle.car 29.3901 1127.9203 0.1870 1.4168 0.5074 61.0882 4.7997 2.0992 1.7220 16.4793 33.1618 0.0719 22
vehicle.car 26.3381 1112.9394 -0.0606 -1.0243 -1.3134 -177.5593 4.9145 2.1583 1.5012 -14.4792 13.6790 1.2305 18
