vehicle.car 57.9543 1149.7443 0.0089 0.5987 0.1161 151.1376 4.9145 2.1034 1.5079 -0.6841 20.4014 -0.3012 4
vehicle.car 105.7628 1178.9906 0.0382 0.3337 0.0789 122.6910 4.9954 2.1385 1.4855 -13.8316 17.6341 -0.2831 29
vehicle.truck 37.8861 1153.4864 1.0343 0.1786 0.8987 -118.8788 8.8288 3.1457 3.5018 -0.6841 20.4014 -0.3012 25
vehicle.car 22.3121 1125.5124 0.0818 1.5894 0.0902 -118.9735 4.9954 2.1385 1.4837 -0.6841 20.4014 -0.3012 21
vehicle.car 127.3429 1213.7311 0.8273 0.4114 0.2275 -85.8512 6.1926 2.4695 2.8623 -0.6840 20.4014 -0.3012 11
vehicle.car 30.4840 1161.0581 0.1846 -0.6663 0.4404 -28.9567 4.7997 2.0992 1.7192 -0.6840 20.4014 -0.3011 19
vehicle.car 32.1029 1143.0953 0.8185 1.1199 0.3775 -119.0504 6.1926 2.4695 2.8623 -0.6840 20.4014 -0.3012 7
vehicle.car 66.5309 1144.9970 0.0793 0.4295 0.9151 151.0417 4.6350 2.1608 1.6713 -0.6840 20.4014 -0.3012 16
vehicle.bus.rigid 77.3164 1224.5916 1.0944 0.9725 0.5474 -118.7035 12.0306 2.8726 3.5489 -0.6840 20.4014 -0.3012 20
vehicle.car 47.0798 1170.0864 0.2044 0.7211 0.5264 -118.9407 4.7000 2.2032 1.7322 -0.6840 20.4014 -0.3012 24
vehicle.car 118.7122 1194.5504 0.0974 1.3926 0.2671 -119.0035 4.6495 2.1154 1.5585 -0.6840 20.4014 -0.3012 12
vehicle.truck 84.9346 1227.9593 1.0198 0.2621 0.9932 60.9993 8.8288 3.1457 3.4955 -0.6840 20.4014 -0.3012 30
vehicle.car 27.0114 1133.9672 0.1428 1.5559 0.9838 -118.8750 4.6350 2.1608 1.6762 -0.6840 20.4014 -0.3012 26
vehicle.car 54.9713 1174.0056 0.1917 1.2349 0.4349 61.1692 4.7997 2.0992 1.7220 -0.6841 20.4014 -0.3012 22
vehicle.bus.rigid 45.9766 1209.7310 1.0650 0.2826 0.2544 -29.0708 12.0306 2.8726 3.5495 -0.6841 20.4014 -0.3012 9
vehicle.car 43.3937 1163.4388 0.0604 0.3332 0.1749 -119.0706 4.9145 2.1034 1.5006 -0.6841 20.4014 -0.3012 14
vehicle.car 78.9248 1217.1264 0.1196 0.4488 0.3464 60.9308 4.3470 2.0651 1.5943 -0.6841 20.4014 -0.3012 10
vehicle.truck 123.7072 1203.5702 0.5847 1.5503 0.7343 -117.9518 6.5575 2.5166 2.5069 -0.6840 20.4014 -0.3012 6
vehicle.car 57.3000 1178.2147 0.0465 1.2228 0.3870 61.1455 4.8306 2.0307 1.4361 -0.6841 20.4014 -0.3012 2
vehicle.car 21.7363 1217.0644 0.1670 -0.1353 0.5257 48.2571 4.7997 2.0992 1.7226 -0.6841 20.4014 -0.3012 5
