vehicle.car 92.4211 1187.9584 0.0861 1.3281 0.0053 151.8019 4.9954 2.1385 1.4855 0.2603 30.9720 0.2577 29
vehicle.truck 37.8861 1153.4861 1.0343 0.1786 0.8987 -118.8787 8.8288 3.1457 3.5018 0.2602 30.9720 0.2577 25
vehicle.car 22.3122 1125.5121 0.0818 1.5894 0.0902 -118.9734 4.9954 2.1385 1.4837 0.2603 30.9720 0.2577 21
vehicle.car 127.3429 1213.7308 0.8273 0.4114 0.2275 -85.8512 6.1926 2.4695 2.8623 0.2602 30.9720 0.2577 11
vehicle.truck 15.2722 1121.2862 0.4060 -3.0034 0.7297 60.9002 6.5575 2.5166 2.5104 0.2602 30.9720 0.2577 27
vehicle.car 30.4840 1161.0577 0.1846 -0.6664 0.4404 -28.9566 4.7997 2.0992 1.7192 0.2603 30.9720 0.2577 19
vehicle.car 32.1030 1143.0950 0.8185 1.1199 0.3775 -119.0504 6.1926 2.4695 2.8623 0.2602 30.9720 0.2576 7
vehicle.car 14.9614 1169.6246 0.1202 -0.7338 1.0400 -29.7350 4.6350 2.1608 1.6715 0.2602 30.9720 0.2577 13
vehicle.truck 83.7565 1236.6688 0.5159 0.4504 0.6358 -114.5057 6.5575 2.5166 2.5270 0.2602 30.9720 0.2577 23
vehicle.bus.rigid 6.6965 1280.2863 1.1524 -0.2543 0.3843 66.4276 12.0306 2.8726 3.5515 -15.5957 50.5598 -0.4793 31
vehicle.bus.rigid 77.3165 1224.5913 1.0944 0.9725 0.5474 -118.7035 12.0306 2.8726 3.5489 0.2602 30.9720 0.2577 20
vehicle.car 26.2830 1218.7661 0.0687 0.6116 -0.2641 12.0464 4.9145 2.1034 1.4979 0.2602 30.9720 0.2577 32
vehicle.car 47.0799 1170.0861 0.2044 0.7211 0.5264 -118.9407 4.7000 2.2032 1.7322 0.2602 30.9720 0.2577 24
vehicle.car 27.0115 1133.9669 0.1428 1.5559 0.9838 -118.8749 4.6350 2.1608 1.6762 0.2602 30.9720 0.2577 26
vehicle.bus.rigid 45.9766 1209.7307 1.0650 0.2826 0.2544 -29.0708 12.0306 2.8726 3.5495 0.2602 30.9720 0.2577 9
vehicle.car 43.3938 1163.4385 0.0604 0.3332 0.1749 -119.0706 4.9145 2.1034 1.5006 0.2602 30.9720 0.2577 14
vehicle.car 78.9248 1217.1261 0.1196 0.4489 0.3464 60.9308 4.3470 2.0651 1.5943 0.2602 30.9720 0.2577 10
vehicle.truck 123.7072 1203.5699 0.5847 1.5503 0.7343 -117.9519 6.5575 2.5166 2.5069 0.2602 30.9720 0.2577 6
vehicle.car 22.8708 1165.2620 0.0177 -0.5880 0.3521 -28.8021 4.8306 2.0307 1.4369 0.2602 30.9720 0.2577 15
vehicle.car 34.9889 1215.8491 0.0490 0.3273 -0.1852 -27.3212 4.9954 2.1385 1.4884 0.2602 30.9720 0.2576 8
vehicle.car 21.7363 1217.0641 0.1670 -0.1353 0.5257 48.2572 4.7997 2.0992 1.7226 0.2602 30.9720 0.2577 5
