vehicle.car 0.3339 1094.2098 -0.0437 2.1416 0.2876 -119.2723 4.3470 2.1044 1.6213 -14.4796 13.7454 1.1813 28
vehicle.car -23.4167 1050.9615 0.0640 0.1464 0.2982 -138.6749 4.6495 2.1154 1.5596 -38.8502 9.4288 1.9224 3
vehicle.car 57.9543 1149.7443 0.0089 0.5987 0.1162 151.1376 4.9145 2.1034 1.5079 -14.4796 13.7454 1.1813 4
vehicle.car 7.2637 1087.9619 0.0905 1.8191 0.0241 61.2334 4.9954 2.1385 1.4855 17.3328 33.8068 0.1154 29
vehicle.car 30.3830 1140.0227 0.0858 1.3553 0.2145 -119.1315 4.9954 2.1385 1.4837 -33.5985 1.8736 1.8059 21
vehicle.car 31.0760 1120.6571 -0.0800 0.8492 1.8009 2.4169 4.9047 2.1309 1.4801 -14.4796 13.7454 1.1813 17
vehicle.truck 15.2722 1121.2866 0.4060 -3.0034 0.7297 60.9002 6.5575 2.5166 2.5104 -14.4796 13.7454 1.1813 27
vehicle.car 30.4840 1161.0581 0.1846 -0.6663 0.4404 -28.9566 4.7997 2.0992 1.7192 -14.4796 13.7454 1.1814 19
vehicle.car 66.5310 1144.9970 0.0793 0.4295 0.9151 151.0417 4.6350 2.1608 1.6713 -14.4796 13.7454 1.1814 16
vehicle.bus.rigid 1.4350 1087.9663 1.0954 1.7959 0.3792 -118.9421 12.0306 2.8726 3.5515 -41.0323 -2.8628 2.1013 31
vehicle.car 43.8691 1164.2983 0.1299 0.2484 1.2969 -118.9487 4.6350 2.1608 1.6762 -36.5706 -0.1711 1.7541 26
vehicle.car 38.2495 1143.8093 0.1763 0.2882 0.5925 60.6965 4.7997 2.0992 1.7220 16.3369 32.8605 0.1265 22
vehicle.car 26.3381 1112.9395 -0.0606 -1.0243 -1.3134 -177.5593 4.9145 2.1583 1.5012 -14.4796 13.7454 1.1813 18
