vehicle.car 57.9542 1149.7439 0.0089 0.5987 0.1161 151.1376 4.9145 2.1034 1.5079 -0.2343 8.1922 -0.0118 4
vehicle.car 97.0341 1185.4681 0.0793 1.3510 0.0797 150.0787 4.9954 2.1385 1.4855 -16.7090 -2.3116 0.0314 29
vehicle.truck 37.8860 1153.4860 1.0343 0.1786 0.8987 -118.8787 8.8288 3.1457 3.5018 -0.2343 8.1922 -0.0118 25
vehicle.car 22.3121 1125.5120 0.0818 1.5894 0.0902 -118.9734 4.9954 2.1385 1.4837 -0.2343 8.1922 -0.0118 21
vehicle.car 31.0759 1120.6566 -0.0800 0.8492 1.8009 2.4169 4.9047 2.1309 1.4801 -0.2343 8.1922 -0.0118 17
vehicle.car 127.3428 1213.7308 0.8273 0.4114 0.2275 -85.8512 6.1926 2.4695 2.8623 -0.2343 8.1922 -0.0118 11
vehicle.car 30.4839 1161.0576 0.1846 -0.6664 0.4404 -28.9566 4.7997 2.0992 1.7192 -0.2343 8.1922 -0.0118 19
vehicle.car 32.1029 1143.0949 0.8185 1.1199 0.3775 -119.0504 6.1926 2.4695 2.8623 -0.2343 8.1922 -0.0119 7
vehicle.car 14.9613 1169.6245 0.1202 -0.7338 1.0400 -29.7350 4.6350 2.1608 1.6715 -0.2343 8.1922 -0.0118 13
vehicle.car 66.5309 1144.9966 0.0793 0.4295 0.9151 151.0417 4.6350 2.1608 1.6713 -0.2343 8.1922 -0.0118 16
vehicle.bus.rigid 77.3164 1224.5913 1.0944 0.9725 0.5474 -118.7035 12.0306 2.8726 3.5489 -0.2343 8.1922 -0.0118 20
vehicle.car 118.7122 1194.5501 0.0974 1.3926 0.2671 -119.0035 4.6495 2.1154 1.5585 -0.2343 8.1922 -0.0118 12
vehicle.truck 84.9345 1227.9589 1.0198 0.2621 0.9932 60.9993 8.8288 3.1457 3.4955 -0.2343 8.1922 -0.0118 30
vehicle.car 27.0114 1133.9668 0.1428 1.5559 0.9838 -118.8749 4.6350 2.1608 1.6762 -0.2343 8.1922 -0.0118 26
vehicle.car 54.9712 1174.0052 0.1917 1.2349 0.4349 61.1692 4.7997 2.0992 1.7220 -0.2343 8.1922 -0.0118 22
vehicle.bus.rigid 45.9765 1209.7306 1.0650 0.2826 0.2544 -29.0708 12.0306 2.8726 3.5495 -0.2343 8.1922 -0.0118 9
vehicle.car 26.3380 1112.9391 -0.0606 -1.0243 -1.3134 -177.5593 4.9145 2.1583 1.5012 -0.2343 8.1922 -0.0118 18
vehicle.car 43.3937 1163.4384 0.0604 0.3331 0.1749 -119.0706 4.9145 2.1034 1.5006 -0.2343 8.1922 -0.0118 14
vehicle.car 78.9247 1217.1260 0.1196 0.4489 0.3464 60.9309 4.3470 2.0651 1.5943 -0.2343 8.1922 -0.0118 10
vehicle.truck 123.7071 1203.5699 0.5847 1.5503 0.7343 -117.9518 6.5575 2.5166 2.5069 -0.2343 8.1922 -0.0118 6
vehicle.car 57.3000 1178.2143 0.0465 1.2228 0.3871 61.1456 4.8306 2.0307 1.4361 -0.2343 8.1922 -0.0118 2
vehicle.car 22.8707 1165.2619 0.0177 -0.5880 0.3521 -28.8020 4.8306 2.0307 1.4369 -0.2343 8.1922 -0.0118 15
vehicle.car 21.7362 1217.0640 0.1670 -0.1353 0.5257 48.2572 4.7997 2.0992 1.7226 -0.2343 8.1922 -0.0118 5
