vehicle.car 0.3338 1094.2094 -0.0437 2.1416 0.2876 -119.2723 4.3470 2.1044 1.6213 46.8841 0.4832 -0.2249 28
vehicle.car 57.9543 1149.7440 0.0089 0.5987 0.1161 151.1376 4.9145 2.1034 1.5079 46.8841 0.4832 -0.2249 4
vehicle.car 53.8357 1148.1740 0.0485 -0.2674 0.3096 -26.4224 4.9954 2.1385 1.4855 36.0569 -5.6650 -0.1368 29
vehicle.truck 47.4621 1170.8000 1.0507 0.7272 0.7930 -118.9497 8.8288 3.1457 3.5018 35.1659 19.8290 0.1001 25
vehicle.car 22.3121 1125.5120 0.0818 1.5894 0.0902 -118.9734 4.9954 2.1385 1.4837 46.8841 0.4832 -0.2249 21
vehicle.car 31.0759 1120.6567 -0.0800 0.8492 1.8009 2.4169 4.9047 2.1309 1.4801 46.8841 0.4832 -0.2249 17
vehicle.car 127.3428 1213.7308 0.8273 0.4114 0.2275 -85.8512 6.1926 2.4695 2.8623 46.8841 0.4832 -0.2249 11
vehicle.truck 15.2722 1121.2862 0.4060 -3.0034 0.7297 60.9002 6.5575 2.5166 2.5104 46.8841 0.4832 -0.2249 27
vehicle.car 30.4840 1161.0577 0.1846 -0.6664 0.4404 -28.9566 4.7997 2.0992 1.7192 46.8842 0.4832 -0.2250 19
vehicle.car 35.8785 1149.8331 0.7989 -0.1675 0.0329 -118.9289 6.1926 2.4695 2.8623 38.5878 14.0428 -0.0104 7
vehicle.car 66.5309 1144.9966 0.0793 0.4295 0.9151 151.0418 4.6350 2.1608 1.6713 46.8841 0.4832 -0.2249 16
vehicle.car 74.1498 1218.8409 0.1663 0.6675 1.4424 -119.0168 4.7000 2.2032 1.7322 33.7901 22.0267 -0.2021 24
vehicle.car 118.7122 1194.5501 0.0974 1.3926 0.2671 -119.0035 4.6495 2.1154 1.5585 46.8841 0.4832 -0.2248 12
vehicle.truck 84.9346 1227.9589 1.0198 0.2621 0.9932 60.9994 8.8288 3.1457 3.4955 46.8841 0.4832 -0.2249 30
vehicle.car 27.0115 1133.9669 0.1428 1.5559 0.9843 -118.8748 4.6350 2.1608 1.6762 46.8842 0.4831 -0.2237 26
vehicle.car 54.9713 1174.0052 0.1917 1.2349 0.4349 61.1692 4.7997 2.0992 1.7220 46.8841 0.4832 -0.2249 22
vehicle.bus.rigid 45.9766 1209.7307 1.0650 0.2826 0.2544 -29.0708 12.0306 2.8726 3.5495 46.8841 0.4832 -0.2249 9
vehicle.car 26.3381 1112.9392 -0.0606 -1.0243 -1.3134 -177.5593 4.9145 2.1583 1.5012 46.8841 0.4832 -0.2249 18
vehicle.car 60.9843 1195.1401 0.0571 0.4775 0.1519 -119.1001 4.9145 2.1034 1.5006 34.1667 21.4783 0.1430 14
vehicle.car 78.9248 1217.1260 0.1196 0.4488 0.3464 60.9308 4.3470 2.0651 1.5943 46.8841 0.4832 -0.2249 10
vehicle.truck 123.7072 1203.5699 0.5847 1.5503 0.7343 -117.9518 6.5575 2.5166 2.5069 46.8841 0.4832 -0.2249 6
vehicle.car 57.3000 1178.2143 0.0465 1.2228 0.3871 61.1456 4.8306 2.0307 1.4361 46.8841 0.4832 -0.2249 2
vehicle.car 34.9888 1215.8491 0.0490 0.3273 -0.1852 -27.3212 4.9954 2.1385 1.4884 46.8841 0.4832 -0.2249 8
vehicle.car 6.0452 1188.3066 0.1646 -0.9735 0.6635 86.0084 4.7997 2.0992 1.7226 55.9041 -7.4739 -0.4784 5
