vehicle.car 0.3338 1094.2095 -0.0437 2.1416 0.2876 -119.2723 4.3470 2.1044 1.6213 39.3583 -0.1182 -0.1880 28
vehicle.car 57.9543 1149.7440 0.0089 0.5987 0.1161 151.1377 4.9145 2.1034 1.5079 39.3583 -0.1182 -0.1880 4
vehicle.car 50.1518 1149.8645 0.0592 -0.2598 0.5263 -6.2033 4.9954 2.1385 1.4855 28.8494 -9.7934 0.0060 29
vehicle.truck 50.8983 1176.9970 1.0558 0.7628 0.7968 -118.9708 8.8288 3.1457 3.5018 27.0142 20.1527 0.1229 25
vehicle.car 22.3121 1125.5121 0.0818 1.5894 0.0902 -118.9734 4.9954 2.1385 1.4837 39.3583 -0.1182 -0.1881 21
vehicle.car 31.0759 1120.6568 -0.0800 0.8492 1.8009 2.4169 4.9047 2.1309 1.4801 39.3583 -0.1182 -0.1880 17
vehicle.car 127.3428 1213.7309 0.8273 0.4114 0.2275 -85.8512 6.1926 2.4695 2.8623 39.3583 -0.1182 -0.1881 11
vehicle.truck 15.2721 1121.2863 0.4060 -3.0034 0.7297 60.9002 6.5575 2.5166 2.5104 39.3583 -0.1182 -0.1881 27
vehicle.car 38.3408 1154.3097 0.8031 0.2413 0.3580 -118.9251 6.1926 2.4695 2.8623 30.5272 14.3586 0.0978 7
vehicle.car 66.5309 1144.9967 0.0793 0.4295 0.9151 151.0418 4.6350 2.1608 1.6713 39.3583 -0.1182 -0.1881 16
vehicle.car 20.9447 1216.2586 0.0564 -0.5767 0.0007 52.4560 4.9145 2.1034 1.4979 43.2991 -13.5246 -0.2899 32
vehicle.car 77.8875 1225.5464 0.2110 1.0831 0.4811 -119.0377 4.7000 2.2032 1.7322 26.4361 21.2833 0.1311 24
vehicle.car 118.7122 1194.5502 0.0974 1.3927 0.2671 -119.0035 4.6495 2.1154 1.5585 39.3583 -0.1182 -0.1881 12
vehicle.truck 84.9345 1227.9590 1.0198 0.2621 0.9932 60.9994 8.8288 3.1457 3.4955 39.3583 -0.1182 -0.1880 30
vehicle.car 27.0115 1133.9669 0.1427 1.5559 0.9821 -118.8748 4.6350 2.1608 1.6762 39.3569 -0.1172 -0.2030 26
vehicle.car 54.9713 1174.0053 0.1917 1.2349 0.4349 61.1692 4.7997 2.0992 1.7220 39.3583 -0.1182 -0.1880 22
vehicle.bus.rigid 45.9766 1209.7307 1.0650 0.2826 0.2544 -29.0708 12.0306 2.8726 3.5495 39.3583 -0.1182 -0.1881 9
vehicle.car 26.3381 1112.9392 -0.0606 -1.0244 -1.3134 -177.5593 4.9145 2.1583 1.5012 39.3583 -0.1182 -0.1881 18
vehicle.car 64.5988 1201.6415 0.0391 0.4117 -0.2938 -119.0251 4.9145 2.1034 1.5006 26.8410 20.3865 0.0948 14
vehicle.car 78.9247 1217.1261 0.1196 0.4488 0.3464 60.9308 4.3470 2.0651 1.5943 39.3583 -0.1182 -0.1881 10
vehicle.truck 123.7071 1203.5700 0.5847 1.5503 0.7343 -117.9518 6.5575 2.5166 2.5069 39.3583 -0.1182 -0.1881 6
vehicle.car 57.3000 1178.2144 0.0465 1.2228 0.3871 61.1456 4.8306 2.0307 1.4361 39.3583 -0.1182 -0.1881 2
vehicle.car 34.9888 1215.8491 0.0490 0.3273 -0.1851 -27.3212 4.9954 2.1385 1.4884 39.3583 -0.1182 -0.1880 8
vehicle.car 5.9208 1185.0993 0.1732 -0.7382 0.7104 100.7434 4.7997 2.0992 1.7226 47.4729 -4.2289 -0.3504 5
