vehicle.car 0.3338 1094.2090 -0.0437 2.1416 0.2876 -119.2722 4.3470 2.1044 1.6213 -14.4792 13.6618 1.1214 28
vehicle.car -17.0268 1057.4727 0.0701 0.4627 0.5034 -128.9061 4.6495 2.1154 1.5596 -39.1660 4.1291 1.9044 3
vehicle.car 57.9543 1149.7435 0.0089 0.5987 0.1161 151.1376 4.9145 2.1034 1.5079 -14.4792 13.6618 1.1214 4
vehicle.car 0.6803 1076.0995 0.0849 1.8300 0.1189 60.6949 4.9954 2.1385 1.4855 17.4060 33.4572 0.0341 29
vehicle.car 34.4519 1147.2667 0.0940 0.3165 -0.3286 -118.9619 4.9954 2.1385 1.4837 -34.1744 1.3270 1.8781 21
vehicle.car 31.0760 1120.6563 -0.0800 0.8492 1.8009 2.4169 4.9047 2.1309 1.4801 -14.4792 13.6618 1.1214 17
vehicle.truck 15.2722 1121.2858 0.4060 -3.0035 0.7298 60.9002 6.5575 2.5166 2.5104 -14.4792 13.6618 1.1214 27
vehicle.car 30.4840 1161.0573 0.1846 -0.6663 0.4404 -28.9566 4.7997 2.0992 1.7192 -14.4792 13.6618 1.1214 19
vehicle.bus.rigid 6.9347 1097.8614 1.0941 1.7966 0.3771 -118.9165 12.0306 2.8726 3.5515 -41.0393 -3.0250 2.0005 31
vehicle.car 48.5197 1172.6868 0.1565 0.7334 1.0250 -118.9528 4.6350 2.1608 1.6762 -37.1787 -0.6261 1.8648 26
vehicle.car 31.8439 1132.3573 0.1887 1.1919 0.6357 61.0829 4.7997 2.0992 1.7220 16.3527 33.0536 -0.0473 22
vehicle.car 26.3381 1112.9387 -0.0606 -1.0243 -1.3134 -177.5593 4.9145 2.1583 1.5012 -14.4792 13.6618 1.1214 18
