vehicle.car 57.9543 1149.7438 0.0089 0.5987 0.1161 151.1376 4.9145 2.1034 1.5079 -0.7362 17.2692 0.1431 4
vehicle.car 72.6730 1137.6904 0.0281 -0.2675 0.0295 -27.1897 4.9954 2.1385 1.4855 -0.0079 -3.1973 0.3723 29
vehicle.truck 38.1867 1154.0233 1.0333 0.1382 0.9603 -118.9114 8.8288 3.1457 3.5018 -9.0740 17.4413 0.2931 25
vehicle.car 31.0760 1120.6565 -0.0800 0.8492 1.8009 2.4169 4.9047 2.1309 1.4801 -0.7362 17.2692 0.1431 17
vehicle.car 127.3428 1213.7306 0.8273 0.4114 0.2275 -85.8512 6.1926 2.4695 2.8623 -0.7362 17.2692 0.1431 11
vehicle.truck 15.2722 1121.2860 0.4060 -3.0034 0.7297 60.9001 6.5575 2.5166 2.5104 -0.7362 17.2692 0.1431 27
vehicle.car 32.1030 1143.0948 0.8185 1.1199 0.3775 -119.0504 6.1926 2.4695 2.8623 -0.7362 17.2692 0.1431 7
vehicle.car 14.9614 1169.6244 0.1202 -0.7338 1.0400 -29.7350 4.6350 2.1608 1.6715 -0.7362 17.2692 0.1431 13
vehicle.car 66.5309 1144.9965 0.0793 0.4295 0.9151 151.0417 4.6350 2.1608 1.6713 -0.7362 17.2692 0.1431 16
vehicle.bus.rigid 78.9539 1227.5497 1.0977 1.0978 0.3110 -118.3141 12.0306 2.8726 3.5489 -10.0108 17.4901 0.2883 20
vehicle.car 59.8487 1193.1148 0.1762 0.9071 0.6659 -118.9827 4.7000 2.2032 1.7322 -24.8876 17.7852 0.5069 24
vehicle.car 118.7122 1194.5499 0.0974 1.3926 0.2671 -119.0035 4.6495 2.1154 1.5585 -0.7362 17.2692 0.1431 12
vehicle.truck 84.9346 1227.9587 1.0198 0.2621 0.9932 60.9994 8.8288 3.1457 3.4955 -0.7362 17.2692 0.1431 30
vehicle.car 27.0115 1133.9667 0.1428 1.5559 0.9838 -118.8749 4.6350 2.1608 1.6762 -0.7362 17.2692 0.1431 26
vehicle.car 54.9713 1174.0050 0.1917 1.2349 0.4349 61.1692 4.7997 2.0992 1.7220 -0.7362 17.2692 0.1431 22
vehicle.bus.rigid 45.9766 1209.7305 1.0650 0.2826 0.2544 -29.0708 12.0306 2.8726 3.5495 -0.7362 17.2692 0.1431 9
vehicle.car 26.3381 1112.9390 -0.0606 -1.0243 -1.3134 -177.5593 4.9145 2.1583 1.5012 -0.7362 17.2692 0.1431 18
vehicle.car 47.1109 1170.1382 0.0840 0.7072 0.2700 -118.9832 4.9145 2.1034 1.5006 -19.2563 17.6754 0.4672 14
vehicle.car 78.9248 1217.1259 0.1196 0.4488 0.3464 60.9309 4.3470 2.0651 1.5943 -0.7362 17.2692 0.1431 10
vehicle.truck 123.7072 1203.5697 0.5847 1.5503 0.7343 -117.9518 6.5575 2.5166 2.5069 -0.7362 17.2692 0.1431 6
vehicle.car 57.3001 1178.2141 0.0465 1.2228 0.3871 61.1456 4.8306 2.0307 1.4361 -0.7362 17.2692 0.1431 2
vehicle.car 22.8707 1165.2617 0.0177 -0.5880 0.3522 -28.8021 4.8306 2.0307 1.4369 -0.7362 17.2692 0.1431 15
