vehicle.car 0.3338 1094.2098 -0.0437 2.1416 0.2876 -119.2723 4.3470 2.1044 1.6213 -11.9483 12.0193 0.6605 28
vehicle.car 57.9543 1149.7443 0.0089 0.5987 0.1161 151.1376 4.9145 2.1034 1.5079 -11.9483 12.0193 0.6605 4
vehicle.car 26.7205 1123.1048 0.0845 1.5243 0.1169 61.0982 4.9954 2.1385 1.4855 21.0364 32.0255 -0.1303 29
vehicle.truck 67.2117 1206.3603 1.0057 0.5239 0.6294 -119.0303 8.8288 3.1457 3.5018 -31.3821 0.2885 1.0687 25
vehicle.car 22.3113 1125.5107 0.0820 1.5913 0.2140 -118.9693 4.9954 2.1385 1.4837 -11.9223 12.0351 0.6626 21
vehicle.car 31.0760 1120.6571 -0.0800 0.8492 1.8009 2.4169 4.9047 2.1309 1.4801 -11.9483 12.0193 0.6605 17
vehicle.truck 15.2722 1121.2866 0.4060 -3.0034 0.7297 60.9002 6.5575 2.5166 2.5104 -11.9483 12.0193 0.6605 27
vehicle.car 30.4840 1161.0581 0.1846 -0.6663 0.4404 -28.9566 4.7997 2.0992 1.7192 -11.9483 12.0193 0.6606 19
vehicle.car 53.4936 1181.6749 0.8263 0.8008 0.2082 -118.9906 6.1926 2.4695 2.8623 -34.8165 -1.8431 1.1164 7
vehicle.car 2.5615 1183.4801 0.1360 -0.6528 0.7081 -87.0622 4.6350 2.1608 1.6715 -17.0156 -1.2419 0.9144 13
vehicle.car 66.5310 1144.9970 0.0793 0.4295 0.9151 151.0418 4.6350 2.1608 1.6713 -11.9483 12.0193 0.6605 16
vehicle.bus.rigid -15.4029 1059.5116 1.0583 0.1293 0.5188 -125.9038 12.0306 2.8726 3.5515 -41.1771 0.3417 1.1642 31
vehicle.car 9.0201 1195.9016 0.0425 -0.7283 0.1171 63.4262 4.9145 2.1034 1.4979 0.4492 19.8519 0.3839 32
vehicle.truck 84.9346 1227.9593 1.0198 0.2621 0.9932 60.9993 8.8288 3.1457 3.4955 -11.9483 12.0193 0.6605 30
vehicle.car 33.8761 1146.2376 0.1582 0.4560 0.5662 -119.0099 4.6350 2.1608 1.6762 -30.3829 0.8715 1.0509 26
vehicle.car 53.0369 1170.5022 0.1890 1.1919 0.5302 61.3957 4.7997 2.0992 1.7220 -0.7871 18.8528 0.3992 22
vehicle.bus.rigid 45.9766 1209.7310 1.0650 0.2826 0.2544 -29.0708 12.0306 2.8726 3.5495 -11.9483 12.0193 0.6605 9
vehicle.car 26.3381 1112.9395 -0.0606 -1.0243 -1.3134 -177.5593 4.9145 2.1583 1.5012 -11.9483 12.0192 0.6605 18
vehicle.car 80.0903 1229.5088 0.0835 1.0525 0.0314 -118.2890 4.9145 2.1034 1.5006 -32.8631 -0.7410 1.2945 14
vehicle.car 22.8597 1165.2688 0.0182 -0.5884 0.5490 -28.8058 4.8306 2.0307 1.4369 -11.2884 10.9336 0.6578 15
vehicle.car 33.7124 1216.5480 0.0501 0.0910 0.0517 -25.2468 4.9954 2.1385 1.4884 -6.3423 2.9974 0.6344 8
vehicle.car 7.2805 1180.4698 0.1878 -0.6118 0.5262 124.5598 4.7997 2.0992 1.7226 -11.9483 12.0202 0.6562 5
