vehicle.car 57.9543 1149.7441 0.0089 0.5987 0.1161 151.1376 4.9145 2.1034 1.5079 -8.6755 8.2897 0.4741 4
vehicle.car 84.1847 1136.1346 0.0263 -0.1541 0.1765 9.7614 4.9954 2.1385 1.4855 7.1575 4.4618 0.0138 29
vehicle.truck 37.8861 1153.4862 1.0343 0.1786 0.8988 -118.8788 8.8288 3.1457 3.5018 -8.6755 8.2896 0.4739 25
vehicle.car 127.3428 1213.7309 0.8273 0.4114 0.2275 -85.8512 6.1926 2.4695 2.8623 -8.6754 8.2897 0.4741 11
vehicle.truck 15.2722 1121.2863 0.4060 -3.0034 0.7297 60.9002 6.5575 2.5166 2.5104 -8.6754 8.2897 0.4741 27
vehicle.car 30.4840 1161.0578 0.1846 -0.6663 0.4404 -28.9566 4.7997 2.0992 1.7192 -8.6755 8.2896 0.4742 19
vehicle.car 32.1030 1143.0950 0.8185 1.1199 0.3775 -119.0504 6.1926 2.4695 2.8623 -8.6754 8.2897 0.4741 7
vehicle.car 66.5310 1144.9968 0.0793 0.4295 0.9151 151.0418 4.6350 2.1608 1.6713 -8.6754 8.2897 0.4741 16
vehicle.bus.rigid 77.3149 1224.5897 1.0946 0.9768 0.6456 -118.7016 12.0306 2.8726 3.5489 -8.6774 8.2886 0.4549 20
vehicle.car 118.7123 1194.5502 0.0974 1.3926 0.2671 -119.0035 4.6495 2.1154 1.5585 -8.6755 8.2897 0.4741 12
vehicle.truck 84.9346 1227.9591 1.0198 0.2621 0.9932 60.9994 8.8288 3.1457 3.4955 -8.6754 8.2897 0.4741 30
vehicle.car 27.0115 1133.9670 0.1428 1.5559 0.9838 -118.8749 4.6350 2.1608 1.6762 -8.6755 8.2897 0.4741 26
vehicle.car 54.9713 1174.0053 0.1917 1.2349 0.4349 61.1692 4.7997 2.0992 1.7220 -8.6754 8.2897 0.4741 22
vehicle.bus.rigid 45.9766 1209.7308 1.0650 0.2826 0.2544 -29.0708 12.0306 2.8726 3.5495 -8.6754 8.2897 0.4742 9
vehicle.car 43.3938 1163.4384 0.0604 0.3330 0.1822 -119.0706 4.9145 2.1034 1.5006 -8.6780 8.2880 0.4632 14
vehicle.car 78.9248 1217.1262 0.1196 0.4489 0.3464 60.9309 4.3470 2.0651 1.5943 -8.6755 8.2897 0.4742 10
vehicle.truck 123.7072 1203.5700 0.5847 1.5503 0.7343 -117.9518 6.5575 2.5166 2.5069 -8.6754 8.2897 0.4741 6
vehicle.car 57.3001 1178.2144 0.0465 1.2228 0.3871 61.1456 4.8306 2.0307 1.4361 -8.6754 8.2897 0.4742 2
vehicle.car 22.8707 1165.2620 0.0177 -0.5880 0.3522 -28.8020 4.8306 2.0307 1.4369 -8.6754 8.2897 0.4741 15
vehicle.car 34.9889 1215.8492 0.0490 0.3274 -0.1852 -27.3212 4.9954 2.1385 1.4884 -8.6754 8.2897 0.4741 8
vehicle.car 21.2964 1216.6430 0.1630 -0.5201 0.8441 50.7107 4.7997 2.0992 1.7226 0.3259 10.8608 0.0694 5
