vehicle.car 57.9542 1149.7442 0.0089 0.5987 0.1161 151.1376 4.9145 2.1034 1.5079 -7.7533 9.0193 0.5421 4
vehicle.car 81.1941 1135.6715 0.0305 -0.1582 0.1343 -2.7492 4.9954 2.1385 1.4855 5.0251 1.2250 0.3493 29
vehicle.truck 37.8861 1153.4863 1.0342 0.1786 0.9001 -118.8787 8.8288 3.1457 3.5018 -7.7534 9.0193 0.5412 25
vehicle.car 22.3121 1125.5123 0.0818 1.5894 0.0902 -118.9734 4.9954 2.1385 1.4837 -7.7532 9.0193 0.5421 21
vehicle.car 31.0759 1120.6569 -0.0800 0.8492 1.8009 2.4169 4.9047 2.1309 1.4801 -7.7532 9.0193 0.5421 17
vehicle.car 127.3428 1213.7311 0.8273 0.4114 0.2275 -85.8512 6.1926 2.4695 2.8623 -7.7532 9.0193 0.5421 11
vehicle.truck 15.2721 1121.2865 0.4060 -3.0034 0.7297 60.9002 6.5575 2.5166 2.5104 -7.7532 9.0193 0.5421 27
vehicle.car 30.4840 1161.0579 0.1846 -0.6663 0.4404 -28.9566 4.7997 2.0992 1.7192 -7.7533 9.0193 0.5421 19
vehicle.car 32.1030 1143.0952 0.8185 1.1199 0.3775 -119.0504 6.1926 2.4695 2.8623 -7.7532 9.0193 0.5421 7
vehicle.car 14.9613 1169.6248 0.1202 -0.7338 1.0400 -29.7350 4.6350 2.1608 1.6715 -7.7532 9.0193 0.5421 13
vehicle.car 66.5309 1144.9969 0.0793 0.4295 0.9151 151.0418 4.6350 2.1608 1.6713 -7.7532 9.0193 0.5421 16
vehicle.bus.rigid 77.5418 1225.0008 1.0955 1.0213 0.5033 -118.6763 12.0306 2.8726 3.5489 -10.9073 7.4781 0.6196 20
vehicle.car 53.7825 1182.1771 0.2141 0.8254 0.4832 -118.9974 4.7000 2.2032 1.7322 -27.9589 -0.8951 1.1632 24
vehicle.car 118.7122 1194.5504 0.0974 1.3926 0.2671 -119.0034 4.6495 2.1154 1.5585 -7.7532 9.0193 0.5421 12
vehicle.truck 84.9345 1227.9592 1.0198 0.2621 0.9932 60.9994 8.8288 3.1457 3.4955 -7.7532 9.0193 0.5421 30
vehicle.car 27.0115 1133.9671 0.1428 1.5559 0.9838 -118.8748 4.6350 2.1608 1.6762 -7.7532 9.0193 0.5421 26
vehicle.car 54.9713 1174.0055 0.1917 1.2349 0.4349 61.1692 4.7997 2.0992 1.7220 -7.7532 9.0194 0.5421 22
vehicle.bus.rigid 45.9766 1209.7309 1.0650 0.2826 0.2544 -29.0708 12.0306 2.8726 3.5495 -7.7532 9.0193 0.5421 9
vehicle.car 26.3381 1112.9394 -0.0606 -1.0243 -1.3134 -177.5593 4.9145 2.1583 1.5012 -7.7532 9.0194 0.5421 18
vehicle.car 43.5768 1163.7743 0.0588 0.3892 0.3317 -118.9775 4.9145 2.1034 1.5006 -14.9458 5.4872 0.8185 14
vehicle.car 78.9247 1217.1263 0.1197 0.4488 0.3464 60.9308 4.3470 2.0651 1.5943 -7.7532 9.0193 0.5421 10
vehicle.truck 123.7071 1203.5702 0.5847 1.5503 0.7343 -117.9518 6.5575 2.5166 2.5069 -7.7532 9.0193 0.5421 6
vehicle.car 57.3000 1178.2146 0.0465 1.2228 0.3871 61.1456 4.8306 2.0307 1.4361 -7.7532 9.0193 0.5421 2
vehicle.car 22.8707 1165.2622 0.0177 -0.5880 0.3521 -28.8020 4.8306 2.0307 1.4369 -7.7532 9.0194 0.5420 15
