vehicle.car 57.9543 1149.7438 0.0089 0.5987 0.1162 151.1376 4.9145 2.1034 1.5079 -8.4324 8.3582 0.4838 4
vehicle.car 83.3162 1135.9237 0.0280 -0.1256 0.1477 5.8451 4.9954 2.1385 1.4855 6.6780 3.4283 0.0158 29
vehicle.truck 37.8861 1153.4859 1.0343 0.1787 0.8983 -118.8788 8.8288 3.1457 3.5018 -8.4324 8.3582 0.4834 25
vehicle.car 127.3429 1213.7306 0.8273 0.4114 0.2275 -85.8512 6.1926 2.4695 2.8623 -8.4324 8.3582 0.4838 11
vehicle.truck 15.2722 1121.2861 0.4060 -3.0034 0.7297 60.9001 6.5575 2.5166 2.5104 -8.4324 8.3582 0.4838 27
vehicle.car 30.4840 1161.0575 0.1846 -0.6663 0.4404 -28.9566 4.7997 2.0992 1.7192 -8.4323 8.3582 0.4837 19
vehicle.car 32.1030 1143.0948 0.8185 1.1199 0.3775 -119.0504 6.1926 2.4695 2.8623 -8.4324 8.3582 0.4838 7
vehicle.truck 84.2032 1237.6508 0.5152 0.5647 0.6423 -114.5161 6.5575 2.5166 2.5270 -16.0314 3.0997 0.6712 23
vehicle.car 66.5310 1144.9965 0.0793 0.4295 0.9151 151.0418 4.6350 2.1608 1.6713 -8.4324 8.3582 0.4838 16
vehicle.bus.rigid 77.3362 1224.6270 1.0943 0.9676 0.5847 -118.7038 12.0306 2.8726 3.5489 -10.3698 7.2313 0.5274 20
vehicle.car 26.2830 1218.7659 0.0687 0.6116 -0.2641 12.0464 4.9145 2.1034 1.4979 -8.4324 8.3582 0.4838 32
vehicle.car 52.2910 1179.4845 0.2118 0.7618 0.5688 -118.9760 4.7000 2.2032 1.7322 -27.1695 -2.5812 0.9370 24
vehicle.car 118.7123 1194.5500 0.0974 1.3927 0.2671 -119.0035 4.6495 2.1154 1.5585 -8.4324 8.3582 0.4838 12
vehicle.truck 84.9346 1227.9588 1.0198 0.2621 0.9932 60.9993 8.8288 3.1457 3.4955 -8.4324 8.3582 0.4838 30
vehicle.car 27.0115 1133.9667 0.1428 1.5559 0.9838 -118.8749 4.6350 2.1608 1.6762 -8.4324 8.3582 0.4838 26
vehicle.car 54.9713 1174.0051 0.1917 1.2349 0.4349 61.1692 4.7997 2.0992 1.7220 -8.4324 8.3582 0.4838 22
vehicle.bus.rigid 45.9766 1209.7305 1.0650 0.2826 0.2544 -29.0708 12.0306 2.8726 3.5495 -8.4324 8.3582 0.4838 9
vehicle.car 43.3940 1163.4385 0.0605 0.3339 0.1301 -119.0709 4.9145 2.1034 1.5006 -8.4173 8.3690 0.5140 14
vehicle.car 78.9248 1217.1259 0.1196 0.4488 0.3464 60.9308 4.3470 2.0651 1.5943 -8.4324 8.3582 0.4838 10
vehicle.truck 123.7072 1203.5697 0.5847 1.5504 0.7343 -117.9518 6.5575 2.5166 2.5069 -8.4324 8.3582 0.4838 6
vehicle.car 57.3001 1178.2142 0.0465 1.2228 0.3871 61.1456 4.8306 2.0307 1.4361 -8.4324 8.3582 0.4838 2
vehicle.car 22.8708 1165.2618 0.0177 -0.5880 0.3521 -28.8021 4.8306 2.0307 1.4369 -8.4324 8.3582 0.4838 15
vehicle.car 34.9889 1215.8489 0.0490 0.3273 -0.1852 -27.3212 4.9954 2.1385 1.4884 -8.4324 8.3582 0.4838 8
vehicle.car 20.8750 1216.1819 0.1659 -0.5950 0.3435 52.7912 4.7997 2.0992 1.7226 4.1032 12.1151 0.1487 5
