vehicle.car 0.3338 1094.2092 -0.0437 2.1416 0.2876 -119.2723 4.3470 2.1044 1.6213 32.0086 2.3807 -0.2306 28
vehicle.car 57.9543 1149.7438 0.0089 0.5987 0.1161 151.1376 4.9145 2.1034 1.5079 32.0085 2.3806 -0.2306 4
vehicle.car 47.2310 1150.1078 0.0757 -0.1766 0.3283 12.7200 4.9954 2.1385 1.4855 26.1781 -12.7424 -0.0710 29
vehicle.truck 53.1709 1181.0940 1.0588 0.8724 0.7680 -119.0218 8.8288 3.1457 3.5018 17.4921 22.0694 0.1143 25
vehicle.car 22.3121 1125.5119 0.0818 1.5894 0.0902 -118.9734 4.9954 2.1385 1.4837 32.0085 2.3806 -0.2306 21
vehicle.car 31.0760 1120.6565 -0.0800 0.8492 1.8009 2.4169 4.9047 2.1309 1.4801 32.0085 2.3806 -0.2306 17
vehicle.car 127.3428 1213.7306 0.8273 0.4114 0.2275 -85.8512 6.1926 2.4695 2.8623 32.0085 2.3806 -0.2306 11
vehicle.truck 15.2722 1121.2860 0.4060 -3.0034 0.7297 60.9002 6.5575 2.5166 2.5104 32.0085 2.3806 -0.2306 27
vehicle.car 39.9164 1157.1546 0.8141 0.1427 0.3431 -118.9756 6.1926 2.4695 2.8623 22.2318 15.6172 0.0070 7
vehicle.car 66.5309 1144.9965 0.0793 0.4295 0.9151 151.0418 4.6350 2.1608 1.6713 32.0085 2.3806 -0.2306 16
vehicle.car 19.2911 1214.0136 0.0442 0.0693 -0.0351 58.3356 4.9145 2.1034 1.4979 40.0952 -10.0823 -0.3576 32
vehicle.car 80.2410 1229.7907 0.2026 1.0025 0.2858 -118.2057 4.7000 2.2032 1.7322 17.0915 22.3383 0.1823 24
vehicle.car 118.7122 1194.5499 0.0974 1.3927 0.2671 -119.0035 4.6495 2.1154 1.5585 32.0085 2.3806 -0.2306 12
vehicle.truck 84.9346 1227.9588 1.0198 0.2621 0.9932 60.9993 8.8288 3.1457 3.4955 32.0085 2.3806 -0.2306 30
vehicle.car 27.0113 1133.9666 0.1410 1.5562 1.0092 -118.8721 4.6350 2.1608 1.6762 32.0033 2.3837 -0.2714 26
vehicle.car 54.9713 1174.0050 0.1917 1.2349 0.4349 61.1692 4.7997 2.0992 1.7220 32.0085 2.3806 -0.2306 22
vehicle.bus.rigid 45.9766 1209.7305 1.0650 0.2826 0.2544 -29.0708 12.0306 2.8726 3.5495 32.0085 2.3806 -0.2306 9
vehicle.car 26.3381 1112.9390 -0.0606 -1.0244 -1.3134 -177.5593 4.9145 2.1583 1.5012 32.0085 2.3806 -0.2306 18
vehicle.car 66.8282 1205.6528 0.0411 0.4529 0.3398 -119.0262 4.9145 2.1034 1.5006 18.2087 20.9877 0.0148 14
vehicle.car 78.9248 1217.1259 0.1196 0.4488 0.3464 60.9309 4.3470 2.0651 1.5943 32.0085 2.3806 -0.2306 10
vehicle.truck 123.7072 1203.5697 0.5847 1.5503 0.7343 -117.9518 6.5575 2.5166 2.5069 32.0085 2.3806 -0.2306 6
vehicle.car 57.3000 1178.2141 0.0465 1.2228 0.3871 61.1456 4.8306 2.0307 1.4361 32.0086 2.3807 -0.2306 2
vehicle.car 34.9888 1215.8489 0.0490 0.3274 -0.1852 -27.3212 4.9954 2.1385 1.4884 32.0085 2.3806 -0.2306 8
