vehicle.car -50.7717 1232.7955 0.1153 0.3525 0.3104 28.3267 4.6495 2.1154 1.5596 10.1184 39.5134 -0.4241 3
vehicle.car 92.4210 1187.9583 0.0861 1.3281 0.0053 151.8019 4.9954 2.1385 1.4855 4.3158 12.0427 0.0804 29
vehicle.truck 37.8861 1153.4860 1.0343 0.1786 0.8987 -118.8787 8.8288 3.1457 3.5018 4.3158 12.0428 0.0804 25
vehicle.car 22.3122 1125.5120 0.0818 1.5894 0.0902 -118.9734 4.9954 2.1385 1.4837 4.3158 12.0428 0.0804 21
vehicle.car 127.3428 1213.7308 0.8273 0.4114 0.2275 -85.8512 6.1926 2.4695 2.8623 4.3158 12.0428 0.0804 11
vehicle.car 30.4840 1161.0577 0.1846 -0.6664 0.4404 -28.9566 4.7997 2.0992 1.7192 4.3158 12.0427 0.0803 19
vehicle.car 32.1030 1143.0949 0.8185 1.1199 0.3775 -119.0503 6.1926 2.4695 2.8623 4.3158 12.0427 0.0804 7
vehicle.car 14.9613 1169.6245 0.1202 -0.7338 1.0400 -29.7349 4.6350 2.1608 1.6715 4.3158 12.0428 0.0804 13
vehicle.truck 83.7564 1236.6688 0.5159 0.4504 0.6358 -114.5057 6.5575 2.5166 2.5270 4.3158 12.0428 0.0804 23
vehicle.bus.rigid 10.1530 1291.6486 1.1567 -0.1661 0.3667 75.9150 12.0306 2.8726 3.5515 -11.6065 31.5569 -0.4265 31
vehicle.bus.rigid 77.3164 1224.5913 1.0944 0.9725 0.5474 -118.7034 12.0306 2.8726 3.5489 4.3158 12.0428 0.0804 20
vehicle.car 26.2829 1218.7660 0.0687 0.6116 -0.2641 12.0465 4.9145 2.1034 1.4979 4.3158 12.0427 0.0804 32
vehicle.car 47.0799 1170.0860 0.2044 0.7211 0.5264 -118.9406 4.7000 2.2032 1.7322 4.3158 12.0428 0.0804 24
vehicle.car 118.7122 1194.5502 0.0974 1.3927 0.2671 -119.0034 4.6495 2.1154 1.5585 4.3158 12.0428 0.0804 12
vehicle.truck 84.9345 1227.9590 1.0198 0.2621 0.9932 60.9994 8.8288 3.1457 3.4955 4.3158 12.0427 0.0804 30
vehicle.car 27.0115 1133.9668 0.1428 1.5559 0.9838 -118.8748 4.6350 2.1608 1.6762 4.3158 12.0428 0.0804 26
vehicle.car 54.9713 1174.0052 0.1917 1.2349 0.4349 61.1692 4.7997 2.0992 1.7220 4.3158 12.0427 0.0804 22
vehicle.bus.rigid 45.9766 1209.7307 1.0650 0.2826 0.2544 -29.0708 12.0306 2.8726 3.5495 4.3158 12.0428 0.0804 9
vehicle.car 43.3938 1163.4384 0.0604 0.3332 0.1749 -119.0705 4.9145 2.1034 1.5006 4.3158 12.0428 0.0804 14
vehicle.car 78.9248 1217.1261 0.1196 0.4488 0.3464 60.9309 4.3470 2.0651 1.5943 4.3158 12.0427 0.0804 10
vehicle.truck 123.7072 1203.5699 0.5847 1.5503 0.7343 -117.9518 6.5575 2.5166 2.5069 4.3158 12.0428 0.0804 6
vehicle.car 57.3000 1178.2143 0.0465 1.2228 0.3871 61.1456 4.8306 2.0307 1.4361 4.3158 12.0428 0.0804 2
vehicle.car 22.8707 1165.2619 0.0177 -0.5880 0.3521 -28.8020 4.8306 2.0307 1.4369 4.3158 12.0428 0.0804 15
vehicle.car 34.9888 1215.8491 0.0490 0.3273 -0.1851 -27.3212 4.9954 2.1385 1.4884 4.3158 12.0427 0.0804 8
vehicle.car 21.7363 1217.0640 0.1670 -0.1353 0.5257 48.2572 4.7997 2.0992 1.7226 4.3158 12.0428 0.0804 5
