vehicle.car 0.3338 1094.2096 -0.0437 2.1416 0.2876 -119.2723 4.3470 2.1044 1.6213 -14.5001 13.7629 1.0994 28
vehicle.car 57.9543 1149.7441 0.0089 0.5987 0.1161 151.1376 4.9145 2.1034 1.5079 -14.5001 13.7629 1.0994 4
vehicle.car 11.8165 1096.2126 0.0979 1.5331 0.0670 61.1322 4.9954 2.1385 1.4855 17.4861 33.8360 0.0859 29
vehicle.car 27.7521 1135.3031 0.0814 1.5235 0.1308 -118.9934 4.9954 2.1385 1.4837 -31.8259 2.9115 1.6523 21
vehicle.car 31.0760 1120.6568 -0.0800 0.8492 1.8009 2.4169 4.9047 2.1309 1.4801 -14.5001 13.7629 1.0994 17
vehicle.truck 15.2722 1121.2864 0.4060 -3.0034 0.7297 60.9002 6.5575 2.5166 2.5104 -14.5001 13.7629 1.0994 27
vehicle.car 30.4840 1161.0579 0.1846 -0.6663 0.4404 -28.9566 4.7997 2.0992 1.7192 -14.5001 13.7629 1.0995 19
vehicle.car 63.5692 1199.7921 0.7892 0.3464 0.5898 -118.9940 6.1926 2.4695 2.8623 -35.1914 0.8063 1.7929 7
vehicle.car 4.5747 1194.7190 0.1092 -1.2554 1.0082 -116.0484 4.6350 2.1608 1.6715 -26.0461 5.1377 1.4622 13
vehicle.car 66.5310 1144.9968 0.0793 0.4295 0.9151 151.0418 4.6350 2.1608 1.6713 -14.5001 13.7629 1.0994 16
vehicle.bus.rigid -2.3663 1081.1177 1.0940 1.8083 0.4157 -118.8816 12.0306 2.8726 3.5515 -41.0289 -2.8824 1.9583 31
vehicle.car 6.6825 1190.8723 0.0479 -0.9286 0.4255 74.5190 4.9145 2.1034 1.4979 -14.4768 13.7815 1.0989 32
vehicle.car 41.4425 1159.9098 0.1498 0.1001 0.8928 -118.9527 4.6350 2.1608 1.6762 -27.1620 5.8241 1.5232 26
vehicle.car 42.6687 1151.7102 0.1804 0.4911 0.5156 60.8568 4.7997 2.0992 1.7220 15.9423 32.6674 0.1457 22
vehicle.bus.rigid 45.9766 1209.7308 1.0650 0.2826 0.2544 -29.0708 12.0306 2.8726 3.5495 -14.5001 13.7629 1.0994 9
vehicle.car 26.3381 1112.9393 -0.0606 -1.0243 -1.3134 -177.5593 4.9145 2.1583 1.5012 -14.5001 13.7629 1.0994 18
vehicle.car 15.1823 1169.4763 0.0087 -0.6990 0.4964 -29.4494 4.8306 2.0307 1.4369 -6.8432 1.7086 0.9021 15
vehicle.car 11.5635 1175.7626 0.1641 -0.6667 0.3030 145.9917 4.7997 2.0992 1.7226 -19.2539 24.7713 1.2672 5
