vehicle.car 57.9542 1149.7439 0.0089 0.5987 0.1161 151.1375 4.9145 2.1034 1.5079 4.1755 15.6033 -0.2109 4
vehicle.car 107.6308 1175.5624 0.0333 -0.2270 -0.1870 100.0729 4.9954 2.1385 1.4855 -8.2730 21.1288 -0.1950 29
vehicle.truck 37.8861 1153.4860 1.0343 0.1786 0.8987 -118.8788 8.8288 3.1457 3.5018 4.1755 15.6033 -0.2109 25
vehicle.car 22.3121 1125.5120 0.0818 1.5894 0.0902 -118.9735 4.9954 2.1385 1.4837 4.1755 15.6033 -0.2109 21
vehicle.car 127.3429 1213.7307 0.8273 0.4114 0.2275 -85.8512 6.1926 2.4695 2.8623 4.1755 15.6033 -0.2109 11
vehicle.car 30.4840 1161.0577 0.1846 -0.6663 0.4404 -28.9567 4.7997 2.0992 1.7192 4.1756 15.6033 -0.2109 19
vehicle.car 32.1029 1143.0949 0.8185 1.1199 0.3775 -119.0504 6.1926 2.4695 2.8623 4.1755 15.6033 -0.2109 7
vehicle.car 14.9613 1169.6246 0.1202 -0.7338 1.0400 -29.7351 4.6350 2.1608 1.6715 4.1755 15.6033 -0.2109 13
vehicle.truck 83.7565 1236.6687 0.5159 0.4504 0.6358 -114.5058 6.5575 2.5166 2.5270 4.1755 15.6033 -0.2109 23
vehicle.car 66.5309 1144.9966 0.0793 0.4295 0.9151 151.0417 4.6350 2.1608 1.6713 4.1755 15.6033 -0.2109 16
vehicle.bus.rigid 77.3165 1224.5912 1.0944 0.9725 0.5474 -118.7035 12.0306 2.8726 3.5489 4.1755 15.6033 -0.2109 20
vehicle.car 47.0798 1170.0860 0.2044 0.7211 0.5264 -118.9407 4.7000 2.2032 1.7322 4.1755 15.6033 -0.2109 24
vehicle.car 118.7122 1194.5500 0.0974 1.3927 0.2671 -119.0035 4.6495 2.1154 1.5585 4.1755 15.6033 -0.2109 12
vehicle.truck 84.9346 1227.9589 1.0198 0.2621 0.9932 60.9993 8.8288 3.1457 3.4955 4.1755 15.6033 -0.2109 30
vehicle.car 27.0114 1133.9668 0.1428 1.5559 0.9838 -118.8750 4.6350 2.1608 1.6762 4.1755 15.6033 -0.2109 26
vehicle.car 54.9713 1174.0052 0.1917 1.2349 0.4349 61.1691 4.7997 2.0992 1.7220 4.1755 15.6033 -0.2109 22
vehicle.bus.rigid 45.9766 1209.7306 1.0650 0.2826 0.2544 -29.0708 12.0306 2.8726 3.5495 4.1755 15.6033 -0.2109 9
vehicle.car 43.3937 1163.4384 0.0604 0.3332 0.1749 -119.0706 4.9145 2.1034 1.5006 4.1755 15.6033 -0.2109 14
vehicle.car 78.9248 1217.1260 0.1196 0.4489 0.3464 60.9308 4.3470 2.0651 1.5943 4.1755 15.6033 -0.2109 10
vehicle.truck 123.7072 1203.5698 0.5847 1.5503 0.7343 -117.9518 6.5575 2.5166 2.5069 4.1755 15.6033 -0.2109 6
vehicle.car 57.3000 1178.2143 0.0465 1.2228 0.3871 61.1455 4.8306 2.0307 1.4361 4.1755 15.6033 -0.2108 2
vehicle.car 21.7363 1217.0640 0.1670 -0.1353 0.5257 48.2571 4.7997 2.0992 1.7226 4.1756 15.6033 -0.2109 5
