vehicle.car 0.3338 1094.2092 -0.0437 2.1416 0.2876 -119.2723 4.3470 2.1044 1.6213 -7.1556 12.1665 0.3231 28
vehicle.car 57.9543 1149.7438 0.0089 0.5987 0.1161 151.1376 4.9145 2.1034 1.5079 -7.1556 12.1665 0.3230 4
vehicle.car 31.4056 1131.5711 0.0862 1.2512 -0.0336 61.1059 4.9954 2.1385 1.4855 28.4295 27.6921 -0.6254 29
vehicle.truck 64.3629 1201.2200 1.0113 0.3236 0.5902 -119.0065 8.8288 3.1457 3.5018 -29.3264 2.4966 0.6006 25
vehicle.car 22.3122 1125.5119 0.0818 1.5894 0.0902 -118.9734 4.9954 2.1385 1.4837 -7.1556 12.1665 0.3232 21
vehicle.car 31.0760 1120.6565 -0.0800 0.8492 1.8009 2.4169 4.9047 2.1309 1.4801 -7.1556 12.1665 0.3230 17
vehicle.truck 15.2722 1121.2860 0.4060 -3.0034 0.7297 60.9001 6.5575 2.5166 2.5104 -7.1556 12.1665 0.3230 27
vehicle.car 30.4840 1161.0575 0.1846 -0.6664 0.4404 -28.9566 4.7997 2.0992 1.7192 -7.1555 12.1665 0.3229 19
vehicle.car 50.2130 1175.7549 0.8224 0.7392 0.2693 -118.9523 6.1926 2.4695 2.8623 -32.2257 1.2153 0.8224 7
vehicle.car 3.5415 1180.1081 0.1463 -0.6906 0.7921 -73.1240 4.6350 2.1608 1.6715 -10.5468 -1.3779 0.6572 13
vehicle.car 66.5310 1144.9965 0.0793 0.4295 0.9151 151.0418 4.6350 2.1608 1.6713 -7.1556 12.1665 0.3230 16
vehicle.car 11.0064 1199.5613 0.0448 -0.5806 0.1532 61.3443 4.9145 2.1034 1.4979 9.6020 19.5147 -0.0214 32
vehicle.truck 84.9346 1227.9588 1.0198 0.2621 0.9932 60.9993 8.8288 3.1457 3.4955 -7.1556 12.1665 0.3230 30
vehicle.car 31.3694 1141.7746 0.1503 1.2413 1.2732 -119.1721 4.6350 2.1608 1.6762 -24.6471 4.6251 0.6176 26
vehicle.car 54.3488 1172.8816 0.1908 1.2271 0.5191 61.2305 4.7997 2.0992 1.7220 0.7730 15.6325 0.1658 22
vehicle.bus.rigid 45.9766 1209.7305 1.0650 0.2826 0.2544 -29.0708 12.0306 2.8726 3.5495 -7.1556 12.1665 0.3230 9
vehicle.car 26.3381 1112.9390 -0.0606 -1.0243 -1.3134 -177.5593 4.9145 2.1583 1.5012 -7.1556 12.1665 0.3230 18
vehicle.truck 123.7072 1203.5697 0.5847 1.5503 0.7343 -117.9518 6.5575 2.5166 2.5069 -7.1556 12.1665 0.3231 6
vehicle.car 57.2998 1178.2133 0.0464 1.2231 0.3899 61.1432 4.8306 2.0307 1.4361 -7.1556 12.1665 0.3211 2
vehicle.car 22.8707 1165.2617 0.0178 -0.5880 0.3516 -28.8020 4.8306 2.0307 1.4369 -7.1556 12.1665 0.3231 15
vehicle.car 34.9891 1215.8489 0.0494 0.3293 -0.1748 -27.3209 4.9954 2.1385 1.4884 -7.1684 12.1978 0.3225 8
vehicle.car 7.2679 1180.4931 0.1878 -0.6211 0.5110 124.4174 4.7997 2.0992 1.7226 -7.0728 12.5883 0.3117 5
