vehicle.car -47.9752 1234.2062 0.1159 0.3291 0.2378 26.5826 4.6495 2.1154 1.5596 16.5280 34.4783 -0.0062 3
vehicle.truck 37.8861 1153.4856 1.0343 0.1786 0.8987 -118.8787 8.8288 3.1457 3.5018 6.0332 8.1952 0.2735 25
vehicle.car 22.3122 1125.5116 0.0818 1.5894 0.0902 -118.9734 4.9954 2.1385 1.4837 6.0332 8.1952 0.2735 21
vehicle.car 127.3428 1213.7304 0.8273 0.4114 0.2275 -85.8511 6.1926 2.4695 2.8623 6.0332 8.1952 0.2735 11
vehicle.truck 15.2722 1121.2858 0.4060 -3.0034 0.7297 60.9002 6.5575 2.5166 2.5104 6.0332 8.1952 0.2735 27
vehicle.car 30.4840 1161.0573 0.1846 -0.6664 0.4404 -28.9566 4.7997 2.0992 1.7192 6.0332 8.1952 0.2735 19
vehicle.car 32.1030 1143.0945 0.8185 1.1199 0.3775 -119.0504 6.1926 2.4695 2.8623 6.0332 8.1952 0.2735 7
vehicle.car 14.9614 1169.6242 0.1202 -0.7338 1.0400 -29.7350 4.6350 2.1608 1.6715 6.0332 8.1952 0.2735 13
vehicle.truck 83.7565 1236.6684 0.5159 0.4504 0.6358 -114.5057 6.5575 2.5166 2.5270 6.0332 8.1952 0.2735 23
vehicle.bus.rigid 10.6772 1294.3964 1.1630 -0.2976 0.3991 78.2116 12.0306 2.8726 3.5515 -7.8156 29.2227 -0.2620 31
vehicle.bus.rigid 77.3164 1224.5909 1.0944 0.9725 0.5474 -118.7034 12.0306 2.8726 3.5489 6.0332 8.1952 0.2735 20
vehicle.car 26.2830 1218.7657 0.0687 0.6116 -0.2641 12.0465 4.9145 2.1034 1.4979 6.0332 8.1952 0.2735 32
vehicle.car 47.0799 1170.0856 0.2044 0.7211 0.5264 -118.9406 4.7000 2.2032 1.7322 6.0332 8.1952 0.2735 24
vehicle.car 118.7123 1194.5498 0.0974 1.3926 0.2671 -119.0034 4.6495 2.1154 1.5585 6.0332 8.1952 0.2735 12
vehicle.truck 84.9346 1227.9586 1.0198 0.2621 0.9932 60.9994 8.8288 3.1457 3.4955 6.0332 8.1952 0.2735 30
vehicle.car 27.0115 1133.9664 0.1428 1.5559 0.9838 -118.8749 4.6350 2.1608 1.6762 6.0332 8.1952 0.2735 26
vehicle.car 54.9713 1174.0048 0.1917 1.2349 0.4349 61.1692 4.7997 2.0992 1.7220 6.0332 8.1952 0.2735 22
vehicle.bus.rigid 45.9766 1209.7303 1.0650 0.2826 0.2544 -29.0707 12.0306 2.8726 3.5495 6.0332 8.1952 0.2735 9
vehicle.car 43.3938 1163.4380 0.0604 0.3332 0.1749 -119.0706 4.9145 2.1034 1.5006 6.0332 8.1952 0.2735 14
vehicle.car 78.9248 1217.1257 0.1196 0.4489 0.3464 60.9309 4.3470 2.0651 1.5943 6.0332 8.1952 0.2734 10
vehicle.truck 123.7072 1203.5695 0.5847 1.5503 0.7343 -117.9518 6.5575 2.5166 2.5069 6.0332 8.1952 0.2735 6
vehicle.car 57.3001 1178.2139 0.0465 1.2228 0.3871 61.1456 4.8306 2.0307 1.4361 6.0332 8.1952 0.2735 2
vehicle.car 22.8708 1165.2615 0.0177 -0.5880 0.3521 -28.8020 4.8306 2.0307 1.4369 6.0332 8.1952 0.2735 15
vehicle.car 34.9889 1215.8487 0.0490 0.3273 -0.1851 -27.3212 4.9954 2.1385 1.4884 6.0332 8.1952 0.2735 8
vehicle.car 21.7363 1217.0636 0.1670 -0.1353 0.5257 48.2572 4.7997 2.0992 1.7226 6.0333 8.1952 0.2735 5
