vehicle.car 57.9543 1149.7437 0.0089 0.5987 0.1161 151.1376 4.9145 2.1034 1.5079 1.0629 19.0969 -0.2899 4
vehicle.car 106.7856 1177.5494 0.0343 -0.1550 0.1345 111.6614 4.9954 2.1385 1.4855 -11.3876 19.8295 -0.1488 29
vehicle.truck 37.8861 1153.4858 1.0343 0.1786 0.8987 -118.8787 8.8288 3.1457 3.5018 1.0629 19.0970 -0.2899 25
vehicle.car 22.3122 1125.5118 0.0818 1.5894 0.0902 -118.9734 4.9954 2.1385 1.4837 1.0629 19.0970 -0.2899 21
vehicle.car 127.3428 1213.7306 0.8273 0.4114 0.2275 -85.8511 6.1926 2.4695 2.8623 1.0629 19.0970 -0.2899 11
vehicle.car 30.4840 1161.0575 0.1846 -0.6663 0.4403 -28.9566 4.7997 2.0992 1.7192 1.0629 19.0969 -0.2899 19
vehicle.car 32.1030 1143.0947 0.8185 1.1199 0.3775 -119.0503 6.1926 2.4695 2.8623 1.0629 19.0970 -0.2899 7
vehicle.car 14.9613 1169.6243 0.1202 -0.7338 1.0400 -29.7350 4.6350 2.1608 1.6715 1.0629 19.0969 -0.2899 13
vehicle.truck 83.7564 1236.6686 0.5159 0.4504 0.6358 -114.5057 6.5575 2.5166 2.5270 1.0629 19.0970 -0.2899 23
vehicle.car 66.5310 1144.9964 0.0793 0.4295 0.9151 151.0418 4.6350 2.1608 1.6713 1.0629 19.0970 -0.2899 16
vehicle.bus.rigid 77.3164 1224.5911 1.0944 0.9725 0.5474 -118.7035 12.0306 2.8726 3.5489 1.0629 19.0970 -0.2899 20
vehicle.car 47.0799 1170.0858 0.2044 0.7211 0.5264 -118.9406 4.7000 2.2032 1.7322 1.0629 19.0970 -0.2899 24
vehicle.car 118.7123 1194.5499 0.0974 1.3926 0.2671 -119.0035 4.6495 2.1154 1.5585 1.0628 19.0970 -0.2899 12
vehicle.truck 84.9346 1227.9588 1.0198 0.2621 0.9932 60.9994 8.8288 3.1457 3.4955 1.0629 19.0970 -0.2899 30
vehicle.car 27.0115 1133.9666 0.1428 1.5559 0.9838 -118.8749 4.6350 2.1608 1.6762 1.0629 19.0970 -0.2899 26
vehicle.car 54.9713 1174.0050 0.1917 1.2349 0.4349 61.1692 4.7997 2.0992 1.7220 1.0629 19.0970 -0.2899 22
vehicle.bus.rigid 45.9766 1209.7305 1.0650 0.2826 0.2544 -29.0708 12.0306 2.8726 3.5495 1.0629 19.0970 -0.2899 9
vehicle.car 43.3938 1163.4382 0.0604 0.3332 0.1749 -119.0706 4.9145 2.1034 1.5006 1.0629 19.0970 -0.2899 14
vehicle.car 78.9248 1217.1259 0.1197 0.4488 0.3464 60.9309 4.3470 2.0651 1.5943 1.0629 19.0970 -0.2899 10
vehicle.truck 123.7072 1203.5697 0.5847 1.5503 0.7343 -117.9517 6.5575 2.5166 2.5069 1.0629 19.0970 -0.2899 6
vehicle.car 57.3000 1178.2141 0.0465 1.2228 0.3870 61.1456 4.8306 2.0307 1.4361 1.0629 19.0970 -0.2899 2
vehicle.car 34.9888 1215.8489 0.0490 0.3273 -0.1852 -27.3212 4.9954 2.1385 1.4884 1.0629 19.0970 -0.2899 8
vehicle.car 21.7363 1217.0638 0.1670 -0.1353 0.5257 48.2572 4.7997 2.0992 1.7226 1.0629 19.0970 -0.2899 5
