vehicle.car 0.3338 1094.2097 -0.0437 2.1416 0.2876 -119.2723 4.3470 2.1044 1.6213 44.3796 -0.1240 -0.1867 28
vehicle.car 57.9543 1149.7442 0.0089 0.5987 0.1161 151.1376 4.9145 2.1034 1.5079 44.3796 -0.1240 -0.1867 4
vehicle.car 52.2700 1149.0272 0.0515 -0.3861 0.1871 -19.9285 4.9954 2.1385 1.4855 33.1517 -7.2354 -0.0934 29
vehicle.truck 49.0042 1173.5810 1.0530 0.7375 0.7918 -118.9498 8.8288 3.1457 3.5018 32.5152 19.7574 0.1092 25
vehicle.car 22.3122 1125.5123 0.0818 1.5894 0.0902 -118.9734 4.9954 2.1385 1.4837 44.3796 -0.1240 -0.1867 21
vehicle.car 31.0760 1120.6569 -0.0800 0.8492 1.8009 2.4169 4.9047 2.1309 1.4801 44.3796 -0.1240 -0.1867 17
vehicle.car 127.3428 1213.7311 0.8273 0.4114 0.2275 -85.8512 6.1926 2.4695 2.8623 44.3796 -0.1240 -0.1867 11
vehicle.truck 15.2722 1121.2865 0.4060 -3.0034 0.7297 60.9002 6.5575 2.5166 2.5104 44.3795 -0.1240 -0.1867 27
vehicle.car 30.4840 1161.0580 0.1846 -0.6664 0.4404 -28.9566 4.7997 2.0992 1.7192 44.3796 -0.1241 -0.1867 19
vehicle.car 36.9695 1151.8237 0.8003 0.1505 0.2181 -118.9217 6.1926 2.4695 2.8623 35.7308 14.3076 0.0130 7
vehicle.car 66.5309 1144.9969 0.0793 0.4295 0.9151 151.0418 4.6350 2.1608 1.6713 44.3796 -0.1240 -0.1867 16
vehicle.car 75.8519 1221.8978 0.1976 0.7466 0.7952 -119.1188 4.7000 2.2032 1.7322 31.5608 21.4600 0.0296 24
vehicle.car 118.7122 1194.5504 0.0974 1.3927 0.2671 -119.0035 4.6495 2.1154 1.5585 44.3796 -0.1240 -0.1868 12
vehicle.truck 84.9346 1227.9592 1.0198 0.2621 0.9932 60.9994 8.8288 3.1457 3.4955 44.3796 -0.1240 -0.1867 30
vehicle.car 27.0115 1133.9671 0.1429 1.5560 0.9819 -118.8749 4.6350 2.1608 1.6762 44.3795 -0.1240 -0.1883 26
vehicle.car 54.9713 1174.0055 0.1917 1.2349 0.4349 61.1692 4.7997 2.0992 1.7220 44.3796 -0.1240 -0.1867 22
vehicle.bus.rigid 45.9766 1209.7309 1.0650 0.2826 0.2544 -29.0708 12.0306 2.8726 3.5495 44.3796 -0.1240 -0.1867 9
vehicle.car 26.3381 1112.9394 -0.0606 -1.0243 -1.3134 -177.5593 4.9145 2.1583 1.5012 44.3795 -0.1240 -0.1867 18
vehicle.car 62.6429 1198.1082 0.0432 0.1014 -0.0571 -119.0402 4.9145 2.1034 1.5006 31.9097 20.8032 0.1538 14
vehicle.car 78.9248 1217.1263 0.1196 0.4489 0.3464 60.9308 4.3470 2.0651 1.5943 44.3795 -0.1240 -0.1867 10
vehicle.truck 123.7072 1203.5702 0.5847 1.5503 0.7343 -117.9518 6.5575 2.5166 2.5069 44.3796 -0.1240 -0.1867 6
vehicle.car 57.3000 1178.2146 0.0465 1.2228 0.3871 61.1456 4.8306 2.0307 1.4361 44.3796 -0.1240 -0.1867 2
vehicle.car 5.8779 1186.7461 0.1678 -0.9054 0.6562 93.4747 4.7997 2.0992 1.7226 53.2455 -6.0699 -0.3482 5
