vehicle.car 57.9543 1149.7439 0.0089 0.5987 0.1161 151.1376 4.9145 2.1034 1.5079 -8.2977 7.6504 0.7989 4
vehicle.car 88.0324 1137.6980 0.0151 -0.2940 0.2776 24.5839 4.9954 2.1385 1.4855 8.1741 8.0189 0.1983 29
vehicle.truck 37.8861 1153.4860 1.0343 0.1786 0.8987 -118.8788 8.8288 3.1457 3.5018 -8.2977 7.6504 0.7989 25
vehicle.car 22.3122 1125.5120 0.0818 1.5894 0.0902 -118.9735 4.9954 2.1385 1.4837 -8.2977 7.6504 0.7989 21
vehicle.car 31.0760 1120.6567 -0.0800 0.8492 1.8009 2.4169 4.9047 2.1309 1.4801 -8.2977 7.6504 0.7989 17
vehicle.car 127.3429 1213.7307 0.8273 0.4114 0.2275 -85.8512 6.1926 2.4695 2.8623 -8.2977 7.6504 0.7989 11
vehicle.truck 15.2722 1121.2862 0.4060 -3.0034 0.7297 60.9002 6.5575 2.5166 2.5104 -8.2977 7.6504 0.7989 27
vehicle.car 30.4840 1161.0577 0.1846 -0.6663 0.4404 -28.9566 4.7997 2.0992 1.7192 -8.2977 7.6504 0.7989 19
vehicle.car 32.1030 1143.0949 0.8185 1.1199 0.3775 -119.0504 6.1926 2.4695 2.8623 -8.2977 7.6504 0.7989 7
vehicle.car 66.5310 1144.9966 0.0793 0.4295 0.9151 151.0418 4.6350 2.1608 1.6713 -8.2977 7.6504 0.7989 16
vehicle.bus.rigid 77.3165 1224.5914 1.0946 0.9724 0.5442 -118.7036 12.0306 2.8726 3.5489 -8.2964 7.6515 0.8116 20
vehicle.car 26.2830 1218.7660 0.0687 0.6116 -0.2641 12.0464 4.9145 2.1034 1.4979 -8.2977 7.6504 0.7989 32
vehicle.car 49.2755 1174.0434 0.2074 0.7328 0.5978 -118.9623 4.7000 2.2032 1.7322 -23.8635 -2.3308 1.4219 24
vehicle.car 118.7123 1194.5501 0.0974 1.3927 0.2671 -119.0035 4.6495 2.1154 1.5585 -8.2977 7.6504 0.7989 12
vehicle.truck 84.9346 1227.9589 1.0198 0.2621 0.9932 60.9993 8.8288 3.1457 3.4955 -8.2977 7.6504 0.7989 30
vehicle.car 54.9713 1174.0052 0.1917 1.2349 0.4349 61.1692 4.7997 2.0992 1.7220 -8.2977 7.6504 0.7989 22
vehicle.bus.rigid 45.9766 1209.7306 1.0650 0.2826 0.2544 -29.0708 12.0306 2.8726 3.5495 -8.2977 7.6504 0.7989 9
vehicle.car 26.3381 1112.9391 -0.0606 -1.0243 -1.3133 -177.5593 4.9145 2.1583 1.5012 -8.2977 7.6504 0.7989 18
vehicle.car 43.3938 1163.4384 0.0604 0.3332 0.1749 -119.0706 4.9145 2.1034 1.5006 -8.2977 7.6504 0.7989 14
vehicle.car 78.9248 1217.1260 0.1196 0.4488 0.3464 60.9308 4.3470 2.0651 1.5943 -8.2977 7.6504 0.7989 10
vehicle.truck 123.7072 1203.5698 0.5847 1.5503 0.7343 -117.9518 6.5575 2.5166 2.5069 -8.2977 7.6504 0.7989 6
vehicle.car 57.3001 1178.2143 0.0465 1.2228 0.3871 61.1456 4.8306 2.0307 1.4361 -8.2977 7.6504 0.7989 2
vehicle.car 22.8708 1165.2619 0.0177 -0.5880 0.3521 -28.8021 4.8306 2.0307 1.4369 -8.2977 7.6504 0.7989 15
vehicle.car 34.9889 1215.8491 0.0490 0.3273 -0.1852 -27.3212 4.9954 2.1385 1.4884 -8.2977 7.6504 0.7989 8
vehicle.car 21.7363 1217.0640 0.1672 -0.1356 0.5192 48.2571 4.7997 2.0992 1.7226 -8.2953 7.6510 0.7896 5
