vehicle.car 0.3338 1094.2097 -0.0437 2.1416 0.2876 -119.2723 4.3470 2.1044 1.6213 -10.9365 11.9376 0.6830 28
vehicle.car 57.9543 1149.7442 0.0089 0.5987 0.1161 151.1376 4.9145 2.1034 1.5079 -10.9365 11.9376 0.6830 4
vehicle.car 28.2796 1125.9205 0.0843 1.4371 0.0535 61.0954 4.9954 2.1385 1.4855 22.5530 31.2498 -0.2045 29
vehicle.truck 66.2775 1204.6839 1.0058 0.5898 0.7052 -119.0167 8.8288 3.1457 3.5018 -31.1141 0.3687 1.4366 25
vehicle.car 22.3121 1125.5123 0.0818 1.5895 0.0949 -118.9733 4.9954 2.1385 1.4837 -10.9390 11.9359 0.6768 21
vehicle.car 31.0760 1120.6569 -0.0800 0.8492 1.8009 2.4169 4.9047 2.1309 1.4801 -10.9365 11.9376 0.6830 17
vehicle.truck 15.2722 1121.2864 0.4060 -3.0034 0.7297 60.9001 6.5575 2.5166 2.5104 -10.9365 11.9376 0.6831 27
vehicle.car 30.4840 1161.0579 0.1846 -0.6663 0.4404 -28.9566 4.7997 2.0992 1.7192 -10.9365 11.9376 0.6831 19
vehicle.car 52.4083 1179.7162 0.8255 0.7631 0.2615 -118.9639 6.1926 2.4695 2.8623 -34.2932 -1.5166 1.2988 7
vehicle.car 2.7939 1182.3234 0.1401 -0.6682 0.7413 -82.5311 4.6350 2.1608 1.6715 -15.1991 -1.5432 1.0368 13
vehicle.car 66.5310 1144.9969 0.0793 0.4295 0.9151 151.0418 4.6350 2.1608 1.6713 -10.9365 11.9376 0.6830 16
vehicle.bus.rigid -17.0515 1057.4742 1.0543 0.3439 0.3982 -127.9700 12.0306 2.8726 3.5515 -40.8337 2.0252 1.4245 31
vehicle.car 9.6233 1197.0333 0.0437 -0.6839 0.1234 62.4475 4.9145 2.1034 1.4979 2.9007 20.0701 0.3151 32
vehicle.truck 84.9346 1227.9592 1.0198 0.2621 0.9932 60.9993 8.8288 3.1457 3.4955 -10.9365 11.9376 0.6830 30
vehicle.car 33.0053 1144.6912 0.1577 1.0266 1.1325 -119.0688 4.6350 2.1608 1.6762 -29.1347 1.5842 1.2718 26
vehicle.car 53.5326 1171.4031 0.1900 1.2028 0.5254 61.3344 4.7997 2.0992 1.7220 -0.8884 17.7603 0.4233 22
vehicle.bus.rigid 45.9766 1209.7309 1.0650 0.2826 0.2544 -29.0708 12.0306 2.8726 3.5495 -10.9365 11.9376 0.6830 9
vehicle.car 26.3381 1112.9394 -0.0606 -1.0243 -1.3134 -177.5593 4.9145 2.1583 1.5012 -10.9365 11.9376 0.6831 18
vehicle.car 22.8705 1165.2622 0.0178 -0.5877 0.3290 -28.8018 4.8306 2.0307 1.4369 -10.9398 11.9446 0.7061 15
vehicle.car 34.4556 1216.1491 0.0518 0.0510 0.0452 -26.5100 4.9954 2.1385 1.4884 -6.2839 3.9135 0.7825 8
vehicle.car 7.2805 1180.4697 0.1879 -0.6118 0.5249 124.5598 4.7997 2.0992 1.7226 -10.9365 11.9375 0.6836 5
