vehicle.car 57.9542 1149.7436 0.0089 0.5987 0.1161 151.1377 4.9145 2.1034 1.5079 2.0550 18.1839 -0.3735 4
vehicle.car 107.1051 1176.9271 0.0307 -0.0740 0.0922 107.8043 4.9954 2.1385 1.4855 -10.5626 20.5835 -0.3905 29
vehicle.truck 37.8861 1153.4856 1.0343 0.1786 0.8987 -118.8787 8.8288 3.1457 3.5018 2.0550 18.1839 -0.3736 25
vehicle.car 127.3428 1213.7305 0.8273 0.4114 0.2275 -85.8512 6.1926 2.4695 2.8623 2.0550 18.1839 -0.3736 11
vehicle.car 30.4839 1161.0573 0.1846 -0.6663 0.4404 -28.9566 4.7997 2.0992 1.7192 2.0550 18.1839 -0.3735 19
vehicle.car 32.1030 1143.0945 0.8185 1.1199 0.3775 -119.0503 6.1926 2.4695 2.8623 2.0550 18.1839 -0.3736 7
vehicle.car 14.9613 1169.6242 0.1202 -0.7338 1.0400 -29.7349 4.6350 2.1608 1.6715 2.0550 18.1839 -0.3736 13
vehicle.truck 83.7564 1236.6685 0.5159 0.4504 0.6358 -114.5057 6.5575 2.5166 2.5270 2.0550 18.1839 -0.3736 23
vehicle.car 66.5309 1144.9963 0.0793 0.4295 0.9151 151.0418 4.6350 2.1608 1.6713 2.0550 18.1839 -0.3736 16
vehicle.bus.rigid 77.3163 1224.5909 1.0944 0.9725 0.5474 -118.7035 12.0306 2.8726 3.5489 2.0550 18.1839 -0.3736 20
vehicle.car 47.0798 1170.0856 0.2044 0.7211 0.5264 -118.9406 4.7000 2.2032 1.7322 2.0550 18.1839 -0.3735 24
vehicle.car 118.7122 1194.5498 0.0974 1.3927 0.2671 -119.0034 4.6495 2.1154 1.5585 2.0550 18.1839 -0.3735 12
vehicle.truck 84.9345 1227.9586 1.0198 0.2621 0.9932 60.9994 8.8288 3.1457 3.4955 2.0550 18.1839 -0.3736 30
vehicle.car 54.9712 1174.0048 0.1917 1.2349 0.4349 61.1692 4.7997 2.0992 1.7220 2.0550 18.1839 -0.3736 22
vehicle.bus.rigid 45.9765 1209.7303 1.0650 0.2826 0.2544 -29.0708 12.0306 2.8726 3.5495 2.0550 18.1839 -0.3736 9
vehicle.car 43.3937 1163.4380 0.0604 0.3332 0.1749 -119.0705 4.9145 2.1034 1.5006 2.0550 18.1839 -0.3735 14
vehicle.car 78.9247 1217.1257 0.1196 0.4488 0.3464 60.9309 4.3470 2.0651 1.5943 2.0550 18.1839 -0.3736 10
vehicle.truck 123.7071 1203.5696 0.5847 1.5503 0.7343 -117.9517 6.5575 2.5166 2.5069 2.0550 18.1839 -0.3736 6
vehicle.car 57.3000 1178.2139 0.0465 1.2228 0.3871 61.1456 4.8306 2.0307 1.4361 2.0550 18.1839 -0.3735 2
