vehicle.car 0.3339 1094.2090 -0.0437 2.1416 0.2876 -119.2723 4.3470 2.1044 1.6213 -14.4946 13.7576 1.1030 28
vehicle.car 57.9543 1149.7436 0.0089 0.5987 0.1162 151.1376 4.9145 2.1034 1.5079 -14.4946 13.7576 1.1030 4
vehicle.car 12.3246 1097.1304 0.0984 1.5030 0.0532 61.1242 4.9954 2.1385 1.4855 17.5098 33.8430 0.0737 29
vehicle.car 27.4786 1134.8094 0.0813 1.5238 0.1310 -118.9931 4.9954 2.1385 1.4837 -31.5978 3.0470 1.6568 21
vehicle.car 31.0760 1120.6563 -0.0800 0.8492 1.8009 2.4169 4.9047 2.1309 1.4801 -14.4946 13.7576 1.1029 17
vehicle.truck 15.2722 1121.2858 0.4060 -3.0034 0.7297 60.9001 6.5575 2.5166 2.5104 -14.4946 13.7576 1.1030 27
vehicle.car 30.4841 1161.0573 0.1846 -0.6663 0.4403 -28.9566 4.7997 2.0992 1.7192 -14.4947 13.7575 1.1030 19
vehicle.car 63.2378 1199.2035 0.7853 0.5294 0.3463 -119.0064 6.1926 2.4695 2.8623 -35.2810 0.7794 1.7889 7
vehicle.car 4.4111 1194.3529 0.1089 -1.2146 1.0002 -115.6121 4.6350 2.1608 1.6715 -25.9415 4.9993 1.4752 13
vehicle.car 66.5310 1144.9962 0.0793 0.4295 0.9151 151.0418 4.6350 2.1608 1.6713 -14.4946 13.7576 1.1030 16
vehicle.bus.rigid -2.7858 1080.3549 1.0947 1.7290 0.4028 -118.8705 12.0306 2.8726 3.5515 -40.9797 -2.9078 2.0770 31
vehicle.car 6.6830 1190.8730 0.0479 -0.9289 0.4238 74.5140 4.9145 2.1034 1.4979 -14.4431 13.7988 1.1016 32
vehicle.car 41.2398 1159.5436 0.1493 0.1355 0.7231 -118.9484 4.6350 2.1608 1.6762 -27.3935 5.6678 1.4954 26
vehicle.car 43.1509 1152.5789 0.1775 0.2193 0.6880 60.8732 4.7997 2.0992 1.7220 15.6935 32.6666 -0.0623 22
vehicle.bus.rigid 45.9767 1209.7303 1.0650 0.2826 0.2544 -29.0708 12.0306 2.8726 3.5495 -14.4946 13.7576 1.1029 9
vehicle.car 26.3381 1112.9387 -0.0606 -1.0243 -1.3133 -177.5593 4.9145 2.1583 1.5012 -14.4946 13.7576 1.1030 18
vehicle.car 15.5283 1169.2854 0.0088 -0.6622 0.4934 -29.2844 4.8306 2.0307 1.4369 -6.8919 1.8042 0.9097 15
vehicle.car 11.3002 1175.9629 0.1653 -0.6995 0.2948 145.2007 4.7997 2.0992 1.7226 -18.9473 24.7599 1.2548 5
