vehicle.car 0.3338 1094.2091 -0.0437 2.1416 0.2876 -119.2723 4.3470 2.1044 1.6213 -8.5504 12.0141 0.3779 28
vehicle.car 57.9543 1149.7437 0.0089 0.5987 0.1161 151.1376 4.9145 2.1034 1.5079 -8.5505 12.0141 0.3780 4
vehicle.car 30.3622 1129.6849 0.0854 1.1658 0.0117 61.0911 4.9954 2.1385 1.4855 26.1896 29.2239 -0.1828 29
vehicle.truck 65.0100 1202.3912 1.0189 0.3970 0.5185 -119.0040 8.8288 3.1457 3.5018 -29.9847 1.4242 0.7557 25
vehicle.car 22.3122 1125.5117 0.0818 1.5894 0.0903 -118.9734 4.9954 2.1385 1.4837 -8.5505 12.0141 0.3774 21
vehicle.car 31.0760 1120.6564 -0.0800 0.8492 1.8009 2.4169 4.9047 2.1309 1.4801 -8.5505 12.0141 0.3780 17
vehicle.truck 15.2722 1121.2859 0.4060 -3.0034 0.7297 60.9002 6.5575 2.5166 2.5104 -8.5505 12.0141 0.3780 27
vehicle.car 30.4840 1161.0574 0.1846 -0.6663 0.4404 -28.9566 4.7997 2.0992 1.7192 -8.5505 12.0141 0.3781 19
vehicle.car 50.9486 1177.0814 0.8233 0.7354 0.2639 -118.9530 6.1926 2.4695 2.8623 -32.9716 -0.0376 0.8405 7
vehicle.car 3.2511 1180.8286 0.1460 -0.6188 0.7288 -76.2931 4.6350 2.1608 1.6715 -12.0864 -1.5351 0.7664 13
vehicle.car 66.5310 1144.9963 0.0793 0.4295 0.9151 151.0418 4.6350 2.1608 1.6713 -8.5505 12.0141 0.3780 16
vehicle.truck 84.9346 1227.9586 1.0198 0.2621 0.9932 60.9993 8.8288 3.1457 3.4955 -8.5505 12.0141 0.3780 30
vehicle.car 31.8973 1142.7144 0.1547 1.1549 1.2240 -119.1511 4.6350 2.1608 1.6762 -26.3225 3.3522 0.6301 26
vehicle.car 54.1031 1172.4373 0.1906 1.2203 0.5271 61.2624 4.7997 2.0992 1.7220 0.0875 16.2857 0.2072 22
vehicle.bus.rigid 45.9766 1209.7304 1.0650 0.2826 0.2544 -29.0708 12.0306 2.8726 3.5495 -8.5505 12.0141 0.3780 9
vehicle.car 26.3381 1112.9389 -0.0606 -1.0244 -1.3134 -177.5593 4.9145 2.1583 1.5012 -8.5505 12.0142 0.3780 18
vehicle.truck 123.7072 1203.5696 0.5847 1.5503 0.7343 -117.9518 6.5575 2.5166 2.5069 -8.5505 12.0141 0.3780 6
vehicle.car 22.8708 1165.2616 0.0176 -0.5880 0.3536 -28.8021 4.8306 2.0307 1.4369 -8.5506 12.0145 0.3813 15
vehicle.car 34.9745 1215.8576 0.0478 0.3112 -0.0099 -27.3040 4.9954 2.1385 1.4884 -7.8410 10.5298 0.4976 8
vehicle.car 7.2762 1180.4771 0.1878 -0.6176 0.5132 124.5083 4.7997 2.0992 1.7226 -8.5185 12.2261 0.3725 5
