vehicle.car 0.3339 1094.2097 -0.0437 2.1416 0.2876 -119.2723 4.3470 2.1044 1.6213 -14.4956 13.7666 1.1098 28
vehicle.car 57.9544 1149.7442 0.0089 0.5987 0.1161 151.1376 4.9145 2.1034 1.5079 -14.4956 13.7666 1.1098 4
vehicle.car 10.8016 1094.3766 0.0971 1.5814 0.0685 61.1584 4.9954 2.1385 1.4855 17.4504 33.8268 0.0703 29
vehicle.car 28.3105 1136.3093 0.0817 1.4915 0.1354 -118.9985 4.9954 2.1385 1.4837 -32.2841 2.6295 1.6911 21
vehicle.car 31.0760 1120.6570 -0.0800 0.8492 1.8009 2.4169 4.9047 2.1309 1.4801 -14.4956 13.7666 1.1098 17
vehicle.truck 15.2722 1121.2865 0.4060 -3.0034 0.7297 60.9002 6.5575 2.5166 2.5104 -14.4956 13.7666 1.1098 27
vehicle.car 30.4841 1161.0580 0.1846 -0.6664 0.4404 -28.9566 4.7997 2.0992 1.7192 -14.4956 13.7666 1.1098 19
vehicle.car 64.2287 1200.9771 0.7757 0.3381 0.3717 -118.9957 6.1926 2.4695 2.8623 -35.0675 0.9786 2.0434 7
vehicle.car 4.9118 1195.4454 0.1103 -1.3159 1.0175 -116.8193 4.6350 2.1608 1.6715 -26.2179 5.3947 1.4765 13
vehicle.car 66.5310 1144.9969 0.0793 0.4295 0.9151 151.0418 4.6350 2.1608 1.6713 -14.4956 13.7666 1.1098 16
vehicle.bus.rigid -1.5224 1082.6412 1.0947 1.8012 0.4015 -118.9046 12.0306 2.8726 3.5515 -41.0312 -2.8679 1.9432 31
vehicle.car 6.6824 1190.8721 0.0480 -0.9280 0.4266 74.5204 4.9145 2.1034 1.4979 -14.4956 13.7666 1.1100 32
vehicle.car 41.8564 1160.6568 0.1444 0.0648 0.8886 -118.9689 4.6350 2.1608 1.6762 -28.5156 4.9378 1.7412 26
vehicle.car 41.6891 1149.9613 0.1773 0.2048 0.3126 60.8127 4.7997 2.0992 1.7220 16.2744 32.9211 0.1451 22
vehicle.bus.rigid 45.9767 1209.7309 1.0650 0.2826 0.2544 -29.0708 12.0306 2.8726 3.5495 -14.4956 13.7666 1.1098 9
vehicle.car 26.3382 1112.9394 -0.0606 -1.0243 -1.3134 -177.5593 4.9145 2.1583 1.5012 -14.4957 13.7666 1.1097 18
vehicle.car 14.4834 1169.8625 0.0091 -0.7334 0.5397 -29.8800 4.8306 2.0307 1.4369 -6.7642 1.5293 0.8635 15
vehicle.car 12.1080 1175.3685 0.1613 -0.6429 0.3165 147.4190 4.7997 2.0992 1.7226 -19.7438 24.8088 1.2946 5
