vehicle.car 57.9542 1149.7436 0.0089 0.5987 0.1161 151.1376 4.9145 2.1034 1.5079 -0.0910 -0.0087 0.2328 4
vehicle.car 106.6930 1166.2783 0.0035 0.1359 0.0720 64.4258 4.9954 2.1385 1.4855 8.6054 19.2500 -0.0317 29
vehicle.truck 37.8861 1153.4857 1.0343 0.1786 0.8987 -118.8787 8.8288 3.1457 3.5018 -0.0909 -0.0087 0.2328 25
vehicle.car 22.3121 1125.5117 0.0818 1.5894 0.0902 -118.9734 4.9954 2.1385 1.4837 -0.0909 -0.0087 0.2327 21
vehicle.car 127.3428 1213.7305 0.8273 0.4114 0.2275 -85.8512 6.1926 2.4695 2.8623 -0.0909 -0.0087 0.2328 11
vehicle.car 32.1029 1143.0946 0.8185 1.1199 0.3775 -119.0503 6.1926 2.4695 2.8623 -0.0909 -0.0088 0.2328 7
vehicle.truck 83.7564 1236.6685 0.5159 0.4504 0.6358 -114.5057 6.5575 2.5166 2.5270 -0.0909 -0.0087 0.2328 23
vehicle.car 66.5309 1144.9963 0.0793 0.4295 0.9151 151.0418 4.6350 2.1608 1.6713 -0.0909 -0.0087 0.2328 16
vehicle.bus.rigid 77.3164 1224.5909 1.0944 0.9725 0.5474 -118.7035 12.0306 2.8726 3.5489 -0.0909 -0.0087 0.2328 20
vehicle.car 26.2829 1218.7657 0.0687 0.6116 -0.2641 12.0465 4.9145 2.1034 1.4979 -0.0909 -0.0087 0.2327 32
vehicle.car 47.0798 1170.0857 0.2044 0.7211 0.5264 -118.9406 4.7000 2.2032 1.7322 -0.0909 -0.0087 0.2328 24
vehicle.car 118.7122 1194.5498 0.0974 1.3926 0.2671 -119.0035 4.6495 2.1154 1.5585 -0.0909 -0.0088 0.2328 12
vehicle.truck 84.9345 1227.9586 1.0198 0.2621 0.9932 60.9994 8.8288 3.1457 3.4955 -0.0909 -0.0087 0.2327 30
vehicle.car 54.9712 1174.0049 0.1917 1.2349 0.4349 61.1692 4.7997 2.0992 1.7220 -0.0909 -0.0087 0.2328 22
vehicle.bus.rigid 45.9766 1209.7303 1.0650 0.2826 0.2544 -29.0708 12.0306 2.8726 3.5495 -0.0909 -0.0087 0.2327 9
vehicle.car 26.3380 1112.9388 -0.0606 -1.0243 -1.3134 -177.5593 4.9145 2.1583 1.5012 -0.0909 -0.0087 0.2328 18
vehicle.car 43.3937 1163.4381 0.0604 0.3332 0.1749 -119.0706 4.9145 2.1034 1.5006 -0.0910 -0.0087 0.2327 14
vehicle.car 78.9247 1217.1257 0.1196 0.4488 0.3464 60.9309 4.3470 2.0651 1.5943 -0.0909 -0.0087 0.2328 10
vehicle.truck 123.7071 1203.5696 0.5847 1.5503 0.7343 -117.9518 6.5575 2.5166 2.5069 -0.0909 -0.0087 0.2328 6
vehicle.car 57.3000 1178.2140 0.0465 1.2228 0.3870 61.1456 4.8306 2.0307 1.4361 -0.0909 -0.0087 0.2327 2
vehicle.car 21.7363 1217.0637 0.1670 -0.1353 0.5257 48.2572 4.7997 2.0992 1.7226 -0.0909 -0.0087 0.2328 5
