vehicle.car 0.3338 1094.2093 -0.0437 2.1416 0.2876 -119.2722 4.3470 2.1044 1.6213 37.4996 0.2523 -0.2099 28
vehicle.car 57.9543 1149.7439 0.0089 0.5987 0.1161 151.1377 4.9145 2.1034 1.5079 37.4996 0.2523 -0.2099 4
vehicle.car 49.3688 1150.0475 0.0582 -0.6216 0.5013 -0.5053 4.9954 2.1385 1.4855 27.9464 -11.0833 -0.2353 29
vehicle.truck 51.5408 1178.1548 1.0567 0.7720 0.7887 -118.9820 8.8288 3.1457 3.5018 24.7789 20.5304 0.1284 25
vehicle.car 22.3121 1125.5120 0.0818 1.5894 0.0902 -118.9734 4.9954 2.1385 1.4837 37.4996 0.2523 -0.2099 21
vehicle.car 31.0760 1120.6566 -0.0800 0.8492 1.8009 2.4169 4.9047 2.1309 1.4801 37.4997 0.2523 -0.2099 17
vehicle.car 127.3428 1213.7308 0.8273 0.4114 0.2275 -85.8512 6.1926 2.4695 2.8623 37.4996 0.2523 -0.2099 11
vehicle.truck 15.2722 1121.2861 0.4060 -3.0034 0.7297 60.9002 6.5575 2.5166 2.5104 37.4996 0.2523 -0.2099 27
vehicle.car 38.7899 1155.1332 0.8059 0.4347 0.4201 -118.9389 6.1926 2.4695 2.8623 28.4875 14.4719 -0.0154 7
vehicle.car 66.5309 1144.9966 0.0793 0.4295 0.9151 151.0418 4.6350 2.1608 1.6713 37.4996 0.2523 -0.2099 16
vehicle.car 20.4390 1215.6627 0.0577 -0.5025 -0.0548 55.0790 4.9145 2.1034 1.4979 42.8657 -12.8762 -0.5109 32
vehicle.car 78.5647 1226.7578 0.2109 1.0385 0.4190 -118.9140 4.7000 2.2032 1.7322 24.2797 21.4329 0.2002 24
vehicle.car 118.7122 1194.5501 0.0974 1.3926 0.2671 -119.0034 4.6495 2.1154 1.5585 37.4996 0.2523 -0.2099 12
vehicle.truck 84.9345 1227.9589 1.0198 0.2621 0.9932 60.9994 8.8288 3.1457 3.4955 37.4996 0.2523 -0.2099 30
vehicle.car 27.0115 1133.9669 0.1436 1.5565 0.9720 -118.8751 4.6350 2.1608 1.6762 37.4993 0.2522 -0.2175 26
vehicle.car 54.9713 1174.0051 0.1917 1.2349 0.4349 61.1692 4.7997 2.0992 1.7220 37.4996 0.2523 -0.2099 22
vehicle.car 26.3381 1112.9391 -0.0606 -1.0243 -1.3134 -177.5593 4.9145 2.1583 1.5012 37.4997 0.2523 -0.2099 18
vehicle.car 65.2448 1202.8047 0.0513 0.4293 -0.4517 -119.0400 4.9145 2.1034 1.5006 24.8447 20.3888 0.2608 14
vehicle.car 78.9247 1217.1260 0.1196 0.4488 0.3464 60.9309 4.3470 2.0651 1.5943 37.4996 0.2523 -0.2099 10
vehicle.truck 123.7071 1203.5699 0.5847 1.5503 0.7343 -117.9518 6.5575 2.5166 2.5069 37.4996 0.2523 -0.2099 6
vehicle.car 57.3000 1178.2142 0.0465 1.2228 0.3871 61.1456 4.8306 2.0307 1.4361 37.4996 0.2523 -0.2099 2
vehicle.car 34.9888 1215.8490 0.0490 0.3273 -0.1851 -27.3212 4.9954 2.1385 1.4884 37.4996 0.2523 -0.2099 8
vehicle.car 5.9706 1184.6103 0.1751 -0.7362 0.7395 103.0584 4.7997 2.0992 1.7226 45.3326 -3.2433 -0.3934 5
