vehicle.car 0.3338 1094.2090 -0.0437 2.1416 0.2876 -119.2722 4.3470 2.1044 1.6213 -14.4754 13.6541 1.1354 28
vehicle.car -16.5526 1058.0455 0.0731 0.4581 0.5962 -128.2888 4.6495 2.1154 1.5596 -39.7200 3.6192 1.8956 3
vehicle.car 57.9543 1149.7436 0.0089 0.5987 0.1161 151.1376 4.9145 2.1034 1.5079 -14.4754 13.6541 1.1355 4
vehicle.car 0.1678 1075.1909 0.0853 1.8025 0.0568 60.6445 4.9954 2.1385 1.4855 17.4317 33.4186 0.0628 29
vehicle.car 34.7671 1147.8301 0.0877 0.2107 -0.2842 -118.9402 4.9954 2.1385 1.4837 -34.1778 1.3510 2.1465 21
vehicle.car 31.0759 1120.6563 -0.0800 0.8492 1.8009 2.4169 4.9047 2.1309 1.4801 -14.4754 13.6541 1.1355 17
vehicle.truck 15.2721 1121.2858 0.4060 -3.0034 0.7297 60.9002 6.5575 2.5166 2.5104 -14.4754 13.6541 1.1354 27
vehicle.car 30.4840 1161.0573 0.1846 -0.6663 0.4403 -28.9566 4.7997 2.0992 1.7192 -14.4754 13.6541 1.1355 19
vehicle.bus.rigid 7.3581 1098.6232 1.0940 1.7953 0.3733 -118.9122 12.0306 2.8726 3.5515 -41.0358 -3.0392 2.0334 31
vehicle.car 48.8814 1173.3393 0.1568 0.7382 1.0303 -118.9537 4.6350 2.1608 1.6762 -37.2039 -0.6538 1.8873 26
vehicle.car 31.3517 1131.4692 0.1902 1.2043 0.2615 61.0959 4.7997 2.0992 1.7220 16.3723 33.0593 -0.0681 22
vehicle.car 26.3381 1112.9388 -0.0606 -1.0243 -1.3134 -177.5593 4.9145 2.1583 1.5012 -14.4754 13.6541 1.1354 18
