vehicle.car 57.9543 1149.7443 0.0089 0.5987 0.1161 151.1376 4.9145 2.1034 1.5079 -0.4670 18.7663 -0.0946 4
vehicle.car 92.4211 1187.9586 0.0861 1.3281 0.0053 151.8019 4.9954 2.1385 1.4855 -0.4670 18.7664 -0.0946 29
vehicle.truck 37.8861 1153.4864 1.0343 0.1786 0.8987 -118.8787 8.8288 3.1457 3.5018 -0.4670 18.7663 -0.0946 25
vehicle.car 22.3122 1125.5124 0.0818 1.5894 0.0902 -118.9734 4.9954 2.1385 1.4837 -0.4670 18.7663 -0.0946 21
vehicle.car 31.0760 1120.6570 -0.0801 0.8492 1.8009 2.4169 4.9047 2.1309 1.4801 -0.4670 18.7663 -0.0946 17
vehicle.car 127.3429 1213.7311 0.8273 0.4114 0.2275 -85.8512 6.1926 2.4695 2.8623 -0.4670 18.7663 -0.0946 11
vehicle.car 32.1030 1143.0952 0.8185 1.1199 0.3775 -119.0504 6.1926 2.4695 2.8623 -0.4670 18.7663 -0.0946 7
vehicle.car 14.9614 1169.6249 0.1202 -0.7338 1.0400 -29.7350 4.6350 2.1608 1.6715 -0.4670 18.7663 -0.0946 13
vehicle.truck 83.7565 1236.6691 0.5159 0.4504 0.6358 -114.5057 6.5575 2.5166 2.5270 -0.4670 18.7663 -0.0946 23
vehicle.car 66.5310 1144.9970 0.0793 0.4295 0.9151 151.0417 4.6350 2.1608 1.6713 -0.4670 18.7663 -0.0946 16
vehicle.bus.rigid 77.3165 1224.5916 1.0944 0.9725 0.5474 -118.7035 12.0306 2.8726 3.5489 -0.4670 18.7663 -0.0946 20
vehicle.car 47.0799 1170.0863 0.2044 0.7211 0.5264 -118.9407 4.7000 2.2032 1.7322 -0.4670 18.7663 -0.0946 24
vehicle.car 118.7123 1194.5504 0.0974 1.3926 0.2671 -119.0035 4.6495 2.1154 1.5585 -0.4670 18.7663 -0.0946 12
vehicle.truck 84.9346 1227.9593 1.0198 0.2621 0.9932 60.9993 8.8288 3.1457 3.4955 -0.4670 18.7663 -0.0946 30
vehicle.car 27.0115 1133.9672 0.1428 1.5559 0.9838 -118.8749 4.6350 2.1608 1.6762 -0.4670 18.7663 -0.0946 26
vehicle.car 54.9713 1174.0055 0.1917 1.2349 0.4349 61.1692 4.7997 2.0992 1.7220 -0.4670 18.7663 -0.0946 22
vehicle.bus.rigid 45.9766 1209.7310 1.0650 0.2826 0.2544 -29.0709 12.0306 2.8726 3.5495 -0.4670 18.7663 -0.0947 9
vehicle.car 26.3381 1112.9395 -0.0607 -1.0243 -1.3134 -177.5593 4.9145 2.1583 1.5012 -0.4670 18.7663 -0.0946 18
vehicle.car 43.3938 1163.4388 0.0604 0.3332 0.1749 -119.0706 4.9145 2.1034 1.5006 -0.4670 18.7663 -0.0947 14
vehicle.car 78.9248 1217.1264 0.1196 0.4489 0.3464 60.9308 4.3470 2.0651 1.5943 -0.4670 18.7663 -0.0946 10
vehicle.truck 123.7072 1203.5702 0.5847 1.5503 0.7343 -117.9518 6.5575 2.5166 2.5069 -0.4670 18.7663 -0.0946 6
vehicle.car 57.3001 1178.2146 0.0465 1.2228 0.3870 61.1456 4.8306 2.0307 1.4361 -0.4670 18.7663 -0.0946 2
vehicle.car 22.8708 1165.2622 0.0177 -0.5879 0.3521 -28.8021 4.8306 2.0307 1.4369 -0.4670 18.7663 -0.0946 15
vehicle.car 34.9889 1215.8494 0.0490 0.3274 -0.1852 -27.3212 4.9954 2.1385 1.4884 -0.4670 18.7663 -0.0946 8
vehicle.car 21.7363 1217.0644 0.1670 -0.1353 0.5257 48.2572 4.7997 2.0992 1.7226 -0.4670 18.7663 -0.0947 5
