vehicle.car 57.9543 1149.7437 0.0089 0.5987 0.1161 151.1376 4.9145 2.1034 1.5079 -1.0927 20.7296 -0.2790 4
vehicle.car 102.4272 1182.0604 0.0563 1.0296 -0.4308 139.0409 4.9954 2.1385 1.4855 -15.8204 14.1569 0.0699 29
vehicle.truck 37.8861 1153.4858 1.0343 0.1786 0.8987 -118.8788 8.8288 3.1457 3.5018 -1.0927 20.7296 -0.2790 25
vehicle.car 22.3122 1125.5118 0.0818 1.5894 0.0902 -118.9735 4.9954 2.1385 1.4837 -1.0927 20.7296 -0.2790 21
vehicle.car 127.3428 1213.7305 0.8273 0.4114 0.2275 -85.8512 6.1926 2.4695 2.8623 -1.0927 20.7296 -0.2790 11
vehicle.truck 15.2722 1121.2859 0.4060 -3.0034 0.7298 60.9002 6.5575 2.5166 2.5104 -1.0927 20.7296 -0.2790 27
vehicle.car 30.4840 1161.0574 0.1846 -0.6663 0.4404 -28.9566 4.7997 2.0992 1.7192 -1.0927 20.7296 -0.2790 19
vehicle.car 32.1030 1143.0947 0.8185 1.1199 0.3775 -119.0504 6.1926 2.4695 2.8623 -1.0927 20.7296 -0.2790 7
vehicle.car 14.9614 1169.6243 0.1202 -0.7338 1.0400 -29.7350 4.6350 2.1608 1.6715 -1.0927 20.7296 -0.2790 13
vehicle.car 66.5310 1144.9964 0.0793 0.4295 0.9151 151.0418 4.6350 2.1608 1.6713 -1.0927 20.7296 -0.2790 16
vehicle.bus.rigid 77.3165 1224.5910 1.0944 0.9725 0.5474 -118.7035 12.0306 2.8726 3.5489 -1.0927 20.7296 -0.2790 20
vehicle.car 118.7123 1194.5499 0.0974 1.3927 0.2671 -119.0035 4.6495 2.1154 1.5585 -1.0927 20.7296 -0.2790 12
vehicle.truck 84.9346 1227.9587 1.0198 0.2621 0.9932 60.9993 8.8288 3.1457 3.4955 -1.0927 20.7296 -0.2790 30
vehicle.car 27.0115 1133.9666 0.1428 1.5559 0.9838 -118.8749 4.6350 2.1608 1.6762 -1.0927 20.7296 -0.2790 26
vehicle.car 54.9713 1174.0049 0.1917 1.2349 0.4349 61.1692 4.7997 2.0992 1.7220 -1.0927 20.7296 -0.2790 22
vehicle.bus.rigid 45.9766 1209.7304 1.0650 0.2826 0.2544 -29.0708 12.0306 2.8726 3.5495 -1.0927 20.7296 -0.2790 9
vehicle.car 43.3938 1163.4382 0.0604 0.3332 0.1749 -119.0706 4.9145 2.1034 1.5006 -1.0927 20.7296 -0.2790 14
vehicle.car 78.9248 1217.1258 0.1196 0.4488 0.3464 60.9309 4.3470 2.0651 1.5943 -1.0927 20.7296 -0.2790 10
vehicle.truck 123.7072 1203.5696 0.5847 1.5503 0.7343 -117.9518 6.5575 2.5166 2.5069 -1.0927 20.7296 -0.2790 6
vehicle.car 57.3001 1178.2140 0.0465 1.2228 0.3871 61.1456 4.8306 2.0307 1.4361 -1.0927 20.7296 -0.2790 2
vehicle.car 22.8707 1165.2617 0.0177 -0.5880 0.3522 -28.8020 4.8306 2.0307 1.4369 -1.0927 20.7296 -0.2789 15
vehicle.car 21.7363 1217.0638 0.1670 -0.1353 0.5257 48.2572 4.7997 2.0992 1.7226 -1.0927 20.7296 -0.2790 5
