vehicle.car 0.3338 1094.2091 -0.0437 2.1416 0.2876 -119.2723 4.3470 2.1044 1.6213 -7.8766 12.1236 0.3316 28
vehicle.car 57.9543 1149.7436 0.0089 0.5987 0.1161 151.1376 4.9145 2.1034 1.5079 -7.8766 12.1235 0.3316 4
vehicle.car 30.8808 1130.6274 0.0894 0.9536 -0.1902 61.0965 4.9954 2.1385 1.4855 27.2651 28.5564 -0.2421 29
vehicle.truck 64.6891 1201.8061 1.0160 0.2838 0.5612 -119.0089 8.8288 3.1457 3.5018 -29.6790 1.9615 0.6065 25
vehicle.car 22.3122 1125.5117 0.0818 1.5893 0.0903 -118.9735 4.9954 2.1385 1.4837 -7.8766 12.1235 0.3313 21
vehicle.car 31.0760 1120.6563 -0.0800 0.8492 1.8009 2.4169 4.9047 2.1309 1.4801 -7.8766 12.1236 0.3316 17
vehicle.truck 15.2722 1121.2858 0.4060 -3.0034 0.7297 60.9002 6.5575 2.5166 2.5104 -7.8766 12.1236 0.3316 27
vehicle.car 30.4840 1161.0573 0.1846 -0.6664 0.4404 -28.9566 4.7997 2.0992 1.7192 -7.8765 12.1236 0.3316 19
vehicle.car 50.5812 1176.4189 0.8227 0.7404 0.2677 -118.9522 6.1926 2.4695 2.8623 -32.6265 0.6103 0.7966 7
vehicle.car 3.3913 1180.4656 0.1465 -0.6433 0.7509 -74.7090 4.6350 2.1608 1.6715 -11.3894 -1.4324 0.6947 13
vehicle.car 66.5310 1144.9963 0.0793 0.4295 0.9151 151.0418 4.6350 2.1608 1.6713 -7.8766 12.1236 0.3316 16
vehicle.car 10.7616 1199.1168 0.0446 -0.5943 0.1472 61.4557 4.9145 2.1034 1.4979 8.4372 19.7478 0.0244 32
vehicle.truck 84.9346 1227.9586 1.0198 0.2621 0.9932 60.9994 8.8288 3.1457 3.4955 -7.8766 12.1236 0.3316 30
vehicle.car 31.6307 1142.2401 0.1520 1.2150 1.2512 -119.1642 4.6350 2.1608 1.6762 -25.5200 4.0222 0.5922 26
vehicle.car 54.2293 1172.6655 0.1907 1.2236 0.5206 61.2468 4.7997 2.0992 1.7220 0.4999 16.0312 0.1743 22
vehicle.bus.rigid 45.9766 1209.7303 1.0650 0.2826 0.2544 -29.0708 12.0306 2.8726 3.5495 -7.8766 12.1236 0.3316 9
vehicle.car 26.3381 1112.9388 -0.0606 -1.0244 -1.3134 -177.5593 4.9145 2.1583 1.5012 -7.8766 12.1236 0.3317 18
vehicle.truck 123.7072 1203.5695 0.5847 1.5503 0.7343 -117.9518 6.5575 2.5166 2.5069 -7.8766 12.1236 0.3316 6
vehicle.car 22.8708 1165.2615 0.0177 -0.5880 0.3520 -28.8020 4.8306 2.0307 1.4369 -7.8767 12.1239 0.3343 15
vehicle.car 34.9908 1215.8481 0.0497 0.3356 0.0028 -27.3194 4.9954 2.1385 1.4884 -7.8548 12.0711 0.3714 8
vehicle.car 7.2728 1180.4835 0.1878 -0.6193 0.5117 124.4701 4.7997 2.0992 1.7226 -7.8231 12.4328 0.3233 5
