vehicle.car 57.9543 1149.7443 0.0089 0.5987 0.1161 151.1377 4.9145 2.1034 1.5079 -0.4511 20.2400 -0.2961 4
vehicle.car 105.9952 1178.7064 0.0398 0.1325 0.1897 120.4814 4.9954 2.1385 1.4855 -13.4455 18.1237 -0.2982 29
vehicle.truck 37.8861 1153.4864 1.0343 0.1786 0.8987 -118.8787 8.8288 3.1457 3.5018 -0.4511 20.2400 -0.2961 25
vehicle.car 22.3122 1125.5124 0.0818 1.5893 0.0903 -118.9734 4.9954 2.1385 1.4837 -0.4511 20.2400 -0.2961 21
vehicle.car 127.3428 1213.7312 0.8273 0.4114 0.2275 -85.8512 6.1926 2.4695 2.8623 -0.4511 20.2400 -0.2961 11
vehicle.car 30.4840 1161.0581 0.1846 -0.6663 0.4404 -28.9566 4.7997 2.0992 1.7192 -0.4511 20.2400 -0.2962 19
vehicle.car 32.1030 1143.0953 0.8185 1.1199 0.3775 -119.0503 6.1926 2.4695 2.8623 -0.4511 20.2400 -0.2961 7
vehicle.car 66.5310 1144.9970 0.0793 0.4295 0.9151 151.0418 4.6350 2.1608 1.6713 -0.4511 20.2400 -0.2961 16
vehicle.bus.rigid 77.3164 1224.5916 1.0944 0.9725 0.5474 -118.7034 12.0306 2.8726 3.5489 -0.4511 20.2400 -0.2961 20
vehicle.car 47.0798 1170.0864 0.2044 0.7211 0.5264 -118.9406 4.7000 2.2032 1.7322 -0.4511 20.2400 -0.2961 24
vehicle.car 118.7122 1194.5505 0.0974 1.3926 0.2671 -119.0034 4.6495 2.1154 1.5585 -0.4510 20.2400 -0.2961 12
vehicle.truck 84.9345 1227.9593 1.0198 0.2621 0.9932 60.9994 8.8288 3.1457 3.4955 -0.4511 20.2400 -0.2961 30
vehicle.car 27.0115 1133.9672 0.1428 1.5559 0.9838 -118.8749 4.6350 2.1608 1.6762 -0.4511 20.2400 -0.2961 26
vehicle.car 54.9713 1174.0056 0.1917 1.2349 0.4349 61.1692 4.7997 2.0992 1.7220 -0.4511 20.2400 -0.2961 22
vehicle.bus.rigid 45.9766 1209.7310 1.0650 0.2826 0.2544 -29.0708 12.0306 2.8726 3.5495 -0.4511 20.2400 -0.2961 9
vehicle.car 43.3938 1163.4388 0.0604 0.3332 0.1749 -119.0706 4.9145 2.1034 1.5006 -0.4511 20.2400 -0.2961 14
vehicle.car 78.9247 1217.1264 0.1196 0.4488 0.3464 60.9309 4.3470 2.0651 1.5943 -0.4511 20.2400 -0.2962 10
vehicle.truck 123.7072 1203.5703 0.5847 1.5503 0.7343 -117.9517 6.5575 2.5166 2.5069 -0.4511 20.2400 -0.2961 6
vehicle.car 57.3000 1178.2147 0.0465 1.2228 0.3871 61.1456 4.8306 2.0307 1.4361 -0.4511 20.2400 -0.2961 2
vehicle.car 21.7363 1217.0644 0.1670 -0.1353 0.5257 48.2572 4.7997 2.0992 1.7226 -0.4511 20.2400 -0.2961 5
