A219BS010416 144.0709586586454 1422.1399978031404 -0.6209991607666012
A219BS010416 144.0739820349629 1422.6399886622526 -0.6209991607666012
A219BS010416 144.07700541128042 1423.1399795213647 -0.6209991607666012
A219BS010416 144.07985055354118 1423.6399713259243 -0.6213162391072494
A219BS010416 144.08269569580193 1424.139963130484 -0.6216333174478976
A219BS010416 144.08554083806268 1424.6399549350435 -0.6219503957885458
A219BS010416 144.08838598032344 1425.1399467396031 -0.622267474129194
A219BS010416 144.0912311225842 1425.6399385441628 -0.6225845524698422
A219BS010416 144.0937695819884 1426.139932031892 -0.6228461862167961
A219BS010416 144.09615469955727 1426.6399262883585 -0.6230800976220517
A219BS010416 144.09846314613182 1427.139920910982 -0.6233001478497895
A219BS010416 144.10073325719694 1427.6399157121307 -0.6235132674883423
A219BS010416 144.10298420050697 1428.139910601404 -0.6237229218326878
A219BS010416 144.10262610124553 1428.6399034545725 -0.6210736681261527
A219BS010416 144.10096344022568 1429.1398840539496 -0.6169949667609836
A219BS010416 144.09864852127257 1429.6398557177345 -0.612201579387869
A219BS010416 144.0960436245335 1430.1398228076532 -0.607090462961259
A219BS010416 144.09395865822444 1430.539997802116 -0.6029995117187497
A219BS010420 144.09395865822444 1430.539997802116 -0.6029995117187497
A219BS010420 144.09467855202854 1431.0399641118117 -0.6087589320095187
A219BS010420 144.09445124490523 1431.539953769206 -0.6119668644114061
A219BS010420 144.09375033107307 1432.0399495447848 -0.6138989935957387
A219BS010420 144.09281261824566 1432.539946990445 -0.6151932223015686
A219BS010420 144.091561210518 1433.03994522153 -0.6156436561171702
A219BS010420 144.0901529595936 1433.5399432375407 -0.6156721992895683
A219BS010420 144.0886662891112 1434.0399409940776 -0.6154898014687578
A219BS010420 144.0869612635401 1434.5399378967613 -0.6150536884814422
A219BS010420 144.08514706303598 1435.039934288492 -0.6144907206853439
A219BS010420 144.08327827632755 1435.539930403744 -0.6138643268866035
A219BS010420 144.0813821971326 1436.0399263755078 -0.6132062207855961
A219BS010420 144.07936315787754 1436.5399222496562 -0.6129841509873734
A219BS010420 144.07728264052707 1437.0399179210685 -0.6129800947525654
A219BS010420 144.07517138497 1437.5399134526344 -0.6130850428849608
A219BS010420 144.07304476069373 1438.039908904659 -0.6132444919807214
A219BS010420 144.07091045224027 1438.5399043145087 -0.6134311909469482
A219BS010420 144.06877230178688 1439.0398997026705 -0.6136315145427965
A219BS010420 144.0665458972262 1439.5398947110054 -0.6138179625343171
A219BS010420 144.0642753666269 1440.0398895234455 -0.6139974728768338
A219BS010420 144.06198277350992 1440.5398842364436 -0.6141735144721131
A219BS010420 144.05967914938333 1441.039878899348 -0.6143478217325552
A219BS010420 144.0573700098761 1441.5398735371125 -0.6145212618450041
A219BS010420 144.05505811274057 1442.039868162284 -0.6146942683931773
A219BS010420 144.05273450470636 1442.5398627034654 -0.6149384700503849
A219BS010420 144.05040504137224 1443.0398571987485 -0.6152182684618881
A219BS010420 144.04807265045847 1443.5398516701068 -0.6155158648504854
A219BS010420 144.04573879578885 1444.039846129259 -0.6158223600276903
A219BS010420 144.04340420925803 1444.5398405822475 -0.6161333044992613
A219BS010420 144.0410692568049 1445.0398350321389 -0.616446473568056
A219BS010420 144.03880670530165 1445.5398298825733 -0.6166208289525801
A219BS010420 144.036580353546 1446.0398249148918 -0.6167257790426981
A219BS010420 144.03437210127754 1446.539820033555 -0.6167960272649967
A219BS010420 144.03217289855408 1447.0398151942409 -0.6168489249438017
A219BS010420 144.02997822050247 1447.5398103756502 -0.6168931475461653
A219BS010420 144.02778580473617 1448.0398055673493 -0.616933032707974
A219BS010420 144.02567728582247 1448.5398011209973 -0.6169549449366393
A219BS010420 144.0236107144145 1449.0397968500945 -0.616967870900686
A219BS010420 144.0215651162926 1449.5397926655342 -0.6169763038336114
A219BS010420 144.01953000457883 1450.039788523799 -0.6169824903015966
A219BS010420 144.0175001359513 1450.5397844033896 -0.6169875535624254
A219BS010420 144.01547288880792 1451.0397802936216 -0.6169920552323332
A219BS010420 144.01345644054481 1451.5397762275354 -0.6169945212021662
A219BS010420 144.01144539160055 1452.0397721831991 -0.6169959693449014
A219BS010420 144.00943704225492 1452.539768149715 -0.6169969085855576
A219BS010420 144.00743004267824 1453.039764121651 -0.616997593380909
A219BS010420 144.0054237179708 1453.5397600962956 -0.6169981509564755
A219BS010420 144.00341773069042 1454.0397560722943 -0.6169986449235831
A219BS010420 144.001186308844 1454.539751017194 -0.6167232701620199
A219BS010420 143.9990206105476 1455.039746295633 -0.6165463815080502
A219BS010420 143.99688777332386 1455.5397417303238 -0.616418734790968
A219BS010420 143.9947713662729 1456.0397372405105 -0.6163157084813612
A219BS010420 143.99266317412355 1456.539732787787 -0.616224992094647
A219BS010420 143.99055908933198 1457.039728353444 -0.6161404305289011
A219BS010420 143.98841681638342 1457.5397237616442 -0.6160909811705593
A219BS010420 143.9862554498008 1458.0397190890997 -0.6160590875154404
A219BS010420 143.9840845366213 1458.539714375679 -0.6160359715115387
A219BS010420 143.9819091103941 1459.0397096428176 -0.6160170050453346
A219BS010420 143.9799586563022 1459.4879978001118 -0.6159999999999997
A219BS010633 143.9799586563022 1459.4879978001118 -0.6159999999999997
A219BS010633 143.9791225371281 1459.987997101016 -0.6159999999999997
A219BS010633 143.978286417954 1460.48799640192 -0.6159999999999997
A219BS010633 143.9774502987799 1460.9879957028243 -0.6159999999999997
A219BS010633 143.9766141796058 1461.4879950037284 -0.6159999999999997
A219BS010633 143.97577794014813 1461.9879943044316 -0.6159999999999997
A219BS010633 143.97494164054868 1462.487993605034 -0.6159999999999997
A219BS010633 143.97410531087831 1462.9879929055862 -0.6159999999999997
A219BS010633 143.97326896617253 1463.4879922061132 -0.6159999999999997
A219BS010633 143.97243262146674 1463.9879915066401 -0.6159999999999997
A219BS010633 143.9715962617255 1464.487990807142 -0.6159999999999997
A219BS010633 143.97075990198425 1464.987990107644 -0.6159999999999997
A219BS010633 143.96992374957483 1465.4879894084927 -0.6159999999999997
A219BS010633 143.9690875971654 1465.9879887093414 -0.6159999999999997
A219BS010633 143.968251444756 1466.48798801019 -0.6159999999999997
A219BS010633 143.96741529234657 1466.9879873110388 -0.6159999999999997
A219BS010633 143.96657913993715 1467.4879866118874 -0.6159999999999997
A219BS010633 143.96574298752773 1467.9879859127361 -0.6159999999999997
A219BS010633 143.96490686381298 1468.4879852136328 -0.6159999999999997
A219BS010633 143.96407074009824 1468.9879845145294 -0.6159999999999997
A219BS010633 143.9632346163835 1469.487983815426 -0.6159999999999997
A219BS010633 143.96239849266874 1469.9879831163228 -0.6159999999999997
A219BS010633 143.961562368954 1470.4879824172194 -0.6159999999999997
A219BS010633 143.96072624523924 1470.987981718116 -0.6159999999999997
A219BS010633 143.95988988307067 1471.487980997609 -0.6161449310588134
A219BS010633 143.9590535209021 1471.9879802771018 -0.6162898621176273
A219BS010633 143.95821715873353 1472.4879795565946 -0.6164347931764411
A219BS010633 143.95738079656496 1472.9879788360874 -0.616579724235255
A219BS010633 143.9565444343964 1473.4879781155803 -0.6167246552940688
A219BS010633 143.95570807222782 1473.9879773950731 -0.6168695863528827
A219BS010633 143.95487192101155 1474.487976695567 -0.6168884728244091
A219BS010633 143.95403576979527 1474.987975996061 -0.6169073592959353
A219BS010633 143.953199618579 1475.487975296555 -0.6169262457674616
A219BS010633 143.95236346736272 1475.987974597049 -0.6169451322389878
A219BS010633 143.95152731614644 1476.487973897543 -0.6169640187105141
A219BS010633 143.95069116493016 1476.987973198037 -0.6169829051820404
A219BS010633 143.94985504160127 1477.4879724989285 -0.6169853184492048
A219BS010633 143.94901891827237 1477.98797179982 -0.6169877317163692
A219BS010633 143.94818279494348 1478.4879711007113 -0.6169901449835337
A219BS010633 143.94734667161458 1478.9879704016028 -0.6169925582506981
A219BS010633 143.9465105482857 1479.4879697024942 -0.6169949715178625
A219BS010633 143.9456744249568 1479.9879690033856 -0.616997384785027
A219BS010633 143.94483806060452 1480.4879683038796 -0.6169976870791837
A219BS010633 143.94400169625226 1480.9879676043736 -0.6169979893733404
A219BS010633 143.9431653319 1481.4879669048676 -0.6169982916674971
A219BS010633 143.94232896754772 1481.9879662053615 -0.6169985939616538
A219BS010633 143.94149260319546 1482.4879655058555 -0.6169988962558105
A219BS010633 143.9406562388432 1482.9879648063495 -0.6169991985499672
A219BS010633 143.93982008959847 1483.4879641072034 -0.6169992355518504
A219BS010633 143.93898394035375 1483.9879634080573 -0.6169992725537337
A219BS010633 143.93814779110903 1484.4879627089113 -0.6169993095556169
A219BS010633 143.9373116418643 1484.9879620097652 -0.6169993465575001
A219BS010633 143.9364754926196 1485.487961310619 -0.6169993835593833
A219BS010633 143.93563934337487 1485.987960611473 -0.6169994205612666
A219BS010633 143.93480322051153 1486.487959912371 -0.6169994249948778
A219BS010633 143.93396709764818 1486.987959213269 -0.6169994294284891
A219BS010633 143.93313097478483 1487.487958514167 -0.6169994338621003
A219BS010633 143.93229485192148 1487.987957815065 -0.6169994382957116
A219BS010633 143.93145872905814 1488.4879571159631 -0.6169994427293228
A219BS010633 143.9306226061948 1488.9879564168612 -0.6169994471629341
A219BS010633 143.92978623965644 1489.4879557173517 -0.6169994476828117
A219BS010633 143.92894987311809 1489.9879550178423 -0.6169994482026893
A219BS010633 143.92811350657973 1490.4879543183329 -0.6169994487225668
A219BS010633 143.92727714004138 1490.9879536188234 -0.6169994492424444
A219BS010633 143.92644077350303 1491.487952919314 -0.616999449762322
A219BS010633 143.92560440696468 1491.9879522198046 -0.6169994502821996
A219BS010633 143.92476825943618 1492.4879515206615 -0.6169994503416468
A219BS010633 143.92393211190767 1492.9879508215183 -0.616999450401094
A219BS010633 143.92309596437917 1493.4879501223752 -0.6169994504605413
A219BS010633 143.92225981685067 1493.987949423232 -0.6169994505199885
A219BS010633 143.92142366932217 1494.487948724089 -0.6169994505794357
A219BS010633 143.92058752179366 1494.9879480249458 -0.616999450638883
A219BS010633 143.9197513993388 1495.4879473258445 -0.6169994506455243
A219BS010633 143.91891527688392 1495.9879466267432 -0.6169994506521657
A219BS010633 143.91807915442905 1496.487945927642 -0.616999450658807
A219BS010633 143.91724303197418 1496.9879452285406 -0.6169994506654484
A219BS010633 143.9164069095193 1497.4879445294393 -0.6169994506720897
A219BS010633 143.91557078706444 1497.987943830338 -0.6169994506787311
A219BS010633 143.91473441829487 1498.4879431308248 -0.6169994506794557
A219BS010633 143.9138980495253 1498.9879424313115 -0.6169994506801804
A219BS010633 143.91306168075573 1499.4879417317982 -0.616999450680905
A219BS010633 143.91222531198616 1499.9879410322849 -0.6169994506816296
A219BS010633 143.9113889432166 1500.4879403327716 -0.6169994506823543
A219BS010633 143.91055257444702 1500.9879396332583 -0.6169994506830789
A219BS010633 143.9097164287125 1501.4879389117148 -0.6171491276897865
A219BS010633 143.90888028297798 1501.9879381901712 -0.617298804696494
A219BS010633 143.90804413724345 1502.4879374686277 -0.6174484817032015
A219BS010633 143.90720799150893 1502.9879367470842 -0.6175981587099091
A219BS010633 143.9063718457744 1503.4879360255406 -0.6177478357166166
A219BS010633 143.90553570003988 1503.9879353039971 -0.6178975127233242
A219BS010633 143.90469957798223 1504.4879346046566 -0.6179129990670107
A219BS010633 143.90386345592458 1504.9879339053161 -0.6179284854106972
A219BS010633 143.90302733386693 1505.4879332059757 -0.6179439717543838
A219BS010633 143.90219121180928 1505.9879325066352 -0.6179594580980703
A219BS010633 143.90135508975163 1506.4879318072947 -0.6179749444417568
A219BS010633 143.90051896769398 1506.9879311079542 -0.6179904307854434
A219BS010633 143.89968259661566 1507.4879304084347 -0.6179919918124656
A219BS010633 143.89884622553734 1507.9879297089153 -0.6179935528394878
A219BS010633 143.89800985445902 1508.4879290093959 -0.61799511386651
A219BS010633 143.8971734833807 1508.9879283098765 -0.6179966748935322
A219BS010633 143.89633711230238 1509.487927610357 -0.6179982359205544
A219BS010633 143.89550074122405 1509.9879269108376 -0.6179997969475766
A219BS010633 143.89466459729408 1510.4879262117004 -0.6179999495947078
A219BS010633 143.8938284533641 1510.9879255125632 -0.6180001022418391
A219BS010633 143.89299230943413 1511.487924813426 -0.6180002548889704
A219BS010633 143.89215616550416 1511.9879241142887 -0.6180004075361016
A219BS010633 143.8913200215742 1512.4879234151515 -0.6180005601832329
A219BS010633 143.89048387764421 1512.9879227160143 -0.6180007128303642
A219BS010633 143.88964775631894 1513.487922016915 -0.618000727340525
A219BS010633 143.88881163499366 1513.9879213178158 -0.6180007418506859
A219BS010633 143.88797551366838 1514.4879206187165 -0.6180007563608467
A219BS010633 143.8871393923431 1514.9879199196173 -0.6180007708710076
A219BS010633 143.88630327101782 1515.487919220518 -0.6180007853811684
A219BS010633 143.88546714969254 1515.9879185214188 -0.6180007998913293
A219BS010633 143.8843313726312 1516.4879172314277 -0.6180008065354666
A219BS010633 143.8839586537797 1516.6519977990538 -0.61800080871582
A219BS010427 143.8839586537797 1516.6519977990538 -0.61800080871582
A219BS010427 143.88281764991314 1517.1519964404863 -0.617762741820727
A219BS010427 143.88167664604657 1517.6519950819188 -0.617524674925634
A219BS010427 143.88053564218 1518.1519937233513 -0.617286608030541
A219BS010427 143.87939463831344 1518.6519923647838 -0.617048541135448
A219BS010427 143.87825363444688 1519.1519910062163 -0.6168104742403551
A219BS010427 143.8771126305803 1519.6519896476489 -0.6165724073452621
A219BS010427 143.87597162671375 1520.1519882890814 -0.6163343404501691
A219BS010427 143.87483062284718 1520.6519869305139 -0.6160962735550761
A219BS010427 143.87368961898062 1521.1519855719464 -0.6158582066599831
A219BS010427 143.87254861511406 1521.651984213379 -0.6156201397648902
A219BS010427 143.8714076112475 1522.1519828548114 -0.6153820728697972
A219BS010427 143.87026660738093 1522.651981496244 -0.6151440059747042
A219BS010427 143.86912560351436 1523.1519801376764 -0.6149059390796112
A219BS010427 143.8679845996478 1523.651978779109 -0.6146678721845182
A219BS010427 143.86684359578123 1524.1519774205415 -0.6144298052894253
A219BS010427 143.86570259191467 1524.651976061974 -0.6141917383943323
A219BS010427 143.8645615880481 1525.1519747034065 -0.6139536714992393
A219BS010427 143.86342058418154 1525.651973344839 -0.6137156046041463
A219BS010427 143.86227958031498 1526.1519719862715 -0.6134775377090533
A219BS010427 143.8611385764484 1526.651970627704 -0.6132394708139604
A219BS010427 143.85999757258185 1527.1519692691365 -0.6130014039188674
A219BS010427 143.85885656871528 1527.651967910569 -0.6127633370237744
A219BS010427 143.85771556484872 1528.1519665520016 -0.6125252701286814
A219BS010427 143.85657456098215 1528.651965193434 -0.6122872032335884
A219BS010427 143.8554335571156 1529.1519638348666 -0.6120491363384954
A219BS010427 143.85429255324902 1529.651962476299 -0.6118110694434025
A219BS010427 143.85315154938246 1530.1519611177316 -0.6115730025483095
A219BS010427 143.8520105455159 1530.6519597591641 -0.6113349356532165
A219BS010427 143.85086954164933 1531.1519584005966 -0.6110968687581235
A219BS010427 143.84972853778277 1531.6519570420292 -0.6108588018630305
A219BS010427 143.8485875339162 1532.1519556834617 -0.6106207349679376
A219BS010427 143.84744653004964 1532.6519543248942 -0.6103826680728446
A219BS010427 143.84630552618307 1533.1519529663267 -0.6101446011777516
A219BS010427 143.8451645223165 1533.6519516077592 -0.6099065342826586
A219BS010427 143.84402351844994 1534.1519502491917 -0.6096684673875656
A219BS010427 143.84288251458338 1534.6519488906242 -0.6094304004924727
A219BS010427 143.84174151071682 1535.1519475320567 -0.6091923335973797
A219BS010427 143.84060050685025 1535.6519461734893 -0.6089542667022867
A219BS010427 143.8394595029837 1536.1519448149218 -0.6087161998071937
A219BS010427 143.83831849911712 1536.6519434563543 -0.6084781329121007
A219BS010427 143.83717749525056 1537.1519420977868 -0.6082400660170078
A219BS010427 143.836036491384 1537.6519407392193 -0.6080019991219148
A219BS010427 143.83489548751743 1538.1519393806518 -0.6077639322268218
A219BS010427 143.83375448365086 1538.6519380220843 -0.6075258653317288
A219BS010427 143.8326134797843 1539.1519366635168 -0.6072877984366358
A219BS010427 143.83147247591774 1539.6519353049493 -0.6070497315415428
A219BS010427 143.83033147205117 1540.1519339463819 -0.6068116646464499
A219BS010427 143.8291904681846 1540.6519325878144 -0.6065735977513569
A219BS010427 143.82804946431804 1541.1519312292469 -0.6063355308562639
A219BS010427 143.82690846045148 1541.6519298706794 -0.6060974639611709
A219BS010427 143.8257674565849 1542.151928512112 -0.6058593970660779
A219BS010427 143.82462645271835 1542.6519271535444 -0.605621330170985
A219BS010427 143.82348544885178 1543.151925794977 -0.605383263275892
A219BS010427 143.82234444498522 1543.6519244364094 -0.605145196380799
A219BS010427 143.82120344111866 1544.151923077842 -0.604907129485706
A219BS010427 143.8200624372521 1544.6519217192745 -0.604669062590613
A219BS010427 143.81892143338553 1545.151920360707 -0.6044309956955201
A219BS010427 143.81778042951896 1545.6519190021395 -0.6041929288004271
A219BS010427 143.8166394256524 1546.151917643572 -0.6039548619053341
A219BS010427 143.81549842178583 1546.6519162850045 -0.6037167950102411
A219BS010427 143.81435741791927 1547.151914926437 -0.6034787281151481
A219BS010427 143.8132164140527 1547.6519135678695 -0.6032406612200552
A219BS010427 143.81207541018614 1548.151912209302 -0.6030025943249622
A219BS010427 143.81093440631957 1548.6519108507346 -0.6027645274298692
A219BS010427 143.809793402453 1549.151909492167 -0.6025264605347762
A219BS010427 143.80865239858645 1549.6519081335996 -0.6022883936396832
A219BS010427 143.80751139471988 1550.151906775032 -0.6020503267445902
A219BS010427 143.80637039085332 1550.6519054164646 -0.6018122598494973
A219BS010427 143.80522938698675 1551.1519040578971 -0.6015741929544043
A219BS010427 143.8040883831202 1551.6519026993296 -0.6013361260593113
A219BS010427 143.80294737925362 1552.1519013407622 -0.6010980591642183
A219BS010427 143.80180637538706 1552.6518999821947 -0.6008599922691253
A219BS010427 143.8006653715205 1553.1518986236272 -0.6006219253740324
A219BS010427 143.79952436765393 1553.6518972650597 -0.6003838584789394
A219BS010427 143.69093410181668 1554.139962117583 -0.5994597931524075
A219BS010427 143.58234383597943 1554.6280269701065 -0.5985357278258756
A219BS010427 143.47375357014218 1555.1160918226299 -0.5976116624993437
A219BS010427 143.36516330430493 1555.6041566751533 -0.5966875971728118
A219BS010427 143.25657303846768 1556.0922215276767 -0.59576353184628
A219BS010427 143.14798277263043 1556.5802863802 -0.5948394665197481
A219BS010427 143.03939250679318 1557.0683512327234 -0.5939154011932162
A219BS010427 142.93080224095593 1557.5564160852468 -0.5929913358666843
A219BS010427 142.82221197511868 1558.0444809377702 -0.5920672705401524
A219BS010427 142.71362170928143 1558.5325457902936 -0.5911432052136205
A219BS010427 142.60503144344418 1559.020610642817 -0.5902191398870886
A219BS010427 142.49644117760693 1559.5086754953404 -0.5892950745605567
A219BS010427 142.38785091176968 1559.9967403478638 -0.5883710092340249
A219BS010427 142.27926064593242 1560.4848052003872 -0.587446943907493
A219BS010427 142.17067038009517 1560.9728700529106 -0.5865228785809611
A219BS010427 142.06208011425792 1561.460934905434 -0.5855988132544292
A219BS010427 141.95348984842067 1561.9489997579574 -0.5846747479278973
A219BS010427 141.84489958258342 1562.4370646104808 -0.5837506826013654
A219BS010427 141.73630931674617 1562.9251294630042 -0.5828266172748335
A219BS010427 141.6517089468248 1563.4179149460924 -0.5805364062148534
A219BS010427 141.56710857690345 1563.9107004291807 -0.578246195154873
A219BS010427 141.4825082069821 1564.403485912269 -0.5759559840948926
A219BS010427 141.39790783706073 1564.8962713953572 -0.5736657730349122
A219BS010427 141.31330746713937 1565.3890568784454 -0.5713755619749318
A219BS010427 141.228707097218 1565.8818423615337 -0.5690853509149514
A219BS010427 141.14410672729664 1566.374627844622 -0.566795139854971
A219BS010427 141.05950635737528 1566.8674133277102 -0.5645049287949906
A219BS010427 140.97490598745392 1567.3601988107985 -0.5622147177350102
A219BS010427 140.89030561753256 1567.8529842938867 -0.5599245066750298
A219BS010427 140.8057052476112 1568.345769776975 -0.5576342956150494
A219BS010427 140.72110487768984 1568.8385552600632 -0.555344084555069
A219BS010427 140.63650450776848 1569.3313407431515 -0.5530538734950886
A219BS010427 140.55190413784712 1569.8241262262397 -0.5507636624351082
A219BS010427 140.46730376792576 1570.316911709328 -0.5484734513751278
A219BS010427 140.3827033980044 1570.8096971924163 -0.5461832403151474
A219BS010427 140.29810302808303 1571.3024826755045 -0.543893029255167
A219BS010427 140.21350265816167 1571.7952681585928 -0.5416028181951866
A219BS010427 140.1289022882403 1572.288053641681 -0.5393126071352062
A219BS010427 140.04430191831895 1572.7808391247693 -0.5370223960752258
A219BS010427 139.9597015483976 1573.2736246078575 -0.5347321850152454
A219BS010427 139.87510117847623 1573.7664100909458 -0.532441973955265
A219BS010427 139.79050080855487 1574.259195574034 -0.5301517628952847
A219BS010427 139.7479586462141 1574.5069978004321 -0.5290001068115231
A219BS010429 139.7479586462141 1574.5069978004321 -0.5290001068115231
A219BS010429 139.73281411091602 1575.006767434983 -0.5299775686303576
A219BS010429 139.71766957561795 1575.5065370695338 -0.5309550304491922
A219BS010429 139.69667346928372 1576.006096037855 -0.53098127353201
A219BS010429 139.67329629249343 1576.505549246426 -0.5309885951565364
A219BS010429 139.64991911570314 1577.0050024549969 -0.5309959167810628
A219BS010429 139.63001308402846 1577.5046060477553 -0.5309983494223299
A219BS010429 139.61237104253394 1578.0042945767914 -0.5306345889887196
A219BS010429 139.59586111770085 1578.5040216256248 -0.5300877377714595
A219BS010429 139.5797509711009 1579.0037619784612 -0.5298805577428384
A219BS010429 139.5638407120014 1579.5035087766103 -0.529843206367288
A219BS010429 139.54803039405314 1580.0032587456792 -0.5298907657182582
A219BS010429 139.53249471254486 1580.5030171636415 -0.5294829962174455
A219BS010429 139.51709635006878 1581.0027795938713 -0.5288475720434913
A219BS010429 139.50150676105713 1581.5025360600991 -0.5281848670665972
A219BS010429 139.486005529932 1582.0022954772935 -0.5276982879210649
A219BS010429 139.4705537886009 1582.5020566531807 -0.5275945298662255
A219BS010429 139.45512679454944 1583.0018185966828 -0.5276821740971401
A219BS010429 139.4396247512315 1583.5015781858826 -0.527483036444005
A219BS010429 139.42408518696715 1584.001336532107 -0.5271405141552747
A219BS010429 139.40852686356973 1584.5010942404037 -0.5267263027243977
A219BS010429 139.39302850952802 1585.0008539174637 -0.526468995851223
A219BS010429 139.3775601394955 1585.500614557709 -0.5262901378019713
A219BS010429 139.3621067609673 1586.0003756742378 -0.5261505024294515
A219BS010429 139.34649877175352 1586.5001318493325 -0.5257553728502742
A219BS010429 139.33081348269442 1586.9998854869511 -0.525232501854162
A219BS010429 139.31508954595506 1587.4996378391727 -0.524645763005785
A219BS010429 139.2995630465693 1587.99939661813 -0.5243446453012005
A219BS010429 139.28413526430015 1588.4991585199105 -0.5241863319029413
A219BS010429 139.26875683907954 1588.9989219604338 -0.5240994174717555
A219BS010429 139.2532111615609 1589.4986801924542 -0.5243029814698896
A219BS010429 139.23775634820825 1589.9984412028616 -0.5245879741771384
A219BS010429 139.2223384980553 1590.4982033244498 -0.5242537253940807
A219BS010429 139.20693913758527 1590.9979657131378 -0.523609869733308
A219BS010429 139.19154902375652 1591.4977281632594 -0.5228112177943516
A219BS010429 139.1760410697717 1591.9974871176112 -0.5221105692950856
A219BS010429 139.16047419897055 1592.497244306541 -0.5214589202824329
A219BS010429 139.14487787125844 1592.9970006083965 -0.5208317698876839
A219BS010429 139.1292845520054 1593.4967569853266 -0.5201898100704547
A219BS010429 139.11369273691773 1593.9965133996209 -0.519540445884292
A219BS010429 139.0981016738793 1594.496269832554 -0.5188873796847568
A219BS010429 139.0825416773457 1594.9960271596944 -0.5181799355325227
A219BS010429 139.06699721343853 1595.4957849309776 -0.5174453036639567
A219BS010429 139.05150617444653 1595.995544497495 -0.5168101775630023
A219BS010429 139.03591576033702 1596.49530080665 -0.5160548975787226
A219BS010429 139.02030001407633 1596.995056277671 -0.5152689883545342
A219BS010429 139.01495864294702 1597.1659978004172 -0.5150001678466793
A219BS010610 139.01495864294702 1597.1659978004172 -0.5150001678466793
A219BS010610 139.02970712088734 1597.6657700919648 -0.5181843474592517
A219BS010610 139.04445559882765 1598.1655423835123 -0.5213685270718241
A219BS010610 139.05920407676797 1598.6653146750598 -0.5245527066843966
A219BS010610 139.07395255470828 1599.1650869666073 -0.527736886296969
A219BS010610 139.0887010326486 1599.6648592581548 -0.5309210659095415
A219BS010610 139.10345376448026 1600.1646314165446 -0.5341064390335628
A219BS010610 139.11820649631193 1600.6644035749343 -0.537291812157584
A219BS010610 139.1329592281436 1601.164175733324 -0.5404771852816053
A219BS010610 139.14771195997525 1601.6639478917139 -0.5436625584056265
A219BS010610 139.16246469180692 1602.1637200501036 -0.5468479315296477
A219BS010610 139.17724077963317 1602.6634917139222 -0.550002495306161
A219BS010610 139.19202854542363 1603.1632631293344 -0.553141654401789
A219BS010610 139.28192422793873 1603.6551080770748 -0.5558460299861742
A219BS010610 139.40913312454182 1604.1386490201044 -0.5583063224815981
A219BS010610 139.55457329929857 1604.6170230458374 -0.5606402185132364
A219BS010610 139.70892838698114 1605.0925957033203 -0.5629105403335988
A219BS010610 139.94788281032365 1605.5317977054915 -0.5613662431040833
A219BS010610 140.2262972559912 1605.9470970564296 -0.5579245060342136
A219BS010610 140.52304109379784 1606.3494950430993 -0.5535707664901057
A219BS010610 140.82841212429798 1606.7453808662362 -0.5487802789915621
A219BS010610 141.20943700960686 1607.0691066125426 -0.5441243200433461
A219BS010610 141.62167064392912 1607.3520254127532 -0.5396095419968914
A219BS010610 142.07816659088454 1607.5559767826114 -0.5356994082152374
A219BS010610 142.55049376397625 1607.7199714329747 -0.5321222289638812
A219BS010610 143.0289559972206 1607.8650997653303 -0.5287077734411842
A219BS010610 143.51651789988045 1607.9759278319614 -0.52943627982279
A219BS010610 144.00742529110462 1608.0708120540542 -0.5320664203779416
A219BS010610 144.4996862392603 1608.1583729971512 -0.5355650150652198
A219BS010610 144.99252858672406 1608.2425825547618 -0.5394600058794708
A219BS010610 145.48562873994518 1608.3252603968913 -0.5435359492210947
A219BS010610 145.9788069343468 1608.407468670108 -0.547667338996945
A219BS010610 146.13795865303837 1608.4339977991767 -0.549000564575195
LN000000 146.13795865303837 1608.4339977991767 -0.549000564575195
LN000000 146.6378674556843 1608.4395482307295 -0.5412299953109083
LN000000 147.1378188798498 1608.444879870003 -0.5367414434779697
LN000000 147.6377834998755 1608.4501020236312 -0.5338940176170086
LN000000 148.13775268882657 1608.4552694140593 -0.5318671540872498
LN000000 148.63772885571876 1608.4600791607456 -0.5310311656957291
LN000000 149.13770735198358 1608.4647100787954 -0.5307906021991073
LN000000 149.6376867230365 1608.469251582572 -0.5308477421994641
LN000000 150.13764729542584 1608.475530450688 -0.5308910007490452
LN000000 150.63759620473738 1608.4826779508949 -0.5309273185503016
LN000000 151.13753871677972 1608.490259743153 -0.5309601660633562
LN000000 151.6375190165787 1608.4946863938935 -0.5312835484099372
LN000000 152.13751067986894 1608.497535431328 -0.5317521910816725
LN000000 152.6375061421954 1608.499595694134 -0.5322934582152974
LN000000 153.137481871359 1608.5045016985293 -0.5327421989192324
LN000000 153.63744165468725 1608.5108304479247 -0.5331446731020173
LN000000 154.13739194605108 1608.517870495172 -0.5335240146028132
LN000000 154.63737588064285 1608.5218626560231 -0.5338815084936407
LN000000 155.13736966818513 1608.5243309167997 -0.5342280743054927
LN000000 155.63736664009687 1608.5260372957473 -0.5345691754214629
LN000000 156.13734626465407 1608.5304888901203 -0.5338219571295056
LN000000 156.63731067668016 1608.5363129095983 -0.5325306382171482
LN000000 157.13729645832296 1608.5400221397485 -0.5318525772240423
LN000000 157.63728928751254 1608.5426740773626 -0.5314811126839628
LN000000 158.13728473122418 1608.5447974383633 -0.5312629254490523
LN000000 158.63728223239025 1608.543221083587 -0.5311448860451576
LN000000 159.13727049034995 1608.5397951117998 -0.5310769173380234
LN000000 159.63726571916087 1608.5376167252546 -0.5312375360336684
LN000000 160.13726322649964 1608.5360620260774 -0.5315124277954044
LN000000 160.6370767855824 1608.5224743138017 -0.532846681195122
LN000000 161.13668891051765 1608.5028719899228 -0.5347104183648217
LN000000 161.63643000725278 1608.4868161410757 -0.535733136194513
LN000000 162.13622559255083 1608.4725329332898 -0.5363355413232385
LN000000 162.63550530942794 1608.4457063278987 -0.5366478845559212
LN000000 163.1344090806278 1608.4126155572114 -0.536815150502915
LN000000 163.63357640374932 1608.3837769133381 -0.5373774202273451
LN000000 164.1328616904504 1608.3570631428452 -0.5381369924013578
LN000000 164.63220248333434 1608.3314109266973 -0.5389951117003375
LN000000 165.13017486887617 1608.2864486208998 -0.540371445652788
LN000000 165.62805026057922 1608.2404223299186 -0.5416656152948095
LN000000 166.12545180207843 1608.1895137908639 -0.5418304348959575
LN000000 166.62259796451522 1608.1361702433787 -0.5414315413579667
LN000000 167.1194523796852 1608.080176836085 -0.5420861142917226
LN000000 167.61568552667518 1608.0189183837474 -0.5418295102350156
LN000000 168.11158710631878 1607.9550347609452 -0.5411181420897757
LN000000 168.60562217429566 1607.8780402879206 -0.5400214503613017
LN000000 169.0985955698855 1607.794520408295 -0.5387326726639301
LN000000 169.58973753519874 1607.7008241705041 -0.5379678641389347
LN000000 170.08073959482593 1607.6063983839742 -0.5371028323126259
LN000000 170.57167146966583 1607.511608843325 -0.5361878188261814
LN000000 171.0600530815263 1607.4044485263098 -0.5359277153247328
LN000000 171.54724741556564 1607.2920133041773 -0.5358864359827161
LN000000 172.03033415643762 1607.1630669657754 -0.5356800227098698
LN000000 172.5111625570482 1607.0259394126897 -0.5353913170300039
LN000000 172.99094562321582 1606.8851979024391 -0.5351997153814277
LN000000 173.46101399490792 1606.7147992049793 -0.5351005249441592
LN000000 173.9213885416896 1606.5197215943151 -0.535050593983717
LN000000 174.37039979960963 1606.2997491516794 -0.5360579379787251
LN000000 174.81064617296488 1606.0627221353593 -0.537208712501134
LN000000 175.2378662136302 1605.8029475740384 -0.5376714698998976
LN000000 175.652935237515 1605.5241690719463 -0.5381736478236319
LN000000 176.05320109620527 1605.2245240762725 -0.538518516813049
LN000000 176.43490015062378 1604.9015600072087 -0.5387233333629439
LN000000 176.80691488865222 1604.5674866374388 -0.5388586119087504
LN000000 177.16780052991558 1604.2214213665338 -0.5382403859352489
LN000000 177.50850825236355 1603.8554729926318 -0.5380519641527096
LN000000 177.8365190049912 1603.4781019418654 -0.5382422380361487
LN000000 178.1581459236649 1603.0952756320294 -0.5386186444465973
LN000000 178.45653080029228 1602.6940694168857 -0.538422863823417
LN000000 178.7430944770638 1602.2843365385954 -0.5379457859915496
LN000000 179.0148557284103 1601.8646392420699 -0.5379063421801524
LN000000 179.26959839172 1601.4343995709057 -0.5379354374910771
LN000000 179.5098841724809 1600.9959218143297 -0.5379589341801241
LN000000 179.74299529777852 1600.5535880005284 -0.5379796804733822
LN000000 179.96188741750117 1600.1040514739236 -0.5362045265551998
LN000000 180.1495773770985 1599.640617172516 -0.5351427614847282
LN000000 180.3272494100644 1599.1732503704447 -0.5341830618264886
LN000000 180.4834170096064 1598.6982644659092 -0.5339159553175132
LN000000 180.6278224235513 1598.2195728649856 -0.5351107894699819
LN000000 180.76646656170817 1597.7391832650826 -0.5370174252110276
LN000000 180.88290224847984 1597.2529390877019 -0.5400720625482806
LN000000 180.98586656166094 1596.763663211456 -0.5428046684773237
LN000000 181.0683946177684 1596.2705290789156 -0.5456059679497821
LN000000 181.14092881961847 1595.775826376414 -0.5484389345059347
LN000000 181.2051255939747 1595.279973125082 -0.5513246416611973
LN000000 181.2548948483937 1594.7824788609942 -0.5560657928158332
LN000000 181.28814515436005 1594.2836085079482 -0.56083947117008
LN000000 181.3133619808212 1593.7842677518006 -0.5656270502196522
LN000000 181.33598106476688 1593.284795334815 -0.5695870643633448
LN000000 181.3505987122304 1592.7850168366776 -0.5723758243450852
LN000000 181.36133470299282 1592.285137043245 -0.5745963243175999
LN000000 181.36940981592875 1591.7852056992735 -0.5764520899330923
LN000000 181.37609555399342 1591.2852536027995 -0.5782415417303233
LN000000 181.3821077176001 1590.7852928385482 -0.579998840228668
LN000000 181.38811861685167 1590.2853316693759 -0.5816415240039623
LN000000 181.39321996503864 1589.7853593869986 -0.5829427161671116
LN000000 181.39788036765134 1589.285382396558 -0.5840783558266308
LN000000 181.40226841470286 1588.7854023270083 -0.5848999981955283
LN000000 181.40593262258963 1588.285415962353 -0.5853568782110128
LN000000 181.4092459202798 1587.7854270188438 -0.5856369262948136
LN000000 181.41231360888867 1587.2854366655379 -0.5861226088489072
LN000000 181.4157321055522 1586.7854488005325 -0.5867924804841925
LN000000 181.41932066759242 1586.2854622548202 -0.5875516438967144
LN000000 181.42305161390317 1585.7854765365853 -0.5881529764392962
LN000000 181.42636759070587 1585.2854875588175 -0.588315483624512
LN000000 181.42948239516778 1584.7854972634414 -0.5882652551896521
LN000000 181.43243792677853 1584.2855060489524 -0.5884894575363772
LN000000 181.43578657362562 1583.7855175318552 -0.589008432751034
LN000000 181.43932579504116 1583.2855304961913 -0.5896703087720647
LN000000 181.44304578712263 1582.7855446326098 -0.590216090291405
LN000000 181.44634986654276 1582.285555647568 -0.590528973422661
LN000000 181.44945231748252 1581.7855653128543 -0.5907289512656638
LN000000 181.45209702111802 1581.285572322594 -0.590852374509529
LN000000 181.45538564352108 1580.7855834915154 -0.5914471513044071
LN000000 181.45898642378697 1580.2855971351107 -0.5922704317467792
LN000000 181.46282557999575 1579.7856120223319 -0.5926549823023407
LN000000 181.46601265820922 1579.285622213514 -0.5928383144503857
LN000000 181.46888361873383 1578.7856304633553 -0.5929240994513241
LN000000 181.4716660846483 1578.2856383338558 -0.5932823198935933
LN000000 181.47503139619002 1577.7856499039506 -0.5937769299024322
LN000000 181.47867925851313 1577.2856635254525 -0.5943376587339319
LN000000 181.4816799745132 1576.7856726290695 -0.594652678654962
LN000000 181.48448468675596 1576.2856804958412 -0.5946699752225002
LN000000 181.48719437980392 1575.7856878544694 -0.5945429414894903
LN000000 181.4898580093618 1575.2856949882525 -0.5943459393669321
LN000000 181.49237638337894 1574.7857013987843 -0.5940846290930824
LN000000 181.49482434037787 1574.2857074768626 -0.5937921435472043
LN000000 181.49723816062345 1573.7857133980428 -0.5934845448685551
LN000000 181.49961470349788 1573.2857191482894 -0.5931647676127443
LN000000 181.5019731750592 1572.785724816778 -0.5928390864322716
LN000000 181.50432288601596 1572.2857304458919 -0.5925105431499404
LN000000 181.50666485464217 1571.7857360401351 -0.5921797941604382
LN000000 181.50900306994453 1571.2857416175204 -0.5918479758892061
LN000000 181.51133946571215 1570.7857471867442 -0.5915156392520506
LN000000 181.51381716073092 1570.285753436462 -0.5911829137935823
LN000000 181.51636335467097 1569.7857600304408 -0.5908499998520425
LN000000 181.51894275547008 1569.2857667946876 -0.5905169945400126
LN000000 181.52127669414645 1568.7857723531079 -0.5901836484862786
LN000000 181.52349163758907 1568.2857773703372 -0.5898501372768294
LN000000 181.52564889453706 1567.7857821354005 -0.5895165460100744
LN000000 181.5280196091582 1567.2857878668813 -0.589183139120525
LN000000 181.5304938035311 1566.7857940996585 -0.5888498216351375
LN000000 181.53301816272105 1566.2858005831615 -0.5885165474961873
LN000000 181.53546479342054 1565.7858066802332 -0.5881833315539461
LN000000 181.53787374292673 1565.28581259432 -0.5878501438271696
LN000000 181.54026442536164 1564.7858184207214 -0.5875169697793503
LN000000 181.54262903993612 1564.285824123334 -0.5871835363277798
LN000000 181.54498101734654 1563.7858297664252 -0.5868499771229407
LN000000 181.54732686851966 1563.285835380777 -0.5865163569555845
LN000000 181.54966684591446 1562.7858409674727 -0.5861829346665424
LN000000 181.5520039758224 1562.2858465407865 -0.5858496083048468
LN000000 181.55433972532737 1561.7858521076187 -0.5855163284467565
LN000000 181.55672323071556 1561.28585815028 -0.5849150573698718
LN000000 181.55923788931665 1560.7858647194146 -0.5844194936501563
LN000000 181.5618161281854 1560.2858715641964 -0.5839751746954444
LN000000 181.56442518942742 1559.7858785474064 -0.5835556981466217
LN000000 181.56721328046322 1559.285886372826 -0.5833278672876575
LN000000 181.57008816117326 1558.7858946560386 -0.5831929423276955
LN000000 181.5730051156489 1558.2859031728142 -0.5831030562221879
LN000000 181.57581101423816 1557.7859110849756 -0.5829054910104488
LN000000 181.57856307514348 1557.2859187212562 -0.5826557252111365
LN000000 181.58128903663786 1556.785926227843 -0.582380653655401
LN000000 181.58428883756645 1556.28593524978 -0.5822288313284079
LN000000 181.58742138978837 1555.7859450712376 -0.5821367576930403
LN000000 181.5906182969687 1555.2859552955404 -0.5820736489781005
LN000000 181.59357851740947 1554.785964092327 -0.5818897893593691
LN000000 181.596423996755 1554.2859722479027 -0.5816473922398563
LN000000 181.59921385195773 1553.7859801045754 -0.581376617374332
LN000000 181.6020957267067 1553.285988432244 -0.5812269605835705
LN000000 181.6050222105032 1552.7859970048953 -0.5811360192969157
LN000000 181.60797031980437 1552.2860057002229 -0.5810735420518292
LN000000 181.61079206622227 1551.7860136962265 -0.5808900022860295
LN000000 181.61355255444624 1551.2860213752554 -0.5806477739631188
LN000000 181.6162833459603 1550.7860289058017 -0.5803770946672064
LN000000 181.61928556075134 1550.2860379415608 -0.5802274820794002
LN000000 181.62241935546695 1549.7860477705935 -0.5801365601090142
LN000000 181.62561693725266 1549.28605799913 -0.5800740901110156
LN000000 181.62857750946952 1548.7860667979853 -0.5798902696336182
LN000000 181.63142318415188 1548.2860749547947 -0.579647621026014
LN000000 181.63421315888328 1547.786082812347 -0.5793764537970478
LN000000 181.63724620210044 1547.2860920342496 -0.5792265662818842
LN000000 181.64039707944184 1546.7861019706743 -0.5791354726155842
LN000000 181.64360508017288 1546.2861122659667 -0.5790728809545398
LN000000 181.64657096863817 1545.7861210962449 -0.5788892894095349
LN000000 181.6494194859219 1545.2861292690473 -0.5786470397177661
LN000000 181.65221110410224 1544.786137135512 -0.5783763538198945
LN000000 181.65509385706983 1544.2861454682334 -0.5782267298764524
LN000000 181.65802079013207 1543.7861540435133 -0.5781357941765681
LN000000 181.66096914073188 1543.2861627402647 -0.5780733092764798
LN000000 181.663791019688 1542.7861707370137 -0.5778897769370581
LN000000 181.66655158778224 1542.2861784164763 -0.5776475634061577
LN000000 181.66928243366183 1541.7861859473096 -0.5773769024993793
LN000000 181.67228465024974 1541.2861949830803 -0.5772272877921285
LN000000 181.67541842115605 1540.786204811966 -0.5771363537056611
LN000000 181.67861596665992 1540.2862150402725 -0.577073866719005
LN000000 181.68157654310573 1539.7862238391517 -0.5768900490781019
LN000000 181.68442224176263 1539.2862319960914 -0.5766474129724234
LN000000 181.68721225009256 1538.7862398538218 -0.5763762629574538
LN000000 181.69024528756427 1538.2862490756902 -0.5762263727234856
LN000000 181.6933961399778 1537.7862590119603 -0.5761352666207895
LN000000 181.69660410642877 1537.286269307035 -0.5760726577860071
LN000000 181.69941889987086 1536.7862772638655 -0.5758890684545891
LN000000 181.70204309086265 1536.2862842089714 -0.5756468304417064
LN000000 181.70457488182086 1535.786290692241 -0.5753761608495245
LN000000 181.70737528523458 1535.2862985611807 -0.5752130086300618
LN000000 181.71015525838888 1534.7863064095982 -0.5748664467857992
LN000000 181.71292532726844 1534.2863142725798 -0.5744309720239048
LN000000 181.71569059474308 1533.7863221483829 -0.5739523942541733
LN000000 181.71828693781544 1533.2863290719552 -0.5735251624012327
LN000000 181.7208013899603 1532.7863355563447 -0.5731228219313497
LN000000 181.72327614317436 1532.2863418331012 -0.5727325482558083
LN000000 181.72580496597135 1531.7863483186345 -0.5724316387270018
LN000000 181.7283964350841 1531.2863552332851 -0.5719856670799727
LN000000 181.73101827364732 1530.7863623739336 -0.5714693725533074
LN000000 181.73365483462266 1530.2863696283641 -0.5709189870627913
LN000000 181.7358862160363 1529.7863753846352 -0.5700374117369267
LN000000 181.73792117440965 1529.28638061175 -0.5689952831937454
LN000000 181.7398609111131 1528.7863856286665 -0.5678753221509126
LN000000 181.74195699248577 1528.2863906582468 -0.5670778274362871
LN000000 181.74412886585665 1527.786395786406 -0.5664366573058224
LN000000 181.74633748137458 1527.2864009840787 -0.5658712698154451
LN000000 181.74839914878947 1526.7864059936128 -0.5650000427710967
LN000000 181.75038957874702 1526.2864109948111 -0.5639805517750318
LN000000 181.7524827432219 1525.786416611155 -0.5628692576294844
LN000000 181.75468584493117 1525.2864223355007 -0.5619361681664168
LN000000 181.7569422415593 1524.7864281437608 -0.5610894683182484
LN000000 181.75922447430793 1524.2864340001167 -0.5602846481859932
LN000000 181.76123888567258 1523.7864389860965 -0.559321267751873
LN000000 181.76312346307094 1523.2864436198631 -0.5582810210419329
LN000000 181.76494509989126 1522.786448099271 -0.5572035113661198
LN000000 181.76717711245902 1522.286453852562 -0.5563252300663544
LN000000 181.76960806514234 1521.78646037319 -0.555543530393514
LN000000 181.77213545920037 1521.286467301006 -0.5548086513044858
LN000000 181.77473283388403 1520.7864744002952 -0.5542146113457751
LN000000 181.77736413345062 1520.2864816005126 -0.5536888469342856
LN000000 181.78045331143426 1519.7864917525465 -0.5529085199923783
LN000000 181.78318663450216 1519.286499759316 -0.5521766384645903
LN000000 181.78574744696118 1518.7865068189515 -0.5514682422711019
LN000000 181.7882246302597 1518.2865134412568 -0.5507712312411918
LN000000 181.79095470652894 1517.7865213598134 -0.5500891920692983
LN000000 181.79380737905643 1517.2865299529574 -0.5494144109618715
LN000000 181.7967194832641 1516.7865388839814 -0.5487431484056468
LN000000 181.7993507391916 1516.2865460637943 -0.5482369333527095
LN000000 181.80184584614534 1515.7865524710437 -0.5478107294843056
LN000000 181.80427495124908 1515.2865585217232 -0.54742331313643
LN000000 181.80714346243482 1514.786567219802 -0.546738005359232
LN000000 181.8102249861114 1514.286577404126 -0.5459082871551676
LN000000 181.81340977279137 1513.786588356617 -0.5450085623523344
LN000000 181.81618182129012 1513.2865964317095 -0.5443834427247027
LN000000 181.81875378328206 1512.7866032888064 -0.543891445291059
LN000000 181.82122874803244 1512.2866095970214 -0.5434639822707092
LN000000 181.82395732507385 1511.7866175394483 -0.5427588361045899
LN000000 181.82680884658032 1511.286626375898 -0.5419190761012582
LN000000 181.8297199683808 1510.786635669671 -0.5410140586851819
LN000000 181.8322651958412 1510.2866426831724 -0.5402824376733266
LN000000 181.83463304615128 1509.786648709261 -0.5396348751332668
LN000000 181.83748621746912 1509.2866571636478 -0.539074760205491
LN000000 181.84057465938795 1508.7866669702537 -0.5385570379095683
LN000000 181.84444553919334 1508.2866823026854 -0.5379667107084666
LN000000 181.84869572216095 1507.7867007583613 -0.5373411869635434
LN000000 181.85312978063632 1507.2867208325556 -0.5366986009721204
LN000000 181.85612504781244 1506.7867348733303 -0.5344471676385805
LN000000 181.85894322998297 1506.3163088869499 -0.5323288426593326